Epoch	AverageEpRet	StdEpRet	MaxEpRet	MinEpRet	EpLen	AverageVVals	StdVVals	MaxVVals	MinVVals	TotalEnvInteracts	LossPi	LossV	DeltaLossPi	DeltaLossV	Entropy	KL	ClipFrac	StopIter	Time
0	-38.189495	1.2125542	-36.830055	-40.029613	999.0	-0.02159293	0.022977443	0.033617266	-0.089191645	4000	1.5616416e-07	12.297786	-0.010173535	-11.606964	0.91893786	0.0045295586	0.026	79.0	2.95354962348938
1	-36.77165	1.3437651	-34.614067	-38.2941	999.0	-3.3641367	0.10460557	-2.8457549	-3.6447785	8000	5.9604646e-09	0.64634585	-0.0039549014	-0.01246047	0.8963852	0.0020493977	0.01225	79.0	6.0399370193481445
2	-34.733162	1.4942915	-32.501076	-36.36583	999.0	-3.2975502	0.05471459	-3.0666807	-3.4264362	12000	2.3841857e-09	0.6023902	-0.003488842	-0.031057358	0.87868667	0.0014282928	0.0095	79.0	9.242196083068848
3	-32.758297	1.500124	-31.634697	-35.319798	999.0	-3.117201	0.06464309	-2.8321774	-3.224116	16000	-1.192093e-10	0.53505456	-0.0029393737	-0.020723522	0.86147845	0.0005424509	0.00075	79.0	12.475337982177734
4	-32.799034	1.3123779	-30.694298	-34.242584	999.0	-2.9883335	0.030253831	-2.8371572	-3.038316	20000	1.9073487e-09	0.5292416	-0.0038453266	-0.001621604	0.84137905	0.002264589	0.00575	79.0	15.65208625793457
5	-30.378168	0.61208713	-29.533587	-31.171778	999.0	-2.9676006	0.010577878	-2.9125054	-2.9891665	24000	6.198883e-09	0.4800359	-0.0054186727	-0.055383533	0.8188076	0.0029557832	0.03025	79.0	18.896092176437378
6	-30.23984	0.9871822	-29.278076	-31.887459	999.0	-2.7276351	0.017169394	-2.590195	-2.7408001	28000	-7.1525574e-10	0.40897733	-0.0066003064	-0.001283139	0.79656017	0.0033841343	0.029	79.0	22.244328022003174
7	-27.29482	1.1227868	-25.93728	-28.867413	999.0	-2.7152996	0.011324726	-2.6412952	-2.7313874	32000	-1.26361845e-08	0.42050976	-0.004085581	-0.068143725	0.7742407	0.0020747765	0.01925	79.0	25.61201047897339
8	-26.623253	1.654546	-24.077972	-28.69947	999.0	-2.449807	0.014721799	-2.371445	-2.4787865	36000	-9.298325e-09	0.32595542	-0.003748698	-0.0013277233	0.7562276	0.00081705954	0.0055	79.0	28.96496081352234
9	-25.3007	1.1164011	-23.880054	-26.653334	999.0	-2.4183214	0.008514215	-2.3697488	-2.4339309	40000	-3.8146974e-09	0.3085611	-0.0033905227	-0.016643614	0.7342128	0.0004360844	0.00525	79.0	32.11732029914856
10	-24.9916	0.56205755	-24.410807	-25.879572	999.0	-2.289323	0.014430499	-2.2103894	-2.307986	44000	9.536744e-10	0.30368048	-0.0059316717	-0.0020145774	0.7137144	0.0032761784	0.0205	79.0	35.26181769371033
11	-22.543892	0.5731133	-21.937134	-23.373053	999.0	-2.2487078	0.011356377	-2.187512	-2.268324	48000	-2.861023e-09	0.24682836	-0.004525264	-0.045592815	0.6874111	0.005099001	0.01975	79.0	38.51242685317993
12	-22.693312	0.21031575	-22.457909	-23.030577	999.0	-2.0321727	0.008231402	-1.9912181	-2.0444298	52000	4.053116e-09	0.2778286	-0.00585513	-0.00022143126	0.66868865	0.0042378996	0.02775	79.0	41.75486469268799
13	-21.925323	0.5367879	-21.336023	-22.750393	999.0	-2.0391147	0.006964992	-2.0093634	-2.051949	56000	-3.0994416e-09	0.22751276	-0.0043113343	-0.0020537078	0.6474587	0.00212019	0.00925	79.0	44.91279911994934
14	-21.169388	0.49139214	-20.506123	-21.817404	999.0	-1.9942473	0.023033718	-1.878324	-2.022429	60000	-4.2915342e-09	0.18780333	-0.004391684	-0.0089543015	0.62468797	0.0013891099	0.00725	79.0	48.07455849647522
15	-19.587454	1.0579166	-18.210598	-21.102804	999.0	-1.9106089	0.01235449	-1.8393303	-1.9374766	64000	4.529953e-09	0.1982548	-0.00410708	-0.019837052	0.5995325	0.0016783485	0.007	79.0	51.23384380340576
16	-19.1249	0.50189096	-18.462128	-19.798555	999.0	-1.7688296	0.023533469	-1.6639069	-1.8150666	68000	-8.34465e-09	0.21782015	-0.0060846643	-0.0022832304	0.5747044	0.0021556166	0.0085	79.0	54.40819811820984
17	-17.829588	0.6742171	-17.298414	-18.976225	999.0	-1.7306508	0.010688265	-1.6859305	-1.7548804	72000	-4.7683715e-09	0.18100756	-0.0058824862	-0.015716687	0.5449304	0.0006089816	0.01825	79.0	57.555296659469604
18	-16.858793	0.5352469	-15.944618	-17.308199	999.0	-1.6070732	0.011977294	-1.5554156	-1.6290666	76000	1.2040139e-08	0.16814196	-0.0056799315	-0.00626944	0.5194895	0.0037123282	0.018	79.0	60.70872712135315
19	-15.439143	0.64504504	-14.335383	-15.952065	999.0	-1.5280188	0.008276632	-1.4974266	-1.5450906	80000	1.9073487e-09	0.11997943	-0.0036132424	-0.021069326	0.49656373	0.0030607563	0.01625	79.0	63.995906352996826
20	-15.41189	0.43103862	-14.88076	-15.881447	999.0	-1.3915553	0.013149267	-1.3431343	-1.4132493	84000	-7.033348e-09	0.1130024	-0.0044700634	-0.000644587	0.4776345	0.0023559853	0.01375	79.0	67.17511510848999
21	-15.024753	0.41856402	-14.348059	-15.430978	999.0	-1.3950105	0.0063778968	-1.3575182	-1.4049151	88000	2.3841857e-09	0.11586449	-0.0046533034	-0.0018311441	0.45725533	0.0017108629	0.0035	79.0	70.38435173034668
22	-13.904285	0.33924413	-13.507042	-14.434646	999.0	-1.3549922	0.011771514	-1.295267	-1.3710427	92000	1.7881394e-08	0.10097653	-0.0037360492	-0.009946138	0.43188456	0.0022394639	0.008	79.0	73.58624768257141
23	-13.185492	0.27544034	-12.775429	-13.480037	999.0	-1.2557735	0.012088831	-1.1917572	-1.274794	96000	-1.5974045e-08	0.085909665	-0.0007809556	-0.0034558326	0.410207	0.01673239	0.19025	3.0	76.27645897865295
24	-13.3757515	0.86484003	-12.020734	-14.428604	999.0	-1.1988935	0.00883349	-1.1632308	-1.2141703	100000	5.00679e-09	0.084505126	-0.0045531294	-0.00023365766	0.40945023	0.0019695838	0.0155	79.0	79.49269533157349
25	-12.490375	0.30555284	-12.005916	-12.83709	999.0	-1.1867422	0.009552637	-1.1224625	-1.2041306	104000	-1.1920929e-09	0.07684281	-0.0037611315	-0.0038009882	0.38786694	0.0003338086	0.00325	79.0	82.6467981338501
26	-11.510735	0.28527102	-11.060749	-11.779735	999.0	-1.1287823	0.010219339	-1.0702649	-1.1407702	108000	-3.5762786e-09	0.077781685	-0.0045806165	-0.0080886185	0.3644308	0.00044284965	0.007	79.0	85.80611896514893
27	-11.658134	0.349957	-11.318748	-12.153853	999.0	-1.0406654	0.0037111845	-1.0212477	-1.0483317	112000	3.695488e-09	0.06467784	-0.004570548	-0.00040446222	0.3385721	0.0021856404	0.01175	79.0	89.05976057052612
28	-10.983557	0.21200821	-10.773517	-11.235132	999.0	-1.0514038	0.007302398	-1.0159433	-1.0621005	116000	6.198883e-09	0.06414487	-0.0045977365	-0.0031872503	0.31473416	0.001080821	0.00975	79.0	92.31263136863708
29	-10.2564335	0.32215357	-9.765297	-10.665227	999.0	-0.99294066	0.013156105	-0.9114089	-1.0118246	120000	2.7418137e-08	0.050597373	-0.003751357	-0.0047450103	0.28973526	0.001862184	0.0075	79.0	95.53275656700134
30	-10.202162	0.39473474	-9.685831	-10.781202	999.0	-0.924556	0.0077059646	-0.88110363	-0.93486	124000	4.529953e-09	0.047152158	-0.0048664273	-0.00019329786	0.26889628	0.001288209	0.0065	79.0	98.69841003417969
31	-9.348698	0.28869	-9.080323	-9.833813	999.0	-0.91753066	0.013251789	-0.8547971	-0.9309827	128000	4.053116e-09	0.043898053	-0.0036253694	-0.0041205958	0.24370386	0.00064495933	0.0085	79.0	101.99246978759766
32	-9.2058115	0.118427396	-9.05555	-9.338289	999.0	-0.85221094	0.012721748	-0.76022786	-0.861889	132000	-5.7816507e-09	0.039153	-0.0040312847	-0.0005915165	0.22220626	0.0014469196	0.006	79.0	105.22989058494568
33	-8.778202	0.1836444	-8.540886	-9.056076	999.0	-0.8387816	0.009006111	-0.79987603	-0.846319	136000	1.45435335e-08	0.037157048	-0.0055949404	-0.0024472065	0.19843808	0.0037554698	0.02125	79.0	108.46125149726868
34	-8.134972	0.4178002	-7.6230855	-8.654699	999.0	-0.7944439	0.004639058	-0.772911	-0.80117464	140000	1.5735626e-08	0.033522926	-0.0035233893	-0.0032135677	0.17444056	0.0004884084	0.0035	79.0	111.65208506584167
35	-8.024323	0.46633673	-7.650906	-8.8072195	999.0	-0.7357053	0.011530135	-0.68414366	-0.74698526	144000	1.2874604e-08	0.029573863	-0.00370394	-0.00023014098	0.15168634	0.0002961334	0.0025	79.0	114.79160332679749
36	-7.8074927	0.38100547	-7.239103	-8.248742	999.0	-0.72547597	0.007518984	-0.69052154	-0.73486996	148000	-3.0994416e-09	0.029008625	-0.0042019924	-0.00057563	0.1282711	0.0024299964	0.00925	79.0	117.96302223205566
37	-7.274337	0.24044886	-6.9321294	-7.525882	999.0	-0.7020187	0.00745064	-0.6667459	-0.7103636	152000	-3.8146974e-09	0.025444526	-0.0036890716	-0.0020865686	0.10598443	0.0009054166	0.00475	79.0	121.11344361305237
38	-7.256218	0.120950416	-7.0514903	-7.360898	999.0	-0.6580465	0.01317473	-0.5710609	-0.67298895	156000	-5.2452087e-09	0.026102914	-0.004746307	-0.0004606191	0.0822071	0.0041120015	0.01425	79.0	124.25902891159058
39	-6.59858	0.11925699	-6.454594	-6.746437	999.0	-0.6580126	0.006031044	-0.6348894	-0.66546154	160000	-1.9073487e-09	0.021625511	-0.0034184488	-0.0037661754	0.05844787	0.0018235128	0.00875	79.0	127.5320987701416
40	-6.436968	0.2424556	-6.105486	-6.751614	999.0	-0.59664416	0.0035993822	-0.5666672	-0.60225487	164000	-1.1444092e-08	0.019345973	-0.0066976943	-0.00069383904	0.037416033	0.0024213651	0.018	79.0	130.83178448677063
41	-5.9246764	0.08851161	-5.823847	-6.0506306	999.0	-0.57056993	0.0059806663	-0.54682523	-0.578531	168000	9.536744e-10	0.017116725	-0.0041960934	-0.0011703204	0.009552002	0.0014438982	0.008	79.0	134.1131889820099
42	-5.445337	0.11631016	-5.3009663	-5.6225395	999.0	-0.5374715	0.0041994536	-0.52197915	-0.5440685	172000	-1.0728836e-09	0.013772246	-0.0029356834	-0.0023350185	-0.015700577	0.0037493643	0.01175	79.0	137.32413625717163
43	-5.4059386	0.20984985	-5.126452	-5.7156568	999.0	-0.48738077	0.0074070944	-0.45247617	-0.49655756	176000	-3.5762786e-09	0.015684115	-0.004836602	-4.220754e-05	-0.032001555	0.00077182235	0.009	79.0	140.53003573417664
44	-5.236778	0.25677136	-4.8350506	-5.5501547	999.0	-0.4931085	0.005537833	-0.4521918	-0.50276464	180000	8.702278e-09	0.013219121	-0.0061404854	-0.0005973559	-0.056985717	0.002931022	0.034	79.0	143.77254724502563
45	-4.9517303	0.06657203	-4.884326	-5.021098	999.0	-0.47144976	0.0060701505	-0.43370926	-0.47990954	184000	4.768372e-10	0.011706129	-0.004899519	-0.0007612398	-0.07906854	0.0011226606	0.01675	79.0	146.9678168296814
46	-4.88919	0.16102901	-4.7178597	-5.117996	999.0	-0.4449773	0.009379486	-0.39423573	-0.45566833	188000	5.9604646e-09	0.011741391	-0.0054655815	-0.00016280077	-0.10062415	0.0024896837	0.012	79.0	150.18222761154175
47	-4.5701785	0.19590372	-4.274795	-4.785872	999.0	-0.43967524	0.0058394214	-0.41123912	-0.44749886	192000	-1.9073487e-09	0.0118766	-0.006154555	-0.00086000003	-0.12708876	0.001056372	0.006	79.0	153.35713911056519
48	-4.3178267	0.2478779	-3.9118092	-4.5648484	999.0	-0.41184077	0.005103283	-0.3900644	-0.42052177	196000	2.026558e-09	0.009427833	-0.004655799	-0.00066880323	-0.15825915	0.00325953	0.019	79.0	156.54190373420715
49	-4.077497	0.048119873	-4.0377626	-4.1588216	999.0	-0.38648364	0.0040642153	-0.3672008	-0.3942657	200000	-8.106232e-09	0.009244882	-0.005467627	-0.0004601162	-0.17948721	0.0023077386	0.01175	79.0	159.7256157398224
50	-3.817974	0.11838617	-3.7221622	-4.019171	999.0	-0.36432514	0.0046332763	-0.34289408	-0.37348503	204000	-1.8835069e-08	0.008417233	-0.0054050004	-0.0003418252	-0.20575961	0.00071203435	0.0055	79.0	162.94588828086853
51	-3.5565434	0.19104366	-3.2869437	-3.8267713	999.0	-0.34690118	0.0028169844	-0.33148405	-0.35421795	208000	1.9073487e-09	0.0076507977	-0.0054936325	-0.0007204418	-0.23389432	0.0006204543	0.0075	79.0	166.18723821640015
52	-3.5319655	0.1364616	-3.4133475	-3.7466917	999.0	-0.31920978	0.0063886847	-0.27752417	-0.3312239	212000	8.5830685e-09	0.0045965933	-0.0026575564	-5.10714e-05	-0.26223752	0.0008145871	0.00275	79.0	169.32993388175964
53	-3.1111212	0.1148242	-2.9232957	-3.2350616	999.0	-0.3196171	0.0041366667	-0.29697707	-0.3282829	216000	7.867813e-09	0.006497319	-0.004722424	-0.0015030634	-0.28227836	0.0009810824	0.00875	79.0	172.5882694721222
54	-3.2508001	0.1540954	-3.0702653	-3.4519434	999.0	-0.28288728	0.0017043378	-0.27537218	-0.2868156	220000	1.5497207e-08	0.0054374696	-0.004396066	-0.00011627143	-0.3029465	0.0018431465	0.00525	79.0	175.8584611415863
55	-2.9668975	0.11566904	-2.7801733	-3.0829282	999.0	-0.29308376	0.0023727706	-0.27986687	-0.2976679	224000	-2.6226044e-08	0.0047792043	-0.003835086	-0.0005946625	-0.32855225	0.0042546	0.014	79.0	179.10755681991577
56	-2.9248414	0.105450906	-2.8396149	-3.1055043	999.0	-0.26755902	0.0033016878	-0.2534748	-0.2740478	228000	-1.6689301e-09	0.0046461564	-0.005812552	-5.5402517e-05	-0.345665	0.0008995789	0.0075	79.0	182.31401777267456
57	-2.7244852	0.09905067	-2.5647066	-2.8273437	999.0	-0.2614901	0.0042647393	-0.23729649	-0.2680682	232000	-2.384186e-10	0.0040319413	-0.0055744178	-0.0002544804	-0.37327582	0.0010293132	0.01125	79.0	185.4443814754486
58	-2.7096918	0.12313707	-2.5577407	-2.9000835	999.0	-0.24688835	0.0016047206	-0.2390176	-0.24948853	236000	2.2649764e-09	0.0040079593	-0.005478336	-1.8560793e-05	-0.39961252	0.002583004	0.01575	79.0	188.59794402122498
59	-2.4853084	0.036202896	-2.4446714	-2.540065	999.0	-0.24119982	0.0036617892	-0.22038002	-0.24591354	240000	2.1457671e-09	0.00329326	-0.00397571	-0.00028037094	-0.42580056	0.0013416092	0.00675	79.0	191.79549884796143
60	-2.346618	0.09219455	-2.2437568	-2.4735312	999.0	-0.22501752	0.003805899	-0.20609006	-0.22972786	244000	-2.7298928e-08	0.003130416	-0.005521648	-0.00021305494	-0.4480048	0.0015319206	0.011	79.0	195.08863806724548
61	-2.3091264	0.1298178	-2.1466088	-2.481711	999.0	-0.210509	0.004049168	-0.18529803	-0.21445614	248000	-8.106232e-09	0.0029271946	-0.0057963063	-5.552778e-06	-0.47510833	0.002437504	0.01275	79.0	198.34561705589294
62	-2.1446023	0.05224567	-2.090947	-2.221253	999.0	-0.2079418	0.004041314	-0.18741691	-0.212365	252000	-2.3841857e-09	0.0026721854	-0.0044339597	-0.00022957637	-0.5020818	0.0012912289	0.00975	79.0	201.5866982936859
63	-2.1230068	0.07885618	-2.0215313	-2.2014692	999.0	-0.19449471	0.001562569	-0.18405765	-0.19696602	256000	2.384186e-10	0.001918692	-0.0052369824	-4.3663895e-06	-0.52414703	0.0020540627	0.02175	79.0	204.79067087173462
64	-2.0014317	0.05062024	-1.949813	-2.0848541	999.0	-0.18923572	0.0059090224	-0.16009477	-0.19622225	260000	3.5762786e-09	0.0019926738	-0.0042091426	-8.117268e-05	-0.5448178	0.0019181613	0.006	79.0	208.07192301750183
65	-1.8877069	0.048708353	-1.8418721	-1.9613427	999.0	-0.18402731	0.0013267624	-0.17544383	-0.18696746	264000	1.1205673e-08	0.0019056639	-0.0043407977	-0.00013837183	-0.56748176	0.00048570425	0.0045	79.0	211.29309630393982
66	-1.8691674	0.052756898	-1.7796502	-1.9101727	999.0	-0.17033738	0.0025500199	-0.16265027	-0.17520231	268000	1.3351441e-08	0.0014471051	-0.004132576	-5.727983e-06	-0.5920137	0.0013933134	0.014	79.0	214.50953102111816
67	-1.6974494	0.11653811	-1.5188441	-1.8432361	999.0	-0.16924433	0.002411702	-0.15987584	-0.17294836	272000	-5.6028364e-09	0.0015335344	-0.0032057927	-0.00025202997	-0.6130042	0.000707347	0.00475	79.0	217.74257969856262
68	-1.675295	0.03376989	-1.6180722	-1.7035227	999.0	-0.1536961	0.003338564	-0.13460487	-0.15794225	276000	-8.5830685e-09	0.0015185828	-0.0055223904	-4.769885e-06	-0.6332679	0.0019364251	0.00975	79.0	220.9454493522644
69	-1.5978886	0.050200313	-1.5427305	-1.6640323	999.0	-0.15112062	0.0039878273	-0.13428767	-0.15570682	280000	-7.1525574e-10	0.0013560563	-0.005479385	-5.8552716e-05	-0.6587988	0.002299616	0.009	79.0	224.17224669456482
70	-1.488164	0.038810056	-1.4428059	-1.5421298	999.0	-0.14176571	0.0051846015	-0.11506588	-0.14857684	284000	-1.1324882e-08	0.0010349695	-0.005287717	-6.1097904e-05	-0.68616986	0.0026359216	0.01375	79.0	227.42826747894287
71	-1.4277914	0.07047113	-1.3558731	-1.5215111	999.0	-0.13722472	0.0016805909	-0.12777656	-0.13929091	288000	1.502037e-08	0.0011367813	-0.004396511	-8.436979e-05	-0.7107294	0.0013010894	0.00475	79.0	230.64199924468994
72	-1.320335	0.0494742	-1.256066	-1.3831257	999.0	-0.12761775	0.004112321	-0.1093924	-0.13221326	292000	9.536744e-10	0.0008917864	-0.0034463701	-7.8952464e-05	-0.7360209	0.00054370164	0.00575	79.0	233.91111493110657
73	-1.2898796	0.05457325	-1.2164828	-1.3677856	999.0	-0.11998458	0.002268961	-0.1102599	-0.12279254	296000	-1.1920929e-08	0.0009700401	-0.0056782565	-1.625932e-05	-0.7564017	0.0023659002	0.01325	79.0	237.16175436973572
74	-1.1749473	0.05020481	-1.0992004	-1.23923	999.0	-0.11736024	0.0011245634	-0.11116667	-0.11902295	300000	2.503395e-08	0.00069830404	-0.0035887628	-0.00012583885	-0.78224164	0.0009206992	0.011	79.0	240.40275764465332
75	-1.1627159	0.011550689	-1.1483368	-1.1794907	999.0	-0.10601836	0.001349379	-0.09950034	-0.10786287	304000	-2.6226044e-09	0.00062164036	-0.0039746873	-2.3834873e-06	-0.8021674	0.0009278242	0.00425	79.0	243.58884239196777
76	-1.1497319	0.033431966	-1.0942694	-1.1768688	999.0	-0.104148105	0.0026013192	-0.09403979	-0.10712883	308000	7.1525574e-10	0.0005608148	0.0014934082	-1.2638047e-06	-0.82561725	0.016472962	0.2305	2.0	246.31656503677368
77	-1.0890346	0.026813813	-1.0645534	-1.1332424	999.0	-0.10484426	0.0013391132	-0.09907211	-0.10649109	312000	1.7166137e-08	0.0005727295	0.0034503874	-4.0810264e-05	-0.8261724	0.016476236	0.23525	3.0	249.0209653377533
78	-1.1628861	0.05491889	-1.0902516	-1.218658	999.0	-0.09793727	0.0013203924	-0.092126496	-0.099838465	316000	1.013279e-08	0.0007355954	-0.00626866	-4.1849155e-05	-0.8269902	0.003656661	0.014	79.0	252.26282334327698
79	-1.0709342	0.035698313	-1.0103635	-1.1023519	999.0	-0.10474228	0.0013754291	-0.09852496	-0.106424056	320000	2.6226044e-09	0.00070982554	-0.0051297992	-5.9788872e-05	-0.853788	0.0025162518	0.0085	79.0	255.47248649597168
80	-0.9836482	0.009978266	-0.9672987	-0.994247	999.0	-0.09713429	0.0017201867	-0.088244565	-0.09911507	324000	5.722046e-09	0.0005100686	-0.004174821	-6.638191e-05	-0.87939405	0.0014207959	0.005	79.0	258.68924164772034
81	-0.96489173	0.030104892	-0.93219566	-1.01388	999.0	-0.08940671	0.0005706713	-0.087125674	-0.090297945	328000	-5.2452087e-09	0.0003931585	-0.0038602734	-7.303519e-06	-0.9033739	0.0021425772	0.01175	79.0	261.90050768852234
82	-0.91737765	0.017958527	-0.8929069	-0.9433293	999.0	-0.08386757	0.00427589	-0.06519121	-0.08831617	332000	1.525879e-08	0.00038970186	-0.0040496746	-5.460053e-06	-0.92330337	0.0017968157	0.004	79.0	265.076553106308
83	-0.9011833	0.043414008	-0.84175193	-0.96045256	999.0	-0.08495652	0.0010208781	-0.080253266	-0.08644861	336000	-8.106232e-09	0.00043089682	0.0044272845	-1.3399229e-05	-0.9469448	0.021636207	0.27575	2.0	267.7707793712616
84	-0.8840271	0.0228905	-0.85256535	-0.913999	999.0	-0.08105183	0.0019954036	-0.07081619	-0.082973756	340000	-8.46386e-09	0.00044402297	-0.006514127	-1.4740508e-06	-0.947523	0.0013217424	0.01925	79.0	270.98797631263733
85	-0.83748055	0.04876657	-0.76225317	-0.89760077	999.0	-0.079025604	0.0042984267	-0.05728595	-0.08176825	344000	-5.722046e-09	0.0004222009	-0.0062954132	-1.6963371e-05	-0.9742872	0.0020413436	0.0125	79.0	274.22551679611206
86	-0.79316115	0.028311512	-0.7649274	-0.83125925	999.0	-0.07640802	0.0008733154	-0.07282973	-0.077311896	348000	2.5272369e-08	0.0003421604	-0.0051565985	-2.2622e-05	-1.0009937	0.0012095321	0.0125	79.0	277.4623076915741
87	-0.74455917	0.046630085	-0.68206763	-0.80803764	999.0	-0.071501434	0.0011842069	-0.0660272	-0.072705664	352000	4.768372e-10	0.00026803778	-0.0042366614	-1.5493657e-05	-1.025169	0.002361876	0.02025	79.0	280.66122794151306
88	-0.7495601	0.023714632	-0.7123755	-0.7771793	999.0	-0.0667055	0.0020580587	-0.055797964	-0.068864286	356000	7.152557e-09	0.00025583486	-0.003760487	-2.558867e-06	-1.045836	0.0020265789	0.0075	79.0	283.84280920028687
89	-0.71219265	0.00432935	-0.7063437	-0.7178258	999.0	-0.06863855	0.0009404721	-0.06564653	-0.07025098	360000	1.9073487e-09	0.00024256247	-0.0031609691	-2.1563072e-05	-1.0671747	0.004197017	0.012	79.0	287.0759742259979
90	-0.6611794	0.044461105	-0.6117634	-0.73185587	999.0	-0.064217195	0.0012360069	-0.05834055	-0.06568443	364000	-5.3644182e-09	0.00021926092	-0.0035769825	-2.1531217e-05	-1.0837091	0.0024723469	0.0095	79.0	290.34539818763733
91	-0.6397097	0.027921632	-0.6051147	-0.6672081	999.0	-0.0599096	0.0006640088	-0.056324214	-0.06075996	368000	-8.106232e-09	0.00023034713	-0.005078636	-5.2650284e-06	-1.1024239	0.00086533744	0.0045	79.0	293.51105284690857
92	-0.5914464	0.023909979	-0.56740993	-0.6258761	999.0	-0.056979522	0.0012660109	-0.05142679	-0.05867535	372000	-1.2874604e-08	0.0001733622	-0.003808585	-1.3492565e-05	-1.1295624	0.00053677376	0.0045	79.0	296.72207951545715
93	-0.56061566	0.015606445	-0.54612195	-0.58395934	999.0	-0.05353904	0.0011269613	-0.049456008	-0.054990835	376000	1.4305114e-08	0.00014948324	-0.0038562075	-9.6387375e-06	-1.1526349	-0.0012800427	0.00775	79.0	299.9507668018341
94	-0.5637636	0.015509392	-0.5464961	-0.58803636	999.0	-0.05105653	0.00053693086	-0.048138104	-0.051825322	380000	-1.7642975e-08	0.00013737107	-0.0030088853	-9.0454705e-08	-1.1748745	0.00095673965	0.00725	79.0	303.14352655410767
95	-0.5223536	0.029006159	-0.47763458	-0.55882186	999.0	-0.05052041	0.0012540104	-0.043395624	-0.051677167	384000	-3.5762787e-10	0.00016668114	-0.0050945277	-1.2157747e-05	-1.1939023	0.001488294	0.01375	79.0	306.3645215034485
96	-0.51024544	0.014846505	-0.49287927	-0.5294004	999.0	-0.046627946	0.0015965069	-0.04092729	-0.04839842	388000	-1.2874604e-08	0.00012731744	-0.0034396453	-2.9586954e-07	-1.2197572	0.0007098811	0.0065	79.0	309.55640053749084
97	-0.47624725	0.0027025677	-0.47224575	-0.47950408	999.0	-0.04680699	0.0016556088	-0.039224356	-0.048059404	392000	4.053116e-09	0.00011391281	-0.004528602	-1.5075522e-05	-1.2415361	-0.00021134448	0.005	79.0	312.8167269229889
98	-0.4669278	0.020849884	-0.43456152	-0.48989713	999.0	-0.042715646	0.0013340316	-0.037466347	-0.04390794	396000	1.9311905e-08	0.000102610626	-0.0031876762	-1.2661767e-06	-1.2638916	7.332286e-05	0.0045	79.0	316.0308232307434
99	-0.46000645	0.013554764	-0.44566438	-0.48227713	999.0	-0.04132008	0.0012931005	-0.036682308	-0.042692572	400000	9.536744e-10	8.934827e-05	-0.004242806	-1.0172589e-06	-1.2851659	0.0015660028	0.00625	79.0	319.2082607746124
100	-0.42916638	0.0273945	-0.39320722	-0.46530938	999.0	-0.042434577	0.00071518274	-0.03957907	-0.043247238	404000	-9.059906e-09	0.00012308556	-0.005642678	-1.4593577e-05	-1.3098956	0.0010687007	0.00375	79.0	322.48668241500854
101	-0.40721768	0.022206988	-0.37624606	-0.43902385	999.0	-0.03819583	0.001330549	-0.033025995	-0.03959641	408000	-4.7683715e-09	8.304732e-05	-0.0042966623	-1.8367282e-06	-1.3392887	0.0017448227	0.01	79.0	325.66830039024353
102	-0.38837108	0.0041530035	-0.38412803	-0.3952342	999.0	-0.03702366	0.00112779	-0.032787107	-0.03821619	412000	5.9604643e-10	7.2464216e-05	-0.0041515105	-2.968729e-06	-1.3607734	0.0025272556	0.02	79.0	328.9121153354645
103	-0.38000196	0.006618665	-0.3724632	-0.38661307	999.0	-0.03529866	0.0012611578	-0.030192234	-0.03668613	416000	-1.0490417e-08	7.0507405e-05	-0.0055112774	-1.4959733e-06	-1.3815056	0.002119034	0.01475	79.0	332.1691963672638
104	-0.37265128	0.012896522	-0.3561992	-0.39194763	999.0	-0.034531236	0.0006720603	-0.03162489	-0.03535136	420000	-1.4662743e-08	7.381736e-05	0.009127245	-1.8598657e-06	-1.4062968	0.018036459	0.3165	6.0	334.834673166275
105	-0.36395067	0.01486443	-0.34595266	-0.3871477	999.0	-0.032901466	0.0010289985	-0.02826412	-0.034218416	424000	5.2452087e-09	6.49882e-05	-0.005902277	-1.217777e-07	-1.4080952	0.0041471976	0.01775	79.0	338.0052909851074
106	-0.3348061	0.005812126	-0.33074012	-0.34480873	999.0	-0.032698296	0.001402921	-0.027134106	-0.034126982	428000	-2.384186e-10	5.4537963e-05	-0.0052215336	-6.3408334e-06	-1.4318986	0.0010536958	0.01225	79.0	341.1582636833191
107	-0.3138567	0.0060178083	-0.307169	-0.32205534	999.0	-0.030370126	0.0013645994	-0.023609847	-0.03158421	432000	1.0967255e-08	5.8004578e-05	-0.0043947883	-4.0597697e-06	-1.4552306	0.00018245158	0.0055	79.0	344.42017245292664
108	-0.30663633	0.010205999	-0.29001984	-0.31545722	999.0	-0.027516158	0.0019306258	-0.018593453	-0.029633582	436000	-6.198883e-09	5.0526527e-05	0.009650433	-2.2584572e-07	-1.4794155	0.027196402	0.3665	11.0	347.19807147979736
109	-0.30331415	0.011899395	-0.28424194	-0.31701714	999.0	-0.02895182	0.00026494372	-0.027612992	-0.029261269	440000	-1.3113022e-09	4.4865264e-05	0.005740534	-2.3226457e-06	-1.4827158	0.016328186	0.29025	17.0	350.0168561935425
110	-0.3000699	0.0033577685	-0.29491463	-0.30376205	999.0	-0.025861386	0.0018397096	-0.019000567	-0.028014794	444000	1.502037e-08	4.7527876e-05	-0.005203447	-6.569353e-07	-1.4879109	0.0024443073	0.01225	79.0	353.2370731830597
111	-0.28678337	0.014598543	-0.27485526	-0.3117352	999.0	-0.026918124	0.0021745488	-0.018009596	-0.028879583	448000	-9.536743e-09	4.7856407e-05	-0.0032918863	-1.592678e-06	-1.5122938	0.0008233497	0.0065	79.0	356.41549253463745
112	-0.2800998	0.008002163	-0.2714219	-0.2931369	999.0	-0.026885292	0.00044173913	-0.025151737	-0.0273116	452000	-3.0994416e-09	4.684226e-05	0.0036017515	-3.6708843e-06	-1.5309907	0.017421078	0.2555	2.0	359.07569694519043
113	-0.27956665	0.0034529765	-0.27582082	-0.28491083	999.0	-0.02407872	0.0012022055	-0.02040071	-0.025430545	456000	6.556511e-09	3.5046385e-05	-0.003942646	-1.2712953e-06	-1.5314382	0.0038114889	0.02525	79.0	362.23653411865234
114	-0.26739252	0.003641856	-0.26331252	-0.27326748	999.0	-0.024620932	0.0018829469	-0.018130995	-0.026478782	460000	4.768372e-10	3.5938225e-05	-0.004713597	-3.5388075e-07	-1.5519905	0.0028443423	0.012	79.0	365.3809173107147
115	-0.243277	0.01831598	-0.22190458	-0.27182984	999.0	-0.024852447	0.0010493932	-0.021429725	-0.025950849	464000	-1.2874604e-08	4.066657e-05	-0.005251121	-9.356318e-06	-1.5735018	0.0005929462	0.006	79.0	368.5353653430939
116	-0.24624936	0.0062052505	-0.23631154	-0.25337824	999.0	-0.022273224	0.00060117553	-0.018838897	-0.023018613	468000	-3.695488e-09	2.9623001e-05	-0.0055945767	-3.3105607e-08	-1.602024	0.0018455255	0.007	79.0	371.6811583042145
117	-0.23668334	0.009353529	-0.22182553	-0.24757186	999.0	-0.021148784	0.0021873857	-0.009572834	-0.022938333	472000	1.4066696e-08	2.7665033e-05	-0.0049379114	-2.3419307e-07	-1.6318814	0.0038718462	0.016	79.0	374.829891204834
118	-0.20861493	0.0053701	-0.20240982	-0.21675949	999.0	-0.022002619	0.0010602346	-0.017706737	-0.023038633	476000	-2.6226044e-09	2.7592077e-05	0.012614748	-1.0051261e-05	-1.6540116	0.025349552	0.349	16.0	377.55176043510437
119	-0.22166437	0.010921186	-0.2040724	-0.23133829	999.0	-0.018762777	0.0011556582	-0.013228141	-0.01974231	480000	1.5497208e-09	3.4572837e-05	0.0055754296	-2.0677253e-06	-1.6576091	0.019526584	0.26675	3.0	380.1877646446228
120	-0.22132453	0.0052664913	-0.21493156	-0.22958805	999.0	-0.020356925	0.00091863214	-0.017139405	-0.021134257	484000	8.34465e-09	2.4829764e-05	0.011120139	-3.3859942e-07	-1.6583514	0.016591957	0.25225	6.0	382.9291093349457
121	-0.23517048	0.004203492	-0.22956638	-0.2413705	999.0	-0.019647183	0.0013449396	-0.014384344	-0.020620279	488000	-2.3841857e-09	2.9135857e-05	0.009402887	-2.8046798e-06	-1.6600449	0.031118257	0.3855	2.0	385.64239406585693
122	-0.21378	0.009400807	-0.19757955	-0.2205122	999.0	-0.022020318	0.0002732506	-0.020465165	-0.022262402	492000	1.180172e-08	2.7467435e-05	-0.00337516	-7.3938972e-06	-1.6606183	0.001008858	0.004	79.0	388.7806329727173
123	-0.19855659	0.009143968	-0.19058265	-0.2140983	999.0	-0.018870933	0.0008547397	-0.014311969	-0.019723251	496000	-2.6226044e-09	2.257138e-05	0.010598058	-1.3338104e-06	-1.6832265	0.02730915	0.3705	6.0	391.43401741981506
124	-0.20961693	0.008264386	-0.19565155	-0.21712843	999.0	-0.017460393	0.0011224073	-0.011768252	-0.018623233	500000	1.4305114e-08	2.4331091e-05	-0.004718999	-2.2630138e-06	-1.6848905	0.0021324127	0.01075	79.0	394.60691690444946
125	-0.20820843	0.008666248	-0.19637604	-0.22064379	999.0	-0.018871978	0.0012702377	-0.012286447	-0.019968264	504000	-2.6226044e-09	1.8536277e-05	0.0062657045	-1.3370118e-07	-1.7090715	0.023289997	0.32775	19.0	397.39568305015564
126	-0.19298421	0.009217593	-0.17749351	-0.20163126	999.0	-0.018236859	0.001752966	-0.00974831	-0.01965037	508000	-7.1525574e-10	1.947358e-05	-0.004086543	-8.9175046e-07	-1.7144932	0.0010688897	0.004	79.0	400.53597140312195
127	-0.17721249	0.009141408	-0.16994655	-0.19271976	999.0	-0.016869541	0.0023419093	-0.00725922	-0.0190387	512000	1.6689301e-09	1.987757e-05	-0.0033020515	-1.2819637e-06	-1.739674	0.0006489849	0.006	79.0	403.7957775592804
128	-0.17227761	0.0075339	-0.16463779	-0.18267745	999.0	-0.015830649	0.0022298575	-0.006165862	-0.018064618	516000	-1.1444092e-08	1.7952383e-05	0.005051562	-5.8612204e-07	-1.7601473	0.02043692	0.3035	7.0	406.59496331214905
129	-0.18112838	0.0062670703	-0.17159471	-0.18754053	999.0	-0.016267702	0.0010312127	-0.013228208	-0.017522775	520000	8.46386e-09	1.870006e-05	0.00474964	-3.264904e-08	-1.7618825	0.01990631	0.297	3.0	409.273229598999
130	-0.17889225	0.0067356345	-0.17377044	-0.19040635	999.0	-0.01600639	0.0012909521	-0.012096353	-0.017372705	524000	-1.4305115e-09	1.43535e-05	0.0055419942	-2.6363432e-07	-1.7627263	0.017576534	0.24375	14.0	412.04811215400696
131	-0.17585602	0.0069097206	-0.16695046	-0.1859718	999.0	-0.016531482	0.0011865882	-0.011606403	-0.01748696	528000	-1.37090685e-08	1.6820242e-05	-0.0047929916	-3.9691986e-07	-1.766956	0.0033669902	0.01575	79.0	415.2680449485779
132	-0.16712311	0.003240613	-0.16274072	-0.17184094	999.0	-0.016259173	0.00080192834	-0.013188712	-0.017089352	532000	-1.3589859e-08	1.5408843e-05	0.007806939	-1.4399902e-06	-1.7900968	0.019534092	0.2715	11.0	417.98695731163025
133	-0.1655219	0.00710549	-0.15741308	-0.17648809	999.0	-0.015159856	0.00045007083	-0.013719961	-0.015666887	536000	5.6028364e-09	1.3100583e-05	0.01574342	-6.239952e-08	-1.7933155	0.025629388	0.39975	13.0	420.69686484336853
134	-0.16316685	0.007385806	-0.15361686	-0.17130019	999.0	-0.014517757	0.0011569536	-0.009690747	-0.0155503005	540000	-5.2452087e-09	1.2225318e-05	0.019129295	1.9030751e-05	-1.7973446	0.036756806	0.44525	8.0	423.43984484672546
135	-0.15953863	0.004647424	-0.15349062	-0.1659455	999.0	-0.019096076	0.00033929944	-0.017736956	-0.019465506	544000	-1.8835069e-08	3.4559176e-05	0.004695356	-2.2391867e-05	-1.7996182	0.020123526	0.29025	9.0	426.1141993999481
136	-0.16370788	0.007812764	-0.15355642	-0.17401859	999.0	-0.014633383	0.0003313526	-0.013417728	-0.014861286	548000	2.0980835e-08	1.4833736e-05	-0.005324988	4.4149538e-06	-1.802097	0.0023875495	0.006	79.0	429.2974557876587
137	-0.15566736	0.005114756	-0.15152326	-0.16440776	999.0	-0.011593846	0.0010398533	-0.0075076967	-0.012155764	552000	2.324581e-08	1.4473233e-05	-0.0031963703	-5.3462127e-06	-1.8303875	0.0015219669	0.00425	79.0	432.5021595954895
138	-0.14445937	0.003343384	-0.14054409	-0.14971702	999.0	-0.014102971	0.0004511603	-0.01206474	-0.014558099	556000	1.6212464e-08	9.659499e-06	-0.0027412167	-9.9316e-07	-1.8506328	0.0011530358	0.00325	79.0	435.6383831501007
139	-0.14063174	0.008439995	-0.12929644	-0.15037537	999.0	-0.013288651	0.00029186858	-0.012046106	-0.013587102	560000	1.1920929e-09	1.0935886e-05	-0.00547799	-4.2545253e-07	-1.8702695	0.00247377	0.01125	79.0	438.79788637161255
140	-0.13467109	0.0036510099	-0.13018346	-0.13900205	999.0	-0.012747043	0.00011981957	-0.0122128725	-0.012891188	564000	6.9141386e-09	9.378074e-06	0.015693385	-5.54478e-07	-1.8961604	0.030366158	0.415	6.0	441.5762836933136
141	-0.13318369	0.008066678	-0.12124077	-0.14084858	999.0	-0.011328887	0.0008454516	-0.007265419	-0.012151957	568000	-1.9550324e-08	9.378674e-06	0.0040135984	1.1131558e-05	-1.8981016	0.020366095	0.27	55.0	444.70240449905396
142	-0.13171889	0.004987799	-0.12818652	-0.14030172	999.0	-0.016023276	0.0004821034	-0.014394805	-0.0164802	572000	-4.4584276e-08	2.847056e-05	-0.004564956	-1.8233452e-05	-1.9138478	0.00235949	0.005	79.0	447.9242775440216
143	-0.12355612	0.0035540517	-0.11981902	-0.12765759	999.0	-0.0121814525	0.00027236962	-0.010647982	-0.01239422	576000	2.3841857e-09	7.869192e-06	0.013668671	-1.1882717e-06	-1.9397919	0.031204453	0.37425	6.0	450.58402276039124
144	-0.13174088	0.0077461055	-0.118620664	-0.13842335	999.0	-0.0106133465	0.000572755	-0.008652702	-0.0114531815	580000	-7.390976e-09	8.801055e-06	0.0061924485	-1.7515836e-06	-1.941578	0.02879166	0.323	14.0	453.32731890678406
145	-0.12016848	0.0074841855	-0.11093867	-0.12920244	999.0	-0.01202415	0.0010397561	-0.0076530054	-0.012753166	584000	-2.348423e-08	9.49661e-06	0.009233074	-1.2627906e-06	-1.9454153	0.02462584	0.306	1.0	455.9813828468323
146	-0.121458076	0.0047136764	-0.114706635	-0.1274995	999.0	-0.011253082	0.00031289613	-0.010162197	-0.011530474	588000	-1.4781952e-08	7.032028e-06	0.016036129	2.0920503e-05	-1.9456779	0.03242483	0.4045	3.0	458.67091631889343
147	-0.12035704	0.0030568268	-0.11578218	-0.124315605	999.0	-0.0056369677	0.0007456134	-0.0021148995	-0.0062241033	592000	6.473064e-08	3.3954002e-05	0.004400104	-2.7319642e-05	-1.9464914	0.020700203	0.23325	3.0	461.33826088905334
148	-0.118505985	0.003283372	-0.11475683	-0.12234422	999.0	-0.0107565	0.00029713186	-0.009934038	-0.011115596	596000	4.529953e-09	6.6016432e-06	-0.005185582	2.255059e-06	-1.9473876	0.0009954568	0.021	79.0	464.5401678085327
149	-0.118749544	0.004885789	-0.11441683	-0.12694694	999.0	-0.007630515	0.0009542892	-0.0041539073	-0.008665003	600000	2.7418137e-08	1.6207718e-05	-0.0053392923	-9.461786e-06	-1.9713323	0.0029658875	0.009	79.0	467.7620475292206
150	-0.10643033	0.0026532197	-0.10311499	-0.110500626	999.0	-0.0105489865	0.0011166813	-0.0058754086	-0.011574633	604000	-1.3589859e-08	7.1840805e-06	-0.0028168485	-9.2011487e-07	-1.9965363	0.0012108786	0.00525	79.0	470.90101170539856
151	-0.101500526	0.004952612	-0.09704844	-0.109875	999.0	-0.010471338	0.0003128858	-0.009488843	-0.010819927	608000	-2.6226044e-09	6.1563806e-06	0.019379621	-1.8414189e-06	-2.0147219	0.032550685	0.447	44.0	473.8075249195099
152	-0.1058505	0.003779935	-0.101068646	-0.111587375	999.0	-0.009110602	0.00037957128	-0.006916821	-0.009515643	612000	1.0251999e-08	5.854325e-06	-0.0068714567	-1.6547665e-07	-2.0258486	0.0011839967	0.0155	79.0	477.05685234069824
153	-0.099134184	0.003675649	-0.09286982	-0.10190158	999.0	-0.009375943	0.00068217295	-0.006916374	-0.009883076	616000	8.106232e-09	6.3336156e-06	-0.004811057	5.37284e-09	-2.0530977	0.00079192617	0.00425	79.0	480.3028349876404
154	-0.090710714	0.0031527237	-0.08605299	-0.094054274	999.0	-0.009080843	0.0007165531	-0.0071785524	-0.00989157	620000	1.4305115e-09	5.643772e-06	0.0020972479	-7.6804645e-07	-2.079196	0.026389252	0.335	1.0	482.97799134254456
155	-0.090636164	0.0045561576	-0.08513613	-0.0968916	999.0	-0.008739786	0.00028177956	-0.007953882	-0.009109907	624000	2.3841857e-09	5.4134794e-06	0.011045367	-2.1592587e-07	-2.0795012	0.021599846	0.353	3.0	485.607825756073
156	-0.09255254	0.002097361	-0.089655094	-0.0948636	999.0	-0.008686182	0.00021547709	-0.0073743537	-0.008852437	628000	1.7404556e-08	4.246799e-06	0.011522252	6.8433565e-08	-2.080444	0.030212635	0.4105	2.0	488.24757838249207
157	-0.090527005	0.0027823772	-0.08614527	-0.09365086	999.0	-0.007889791	0.00063478295	-0.0052058324	-0.008252747	632000	-8.34465e-09	5.5961937e-06	0.0063732695	-1.1931616e-07	-2.0810814	0.022820154	0.29925	3.0	490.8810279369354
158	-0.09255196	0.010410774	-0.080417715	-0.10847421	999.0	-0.00818827	0.00040155754	-0.006684087	-0.008546926	636000	7.390976e-09	5.503022e-06	0.01365087	1.832359e-08	-2.082078	0.01986047	0.256	4.0	493.5153603553772
159	-0.09859626	0.0057431273	-0.0911542	-0.10685946	999.0	-0.008515234	0.0004496621	-0.0069472194	-0.008907534	640000	1.6450882e-08	4.8380207e-06	-5.0109625e-06	-1.3646104e-07	-2.0834515	0.01839209	0.27525	2.0	496.1445641517639
160	-0.09253998	0.0014494986	-0.090139374	-0.09403156	999.0	-0.008981232	0.00036636303	-0.007982947	-0.009408042	644000	-3.0994416e-09	4.4971257e-06	0.036105134	-3.2631124e-07	-2.0841184	0.064290665	0.575	1.0	498.766729593277
161	-0.092687875	0.005072638	-0.08737017	-0.100230634	999.0	-0.008850618	0.0001245512	-0.008412965	-0.008977026	648000	2.1457671e-09	3.872112e-06	0.0285983	1.8487637e-05	-2.0844424	0.039265707	0.451	1.0	501.44058632850647
162	-0.11397089	0.0024884946	-0.111037254	-0.1176095	999.0	-0.0031639559	0.00038988912	-0.0016407743	-0.003709346	652000	-8.34465e-08	5.4931945e-05	0.011519125	-4.9093214e-05	-2.0847664	0.04245265	0.5125	4.0	504.0893063545227
163	-0.09323355	0.0023144477	-0.090574905	-0.09570688	999.0	-0.009989446	0.0006969132	-0.007745318	-0.010727547	656000	-1.3113022e-08	5.9252857e-06	0.027445508	-2.4600886e-06	-2.0861194	0.049961504	0.49625	1.0	506.703964471817
164	-0.08860304	0.004786064	-0.081472114	-0.09319934	999.0	-0.008718991	0.00056167913	-0.0066094846	-0.009111904	660000	-2.4795533e-08	3.2747164e-06	0.013553591	-4.936635e-07	-2.0864441	0.017201548	0.2145	1.0	509.30546975135803
165	-0.09460333	0.0041585974	-0.090580985	-0.10148397	999.0	-0.008234261	0.00014943052	-0.007582225	-0.008389972	664000	-1.1920929e-08	5.166013e-06	0.0019737657	-6.659093e-08	-2.0867608	0.019244922	0.29225	6.0	512.0268371105194
166	-0.09037686	0.006418149	-0.0836737	-0.10096843	999.0	-0.008248211	0.00049908913	-0.006521024	-0.008609414	668000	1.168251e-08	4.2380375e-06	-0.0042647887	-5.9985723e-09	-2.0887148	0.0016260712	0.00575	79.0	515.2623951435089
167	-0.08680597	0.0040281652	-0.08297697	-0.093463	999.0	-0.0084711695	0.000105305866	-0.006926164	-0.008553311	672000	-7.987023e-09	4.324392e-06	-0.004878602	-4.403255e-07	-2.1132367	0.0010738666	0.0075	79.0	518.4159464836121
168	-0.08154771	0.002368186	-0.077942	-0.084217586	999.0	-0.007652596	0.0003402314	-0.0063689873	-0.007990085	676000	2.384186e-10	4.085333e-06	0.008332292	4.9631177e-05	-2.1400452	0.015003678	0.185	38.0	521.3043026924133
169	-0.08219904	0.00069583795	-0.081252985	-0.08317843	999.0	-0.015118708	0.0005786271	-0.012697995	-0.015679851	680000	-2.5749207e-08	6.258134e-05	-0.0021726803	-5.9516773e-05	-2.1519196	0.0027574163	0.01375	79.0	524.5252027511597
170	-0.08364602	0.0010897571	-0.08196448	-0.084895276	999.0	-0.007731113	4.7782098e-05	-0.0075505003	-0.0078047067	684000	-4.768372e-10	3.5860028e-06	-0.005135859	-4.166054e-08	-2.1613908	0.0026092222	0.009	79.0	527.7109162807465
171	-0.07582538	0.001298962	-0.073828846	-0.077032104	999.0	-0.0072617056	0.00057538407	-0.0044291615	-0.0076102093	688000	2.3841857e-09	3.394587e-06	0.009603579	-1.7505431e-07	-2.1874728	0.015924223	0.182	4.0	530.4456400871277
172	-0.08248531	0.0012163668	-0.08045959	-0.083645865	999.0	-0.0069322344	0.0006559863	-0.0042722747	-0.007418871	692000	-1.7881393e-09	3.626203e-06	-0.005042844	-1.9682307e-07	-2.1887074	0.002560219	0.03125	79.0	533.7051124572754
173	-0.07408693	0.0013433896	-0.07209672	-0.075655386	999.0	-0.007802589	0.00017689248	-0.007016398	-0.007897794	696000	2.014637e-08	4.218206e-06	0.0044674054	-1.3869169e-06	-2.2076828	0.018051406	0.3235	6.0	536.443647146225
174	-0.07057942	0.0022906193	-0.06759647	-0.07382196	999.0	-0.0064870375	0.00020585656	-0.005711727	-0.0067218393	700000	-1.9550324e-08	2.3970538e-06	0.01711228	1.1555589e-05	-2.2090418	0.02678137	0.4015	15.0	539.2369236946106
175	-0.07533353	0.0033958834	-0.070561945	-0.079010144	999.0	-0.002035838	0.0005622608	-0.00015106052	-0.002574034	704000	5.543232e-08	2.5756004e-05	0.0020011442	-2.27495e-05	-2.2134402	0.016621927	0.252	12.0	541.9635782241821
176	-0.06719352	0.0027418293	-0.064022526	-0.071026206	999.0	-0.007183971	0.0001539804	-0.006539732	-0.007367246	708000	6.6757204e-09	3.4581387e-06	-0.003615583	-1.3611971e-06	-2.2177112	0.0015610367	0.00875	79.0	545.1883239746094
177	-0.06725934	0.0033327362	-0.06490107	-0.07296075	999.0	-0.0056572836	0.0004223121	-0.004438035	-0.006184958	712000	-5.6028364e-09	2.4623598e-06	-0.005286518	-2.283573e-07	-2.2402205	0.0036731006	0.0155	79.0	548.4026372432709
178	-0.06358363	0.0011743576	-0.061914098	-0.065118276	999.0	-0.0064729075	0.00018019117	-0.0057250634	-0.0066730753	716000	-6.6757204e-09	2.3397133e-06	-0.004122245	-5.139527e-07	-2.2632616	0.002303299	0.0175	79.0	551.6195545196533
179	-0.06171593	0.001101448	-0.06000957	-0.0630886	999.0	-0.0056050178	0.00036838578	-0.0044000745	-0.006053135	720000	-4.768372e-10	2.0000634e-06	-0.004344738	4.3717905e-06	-2.2832754	0.00046593786	0.00575	79.0	554.7875950336456
180	-0.057092704	0.0036718622	-0.05125679	-0.0612654	999.0	-0.006822812	0.00026357314	-0.0059619322	-0.007148646	724000	-1.168251e-08	4.310056e-06	-0.005597234	-2.679348e-06	-2.3081064	0.0013906893	0.01875	79.0	558.0469262599945
181	-0.05767084	0.0006344223	-0.056575283	-0.058115475	999.0	-0.0052520903	0.00039907015	-0.0038531795	-0.005662672	728000	-1.9073487e-09	1.709042e-06	0.0016432034	9.861742e-07	-2.328369	0.01708238	0.162	2.0	560.6542291641235
182	-0.056006424	0.0025216592	-0.052651964	-0.059752144	999.0	-0.003884734	0.0006846416	-0.0010666326	-0.0042529255	732000	6.437302e-09	3.490195e-06	0.008833636	-1.3176932e-06	-2.3288474	0.028611146	0.358	2.0	563.3722586631775
183	-0.056098387	0.0037908088	-0.051914774	-0.062142298	999.0	-0.0050539905	0.00019954139	-0.0036972985	-0.005222507	736000	-1.4305115e-09	1.5735216e-06	0.013942009	-1.1273187e-08	-2.329379	0.026379067	0.39775	12.0	566.1517245769501
184	-0.058680467	0.0024530897	-0.056380004	-0.06266923	999.0	-0.004689458	0.0006711812	-0.0023271441	-0.0052792057	740000	-2.503395e-09	2.329492e-06	0.014466934	-4.537019e-07	-2.3330114	0.023146728	0.31425	3.0	568.8858850002289
185	-0.054785177	0.0028764682	-0.050392408	-0.05842903	999.0	-0.004861533	0.00078825705	-0.0024879128	-0.005795978	744000	1.9669534e-08	1.7894666e-06	-0.0031352867	1.9584365e-07	-2.333995	0.0017710247	0.01	79.0	572.1499018669128
186	-0.05447845	0.003132042	-0.05095588	-0.059451435	999.0	-0.004958119	0.0004923228	-0.0034614503	-0.0054766983	748000	-2.7179718e-08	1.4588505e-06	-0.003157031	1.08921085e-08	-2.350766	0.0010183004	0.00175	79.0	575.3568186759949
187	-0.051747963	0.0008876546	-0.050712984	-0.0529964	999.0	-0.005301302	0.00026542478	-0.0041825697	-0.0055274963	752000	2.2172928e-08	1.6792375e-06	-0.004588963	-3.9507006e-07	-2.3730156	0.003167899	0.01175	79.0	578.5218815803528
188	-0.04782414	0.0015044033	-0.04603796	-0.050117213	999.0	-0.004815896	0.00038093032	-0.0035182312	-0.005031742	756000	-2.7060509e-08	1.4537878e-06	0.009082581	-2.3843472e-07	-2.3996682	0.017184904	0.28725	5.0	581.176507472992
189	-0.048058446	0.002987498	-0.045817897	-0.053167287	999.0	-0.0041590664	0.00030640818	-0.003198266	-0.00449948	760000	3.3378602e-09	1.1186221e-06	0.0038693815	2.8703505e-07	-2.4011102	0.019119214	0.24975	2.0	583.801337480545
190	-0.04822354	0.001040763	-0.046976317	-0.049782638	999.0	-0.003743372	0.00039139565	-0.0024929047	-0.004147336	764000	-2.169609e-08	1.6862341e-06	0.0058645564	-1.7853267e-07	-2.4016995	0.016435254	0.187	1.0	586.4278464317322
191	-0.051454432	0.00061687065	-0.0505865	-0.052208256	999.0	-0.004903435	0.00032851356	-0.0040502995	-0.0052594244	768000	-1.7881393e-09	1.5101325e-06	0.009759787	-5.700872e-08	-2.401996	0.016907873	0.303	3.0	589.1324281692505
192	-0.04762029	0.001126941	-0.04647397	-0.0494541	999.0	-0.0048370077	0.0003307845	-0.0035922974	-0.0050121546	772000	5.841255e-09	1.4327944e-06	0.012245666	-2.804245e-07	-2.4029539	0.022574846	0.297	8.0	591.8760390281677
193	-0.050316915	0.00046503716	-0.049761057	-0.05104708	999.0	-0.0042998325	0.0002990156	-0.0032601878	-0.004531093	776000	-6.9141386e-09	1.4103555e-06	0.008221149	4.2397642e-07	-2.4053338	0.01867237	0.3005	3.0	594.5793790817261
194	-0.050211933	0.0010793605	-0.049143307	-0.052013136	999.0	-0.004671439	0.00028990206	-0.0032671094	-0.0048320293	780000	-1.9073486e-08	1.2748791e-06	0.009905564	-3.214086e-08	-2.4062493	0.01870209	0.277	4.0	597.2040648460388
195	-0.04874198	0.0016969546	-0.046424687	-0.051211026	999.0	-0.0044153486	0.00031798077	-0.003193155	-0.0046640635	784000	1.9192695e-08	1.275284e-06	-0.005974301	3.5059998e-08	-2.4075315	0.0037514071	0.03175	79.0	600.4458186626434
196	-0.046519198	0.0012756861	-0.04455942	-0.048050243	999.0	-0.0042843893	0.00014416775	-0.0038073957	-0.0044668466	788000	4.768372e-10	1.0570626e-06	0.0072140465	7.449759e-06	-2.430789	0.017101478	0.29175	5.0	603.1286289691925
197	-0.044227466	0.0022537806	-0.04180544	-0.047451206	999.0	-0.0010732617	0.000113696624	-0.00065315515	-0.0012137294	792000	-1.4066696e-08	9.613816e-06	0.038539305	-8.3457435e-06	-2.4320784	0.036529724	0.44925	1.0	605.7749252319336
198	-0.053778768	0.0008357553	-0.053011507	-0.055067237	999.0	-0.0035752223	0.00010730148	-0.0031221434	-0.003684625	796000	1.2874604e-08	2.837163e-06	0.0036473698	-1.6060941e-06	-2.432374	0.016263163	0.28975	6.0	608.4252572059631
199	-0.0457875	0.0016901597	-0.043707334	-0.048414163	999.0	-0.004632935	0.00018115922	-0.0040966496	-0.0048235655	800000	4.2438508e-08	1.1866509e-06	0.014657111	-2.4542572e-07	-2.4342015	0.020687696	0.31625	3.0	611.0793499946594
