Epoch	AverageEpRet	StdEpRet	MaxEpRet	MinEpRet	EpLen	AverageVVals	StdVVals	MaxVVals	MinVVals	TotalEnvInteracts	LossPi	LossV	DeltaLossPi	DeltaLossV	Entropy	KL	ClipFrac	StopIter	Time
0	-200.0	0.0	-200.0	-200.0	200.0	-0.07384663	0.0053831832	-0.05786241	-0.09023621	4000	-3.71933e-08	3836.4314	-0.00069693086	-949.9248	1.0914553	0.015619738	0.36775	10.0	2.9229722023010254
1	-200.0	0.0	-200.0	-200.0	200.0	-9.214242	0.04411407	-9.014801	-9.320135	8000	1.8882751e-07	2891.5	-0.0046759397	-547.7622	1.0906699	0.01236936	0.02325	79.0	6.519318580627441
2	-200.0	0.0	-200.0	-200.0	200.0	-15.359957	0.020811845	-15.278692	-15.400639	12000	-1.9550323e-07	2346.9814	-0.0024094277	-402.65393	1.0628289	0.0043839747	0.0	79.0	10.156249046325684
3	-200.0	0.0	-200.0	-200.0	200.0	-20.509727	0.011937127	-20.464573	-20.536331	16000	-2.861023e-09	1947.2655	-0.0029479857	-318.8982	1.0783741	0.01279302	0.0	79.0	13.756774425506592
4	-200.0	0.0	-200.0	-200.0	200.0	-25.15132	0.0074632745	-25.121687	-25.165865	20000	1.9073487e-09	1630.9572	-0.0024986381	-254.81433	1.0980403	0.015621307	0.3395	37.0	16.989887237548828
5	-200.0	0.0	-200.0	-200.0	200.0	-29.387568	0.0071072504	-29.354046	-29.403101	24000	6.9618224e-08	1378.7626	-0.0037125559	-202.64331	1.0878338	0.009279664	0.0	79.0	20.66603708267212
6	-200.0	0.0	-200.0	-200.0	200.0	-33.262283	0.0063521285	-33.23441	-33.274773	28000	3.8146974e-09	1178.5153	-0.004930622	-159.349	1.0691761	0.01568869	0.435	30.0	23.823798418045044
7	-200.0	0.0	-200.0	-200.0	200.0	-36.79161	0.005613754	-36.766304	-36.80401	32000	-2.2888184e-08	1021.4891	-0.003609539	-123.53046	1.009007	0.008124708	0.0365	79.0	27.56869673728943
8	-200.0	0.0	-200.0	-200.0	200.0	-39.988907	0.006573382	-39.948433	-40.000534	36000	7.629395e-09	900.0304	-0.0026153536	-94.1308	1.0017995	0.009462916	0.04875	79.0	31.154253721237183
9	-200.0	0.0	-200.0	-200.0	200.0	-42.861584	0.0040152296	-42.84298	-42.870277	40000	2.002716e-08	807.87714	-0.00024772645	-70.391235	0.98187506	0.002004179	0.0	79.0	34.797014236450195
10	-200.0	0.0	-200.0	-200.0	200.0	-45.418686	0.004181795	-45.391754	-45.42619	44000	-1.1444092e-08	739.237	-0.0057641314	-51.55432	0.96103066	0.017003791	0.41075	14.0	37.86985921859741
11	-200.0	0.0	-200.0	-200.0	200.0	-47.67112	0.0061910073	-47.59322	-47.681065	48000	-2.9563903e-08	689.2814	-0.0015648775	-36.927856	0.8510466	0.0060113263	0.0255	79.0	41.53792452812195
12	-200.0	0.0	-200.0	-200.0	200.0	-49.634804	0.0052831224	-49.60558	-49.643715	52000	9.536743e-09	653.8089	-0.0035271845	-25.822205	0.7738398	0.00503446	0.0695	79.0	45.18805289268494
13	-200.0	0.0	-200.0	-200.0	200.0	-51.32591	0.0047691413	-51.302204	-51.333702	56000	-1.7166137e-08	629.18115	-0.002369049	-17.593628	0.85779065	0.007197601	0.00775	79.0	48.81653380393982
14	-200.0	0.0	-200.0	-200.0	200.0	-52.76173	0.0051711085	-52.724953	-52.770233	60000	-1.4305114e-08	612.653	-0.0028913452	-11.675598	0.84597546	0.0064773713	0.04275	79.0	52.52394962310791
15	-200.0	0.0	-200.0	-200.0	200.0	-53.965633	0.004825258	-53.929016	-53.973694	64000	-7.629395e-09	601.8836	-0.00231837	-7.531372	0.8335383	0.0033936135	0.0255	79.0	56.217896938323975
16	-200.0	0.0	-200.0	-200.0	200.0	-54.95946	0.004823508	-54.90513	-54.96776	68000	-1.2397766e-08	595.11597	-0.0025728159	-4.719116	0.8162202	0.010160298	0.06175	79.0	59.796205043792725
17	-200.0	0.0	-200.0	-200.0	200.0	-55.76707	0.00563544	-55.734035	-55.77541	72000	1.9073487e-09	590.98413	-0.0009456177	-2.86969	0.7188294	0.0065194913	0.0095	79.0	63.426265239715576
18	-200.0	0.0	-200.0	-200.0	200.0	-56.414585	0.0053473124	-56.38687	-56.423447	76000	1.9073487e-09	588.6299	-0.0017695999	-1.6906128	0.63547456	0.0048004203	0.032	79.0	67.05773568153381
19	-200.0	0.0	-200.0	-200.0	200.0	-56.92451	0.0057912515	-56.89424	-56.933414	80000	-7.629395e-09	587.327	-0.0004591837	-0.96435547	0.54731417	0.0028093774	0.0035	79.0	70.63086223602295
20	-200.0	0.0	-200.0	-200.0	200.0	-57.32	0.005268813	-57.294575	-57.328526	84000	-1.2397766e-08	586.67523	-0.0023253947	-0.5319214	0.5114239	0.003181404	0.07375	79.0	74.22234153747559
21	-200.0	0.0	-200.0	-200.0	200.0	-57.621353	0.0048369477	-57.587547	-57.629906	88000	-6.6757204e-09	586.3733	-0.00040270615	-0.28320312	0.51526475	0.0020562052	0.0	79.0	77.9515290260315
22	-200.0	0.0	-200.0	-200.0	200.0	-57.846626	0.0048732134	-57.820873	-57.85611	92000	1.2397766e-08	586.26636	-0.00031761266	-0.14593506	0.5416748	0.00056870974	0.00325	79.0	81.521249294281
23	-200.0	0.0	-200.0	-200.0	200.0	-58.011616	0.0049183685	-57.99107	-58.019905	96000	-2.5749207e-08	586.2464	-0.000962883	-0.072631836	0.48260176	0.0048381626	0.00875	79.0	85.21338176727295
24	-200.0	0.0	-200.0	-200.0	200.0	-58.130695	0.005367273	-58.111282	-58.13969	100000	-1.0490417e-08	586.26984	-0.0022810088	-0.03540039	0.47243237	0.002534222	0.00125	79.0	88.86074900627136
25	-200.0	0.0	-200.0	-200.0	200.0	-58.214363	0.006471564	-58.17765	-58.225063	104000	-1.9073487e-09	586.2775	-0.0024187565	-0.018127441	0.4034459	0.002061995	0.04	79.0	92.4728569984436
26	-200.0	0.0	-200.0	-200.0	200.0	-58.27296	0.0069627515	-58.23297	-58.284252	108000	1.9073487e-09	586.32367	-0.0013958025	-0.008666992	0.40166622	0.0011187164	0.00225	79.0	96.11068630218506
27	-200.0	0.0	-200.0	-200.0	200.0	-58.312717	0.0063181133	-58.278168	-58.323406	112000	4.7683715e-09	586.3273	-0.0015186406	-0.0059814453	0.4447432	0.0011666855	0.026	79.0	99.68374633789062
28	-200.0	0.0	-200.0	-200.0	200.0	-58.337048	0.0102052875	-58.28937	-58.350735	116000	1.7166137e-08	586.3104	-0.0010250901	-0.006591797	0.43639624	0.001610757	0.0125	79.0	103.35357546806335
29	-200.0	0.0	-200.0	-200.0	200.0	-58.354954	0.0076409397	-58.3148	-58.367252	120000	-1.8119811e-08	586.35345	-0.0011495427	-0.0030517578	0.3749685	0.0013421009	0.0165	79.0	107.00132584571838
30	-200.0	0.0	-200.0	-200.0	200.0	-58.365726	0.0070431307	-58.336445	-58.377552	124000	2.002716e-08	586.37836	-0.0007416649	-0.002319336	0.37376177	0.0017611148	0.02675	79.0	110.64151668548584
31	-200.0	0.0	-200.0	-200.0	200.0	-58.37254	0.0072342623	-58.33737	-58.385487	128000	6.6757204e-09	586.3886	-0.0005562363	-0.0015258789	0.37748504	0.0015608886	0.00775	79.0	114.23405909538269
32	-200.0	0.0	-200.0	-200.0	200.0	-58.376312	0.007708411	-58.348015	-58.38952	132000	0.0	586.3852	-0.0009617958	-0.0014648438	0.3496416	0.0016813024	0.02225	79.0	117.81179356575012
33	-200.0	0.0	-200.0	-200.0	200.0	-58.378006	0.009707122	-58.33731	-58.39283	136000	-7.629395e-09	586.3866	-0.0006347666	-0.0025634766	0.33807093	0.0015842972	0.00525	79.0	121.3899495601654
34	-200.0	0.0	-200.0	-200.0	200.0	-58.38018	0.010079543	-58.327003	-58.39587	140000	1.4305114e-08	586.3712	-0.0011051359	-0.0061035156	0.37953788	0.00032686823	0.00575	79.0	125.09685015678406
35	-200.0	0.0	-200.0	-200.0	200.0	-58.381554	0.008077101	-58.343685	-58.396206	144000	2.861023e-09	586.37604	-0.00063103007	-0.0053100586	0.43023455	0.0014117671	0.0	79.0	128.81992268562317
36	-200.0	0.0	-200.0	-200.0	200.0	-58.38097	0.009747747	-58.339653	-58.396782	148000	9.536744e-10	586.3433	-0.0010344286	-0.008850098	0.48813254	0.002177137	0.0375	79.0	132.4383590221405
37	-200.0	0.0	-200.0	-200.0	200.0	-58.379467	0.012787782	-58.286575	-58.40049	152000	-1.525879e-08	586.36633	-0.0008017407	-0.0087890625	0.48646754	0.0012345848	0.01175	79.0	136.11215829849243
38	-200.0	0.0	-200.0	-200.0	200.0	-58.37819	0.0151830455	-58.305096	-58.400623	156000	-6.6757204e-09	586.2875	-0.0015765658	-0.03137207	0.4987752	0.0042107156	0.02	79.0	139.80365991592407
39	-200.0	0.0	-200.0	-200.0	200.0	-58.37618	0.015526165	-58.305706	-58.402164	160000	2.861023e-09	586.3157	-0.00048565006	-0.014709473	0.43242744	0.002776626	0.007	79.0	143.39841723442078
40	-200.0	0.0	-200.0	-200.0	200.0	-58.37188	0.023318382	-58.26965	-58.406483	164000	9.536744e-10	586.25464	-0.0029027644	-0.04949951	0.4390486	0.0028784191	0.03725	79.0	147.00958013534546
41	-200.0	0.0	-200.0	-200.0	200.0	-58.370155	0.02480772	-58.272884	-58.409084	168000	-1.6212464e-08	586.30774	-0.00096902275	-0.036987305	0.49483016	0.0024421106	0.03575	79.0	150.65766096115112
42	-200.0	0.0	-200.0	-200.0	200.0	-58.36574	0.031097654	-58.224583	-58.4191	172000	-4.7683715e-09	586.2276	-0.0014364586	-0.08709717	0.5185234	0.0027813963	0.01075	79.0	154.30677366256714
43	-200.0	0.0	-200.0	-200.0	200.0	-58.347687	0.03951544	-58.207935	-58.416447	176000	7.629395e-09	586.13715	-0.0014953786	-0.81066895	0.5831974	0.0034825427	0.0	79.0	157.88973474502563
44	-200.0	0.0	-200.0	-200.0	200.0	-57.859077	0.2916402	-56.32168	-58.377666	180000	-7.629395e-09	584.6002	-0.0027287854	-4.2148438	0.51812315	0.002455005	0.018	79.0	161.50158286094666
45	-200.0	0.0	-200.0	-200.0	200.0	-57.836643	0.8901786	-54.389713	-58.97804	184000	-2.861023e-09	579.47314	-0.0015619993	-6.1539307	0.5822109	0.0042056325	0.0	79.0	165.20882391929626
46	-200.0	0.0	-200.0	-200.0	200.0	-57.548122	2.273086	-48.14427	-59.71924	188000	-3.8146974e-09	564.1357	-0.0028425877	-10.33728	0.6411352	0.0029323224	0.02425	79.0	168.81966519355774
47	-200.0	0.0	-200.0	-200.0	200.0	-57.454018	4.2976756	-43.284958	-60.699295	192000	1.0490417e-08	569.55865	-0.002579471	-5.477112	0.558044	0.0059445417	0.1525	79.0	172.46670532226562
48	-200.0	0.0	-200.0	-200.0	200.0	-59.080425	2.4819794	-44.467964	-60.875095	196000	-6.6757204e-09	573.19727	-0.001007126	-4.34729	0.51261425	0.0012049727	0.00725	79.0	176.06152772903442
49	-200.0	0.0	-200.0	-200.0	200.0	-57.846275	4.7506366	-33.143105	-61.260468	200000	-3.8146974e-09	566.2808	-0.0022090264	-4.0234375	0.520859	0.003328609	0.07725	79.0	179.61327028274536
50	-200.0	0.0	-200.0	-200.0	200.0	-57.87718	4.1092305	-45.8305	-61.159058	204000	1.0490417e-08	586.64923	-0.00033603286	-9.551636	0.48661286	0.0021940675	0.0	79.0	183.2921576499939
51	-200.0	0.0	-200.0	-200.0	200.0	-57.8907	2.682648	-50.70552	-61.22253	208000	2.2888184e-08	576.1466	-0.0009967356	-14.308716	0.50805295	0.0030575707	0.014	79.0	186.98473000526428
52	-200.0	0.0	-200.0	-200.0	200.0	-58.46066	3.9340022	-40.73677	-61.102005	212000	-9.536743e-09	565.7148	-0.00074279023	-2.9508057	0.4668643	0.0007701435	0.007	79.0	190.67939710617065
53	-200.0	0.0	-200.0	-200.0	200.0	-58.45518	2.6137662	-44.757885	-61.232067	216000	5.722046e-09	570.7941	-0.002567363	-4.432434	0.47488788	0.0032107905	0.01275	79.0	194.2889928817749
54	-200.0	0.0	-200.0	-200.0	200.0	-57.859123	5.0382648	-28.570978	-61.084457	220000	-1.2397766e-08	580.08264	-0.0019106007	-8.4453125	0.4070903	0.0014139944	0.01125	79.0	197.8499140739441
55	-200.0	0.0	-200.0	-200.0	200.0	-58.051964	3.3605986	-44.19458	-61.146873	224000	-8.5830685e-09	576.2932	-0.000750556	-3.9013672	0.36045507	0.00071516045	0.00775	79.0	201.4233660697937
56	-200.0	0.0	-200.0	-200.0	200.0	-58.048187	2.2386389	-50.392056	-61.432205	228000	5.722046e-09	576.51886	-0.0013168373	-2.8134766	0.31003493	0.00208441	0.022	79.0	205.00051999092102
57	-200.0	0.0	-200.0	-200.0	200.0	-58.35335	2.4950356	-43.10282	-61.21045	232000	-1.7166137e-08	571.0594	-0.0011720905	-2.4697266	0.26274928	0.00092637003	0.01775	79.0	208.59853625297546
58	-200.0	0.0	-200.0	-200.0	200.0	-58.218163	3.147513	-40.01745	-61.3646	236000	2.861023e-09	566.7614	-0.0008442898	-3.0100098	0.24128047	0.001901862	0.00875	79.0	212.28633880615234
59	-200.0	0.0	-200.0	-200.0	200.0	-57.960915	4.736157	-28.418177	-61.815823	240000	1.2397766e-08	576.04517	-0.00029411793	-5.8447266	0.203062	0.00085757155	0.00275	79.0	215.91298723220825
60	-200.0	0.0	-200.0	-200.0	200.0	-58.12644	3.4533737	-32.002712	-62.02693	244000	1.4305114e-08	569.2783	-0.0010094595	-1.7545776	0.23204774	0.0013336098	0.01425	79.0	219.5643298625946
61	-200.0	0.0	-200.0	-200.0	200.0	-58.57652	3.507261	-40.68169	-62.009254	248000	4.7683715e-09	572.217	-0.000993947	-1.7676392	0.1969263	0.0009430781	0.007	79.0	223.13063716888428
62	-200.0	0.0	-200.0	-200.0	200.0	-57.96035	3.829937	-44.121063	-62.15239	252000	0.0	574.2413	-0.0014500904	-0.6321411	0.2260408	0.0006786609	0.02975	79.0	226.8126835823059
63	-200.0	0.0	-200.0	-200.0	200.0	-58.608124	3.3434575	-43.6152	-62.293045	256000	8.5830685e-09	576.9957	-0.00039527132	-6.3413086	0.25946602	0.0006119091	0.00125	79.0	230.38824081420898
64	-200.0	0.0	-200.0	-200.0	200.0	-57.98975	5.593056	-15.305865	-61.3632	260000	-3.1471252e-08	576.0644	-0.0015774412	-7.3933716	0.26026514	0.00018230558	0.00875	79.0	233.97508358955383
65	-200.0	0.0	-200.0	-200.0	200.0	-58.177258	2.9329076	-42.94118	-61.53196	264000	-2.861023e-09	573.6044	-0.000830863	-2.501892	0.22070552	0.0007695009	0.0025	79.0	237.63437724113464
66	-200.0	0.0	-200.0	-200.0	200.0	-58.702484	3.313533	-43.47437	-61.98728	268000	-1.7166137e-08	572.3853	-0.0005028191	-1.906189	0.23315717	0.0018586735	0.004	79.0	241.3101887702942
67	-200.0	0.0	-200.0	-200.0	200.0	-58.25117	4.928099	-28.508669	-61.70739	272000	0.0	582.2285	-0.0005535097	-8.468811	0.2122155	0.00033804376	0.01375	79.0	244.96919107437134
68	-200.0	0.0	-200.0	-200.0	200.0	-58.275887	3.741739	-44.00657	-61.16872	276000	-1.6212464e-08	571.60297	-0.0011383715	-9.415527	0.19470578	0.0018072915	0.02175	79.0	248.57865929603577
69	-200.0	0.0	-200.0	-200.0	200.0	-58.641216	2.7273023	-50.748936	-62.096188	280000	-9.536744e-10	570.01	-0.0014965191	-3.2905884	0.16336407	0.0011865433	0.012	79.0	252.17200875282288
70	-200.0	0.0	-200.0	-200.0	200.0	-57.81279	5.065334	-20.785372	-61.70407	284000	-1.3351441e-08	574.96765	-0.00035093116	-4.3669434	0.15136671	0.0011194231	0.01425	79.0	255.89840388298035
71	-200.0	0.0	-200.0	-200.0	200.0	-58.724556	2.9018285	-48.53152	-61.287563	288000	1.0490417e-08	574.3468	-0.00037599276	-1.3291626	0.16335109	0.00017734921	0.002	79.0	259.5174970626831
72	-200.0	0.0	-200.0	-200.0	200.0	-57.539833	5.057984	-20.127073	-61.78322	292000	-1.0490417e-08	558.8269	-0.0007846785	-1.9717407	0.17146525	0.00035963606	0.00575	79.0	263.2455599308014
73	-200.0	0.0	-200.0	-200.0	200.0	-58.60145	4.015237	-30.664421	-61.977833	296000	-1.9073487e-09	576.41986	-0.00033295155	-1.505249	0.16357686	-1.6307651e-05	0.001	79.0	266.8182101249695
74	-200.0	0.0	-200.0	-200.0	200.0	-58.35488	3.2539558	-43.2599	-62.085476	300000	2.2888184e-08	572.4282	-0.0005507946	-2.6259766	0.13677542	0.000565931	0.02175	79.0	270.5047709941864
75	-200.0	0.0	-200.0	-200.0	200.0	-58.541504	4.333364	-31.70353	-61.73381	304000	2.4795533e-08	572.51483	-0.00043021204	-5.097046	0.15760124	0.0006227954	0.0095	79.0	274.1785912513733
76	-200.0	0.0	-200.0	-200.0	200.0	-58.506767	3.5060728	-30.727297	-61.940853	308000	-2.8610229e-08	567.0817	-0.0007283268	-5.9400024	0.17492098	0.00020631528	0.0085	79.0	277.871084690094
77	-200.0	0.0	-200.0	-200.0	200.0	-59.069733	2.4498668	-46.25104	-60.913895	312000	8.5830685e-09	572.86176	-0.000907362	-2.5596924	0.14699946	0.0009708389	0.00575	79.0	281.4711821079254
78	-200.0	0.0	-200.0	-200.0	200.0	-57.469086	3.374206	-42.95314	-60.622883	316000	3.9100648e-08	569.44055	-0.0011045055	-2.3668213	0.1489932	0.0010433915	0.01275	79.0	285.16512155532837
79	-200.0	0.0	-200.0	-200.0	200.0	-59.43281	2.798595	-50.11032	-61.506653	320000	5.722046e-09	583.65375	-0.00026823045	-4.184387	0.17181	0.00077014166	0.00425	79.0	288.87001872062683
80	-200.0	0.0	-200.0	-200.0	200.0	-58.237362	2.8635342	-49.05407	-62.17933	324000	-1.9073487e-09	574.1918	-0.0006191406	-1.598999	0.19766362	0.0009940173	0.01025	79.0	292.6099331378937
81	-200.0	0.0	-200.0	-200.0	200.0	-58.41855	3.3463752	-42.90608	-61.477528	328000	-7.629395e-09	571.57904	-0.0003346062	-1.2237549	0.2272738	0.0018280261	0.0055	79.0	296.18877243995667
82	-200.0	0.0	-200.0	-200.0	200.0	-58.44196	3.1697798	-43.981148	-61.6681	332000	-9.536744e-10	571.3397	-0.00026276777	-7.529724	0.19848658	0.00075479737	0.0	79.0	299.75684785842896
83	-200.0	0.0	-200.0	-200.0	200.0	-57.071217	8.632906	-7.3993864	-61.676582	336000	3.8146974e-09	591.9773	-0.000528451	-33.10132	0.16688025	0.00075180567	0.00225	79.0	303.3307282924652
84	-200.0	0.0	-200.0	-200.0	200.0	-57.546124	5.1034837	-20.96113	-61.383156	340000	1.0490417e-08	564.375	-0.00034199428	-2.8099976	0.14149465	-0.00028591775	0.00175	79.0	306.91845083236694
85	-200.0	0.0	-200.0	-200.0	200.0	-58.19276	4.017042	-17.485186	-61.468227	344000	1.9073487e-09	566.4756	-0.000881609	-1.6218262	0.14882843	0.00031662665	0.01325	79.0	310.54531359672546
86	-200.0	0.0	-200.0	-200.0	200.0	-58.631413	3.7826483	-21.206474	-61.88661	348000	-6.6757204e-09	567.02563	-0.0008470993	-0.822937	0.14338228	0.00018147725	0.0045	79.0	314.25932455062866
87	-200.0	0.0	-200.0	-200.0	200.0	-58.64465	3.882969	-18.107895	-61.73945	352000	-7.629395e-09	571.35016	-0.00064758013	-2.5871582	0.1406499	-0.00017476398	0.00025	79.0	317.95883989334106
88	-200.0	0.0	-200.0	-200.0	200.0	-58.613613	3.5964954	-18.576555	-60.619545	356000	1.0490417e-08	575.8232	-0.0008511448	-5.573303	0.16018793	0.00017433517	0.0135	79.0	321.5694627761841
89	-200.0	0.0	-200.0	-200.0	200.0	-58.142525	3.1675885	-49.438427	-60.955418	360000	-1.4305114e-08	565.18066	-0.0002604885	-2.18219	0.15873952	0.000114442286	0.00375	79.0	325.2878170013428
90	-200.0	0.0	-200.0	-200.0	200.0	-58.439377	3.6770291	-38.993565	-61.298637	364000	1.2397766e-08	572.86743	-0.00039545345	-2.550171	0.13265483	0.00048631747	0.00225	79.0	329.05380296707153
91	-200.0	0.0	-200.0	-200.0	200.0	-58.250694	4.196301	-23.067606	-62.177124	368000	3.8146974e-09	570.5704	-0.0008149967	-3.692627	0.13445722	0.00012658024	0.01025	79.0	332.71298909187317
92	-200.0	0.0	-200.0	-200.0	200.0	-58.527172	3.7865164	-42.46008	-61.73714	372000	4.7683715e-09	571.7776	-0.0010806036	-0.4902954	0.13936968	-0.000116680385	0.01075	79.0	336.4468562602997
93	-200.0	0.0	-200.0	-200.0	200.0	-58.337242	4.004975	-47.020897	-61.703667	376000	1.9073487e-09	566.0836	-0.0005639162	-4.2263184	0.1300603	0.0005495688	0.00375	79.0	340.2539827823639
94	-200.0	0.0	-200.0	-200.0	200.0	-58.596386	3.9048016	-34.27943	-61.959835	380000	3.8146974e-09	569.95874	-0.0003560524	-2.0388184	0.13273697	0.00043979197	0.00725	79.0	343.9552924633026
95	-200.0	0.0	-200.0	-200.0	200.0	-58.34925	3.628186	-40.171497	-61.86917	384000	-6.6757204e-09	566.56476	-0.0001229105	-1.8696289	0.110722944	0.00016064143	0.00125	79.0	347.6193346977234
96	-200.0	0.0	-200.0	-200.0	200.0	-57.243874	7.0462537	-9.840219	-61.814426	388000	-7.629395e-09	576.4508	-0.0005588913	-14.336487	0.11758336	0.0012231385	0.0245	79.0	351.3168318271637
97	-200.0	0.0	-200.0	-200.0	200.0	-58.401024	3.5323176	-50.532036	-62.46346	392000	-1.0490417e-08	570.14435	-0.00040665438	-3.0405273	0.097576834	0.00018234568	0.00275	79.0	355.0340807437897
98	-200.0	0.0	-200.0	-200.0	200.0	-58.092236	3.9557528	-35.49079	-61.623993	396000	-1.0490417e-08	565.53735	-0.000491025	-6.4766846	0.08277176	0.00070397847	0.003	79.0	358.61899757385254
99	-200.0	0.0	-200.0	-200.0	200.0	-58.343964	5.118899	-24.193108	-61.745754	400000	-4.7683715e-09	575.11884	-0.00033428287	-5.5076294	0.06985196	5.989331e-05	0.00225	79.0	362.312433719635
100	-200.0	0.0	-200.0	-200.0	200.0	-58.05129	4.026116	-29.122658	-60.948742	404000	-1.7166137e-08	567.8735	-0.00044144536	-1.7594604	0.05916026	-0.00016356217	0.00625	79.0	365.9881510734558
101	-200.0	0.0	-200.0	-200.0	200.0	-58.379517	3.8425078	-34.10066	-61.720844	408000	3.8146974e-09	573.05023	-0.0002644491	-0.991333	0.048781656	0.00021022635	0.00025	79.0	369.6424992084503
102	-200.0	0.0	-200.0	-200.0	200.0	-58.232124	4.1375837	-28.432898	-61.384895	412000	6.6757204e-09	578.8694	-0.0005283556	-6.6453247	0.056720067	0.0003939768	0.002	79.0	373.2960605621338
103	-200.0	0.0	-200.0	-200.0	200.0	-58.41674	3.5185559	-50.214718	-62.347916	416000	1.7166137e-08	573.87823	-0.00052858546	-2.0789795	0.060461465	0.00041882176	0.0025	79.0	376.9810185432434
104	-200.0	0.0	-200.0	-200.0	200.0	-58.341434	2.9362085	-51.157257	-61.480827	420000	1.9073487e-09	573.998	-5.5156706e-05	-3.1902466	0.05683893	-3.9824845e-06	0.0	79.0	380.6281518936157
105	-200.0	0.0	-200.0	-200.0	200.0	-58.42178	3.5360422	-50.82773	-61.581245	424000	1.2397766e-08	574.9549	-0.00011199188	-2.5568848	0.056690637	0.00048546714	0.0015	79.0	384.21600437164307
106	-200.0	0.0	-200.0	-200.0	200.0	-58.303127	3.276334	-52.180733	-62.25422	428000	5.722046e-09	573.5398	-0.00030336762	-6.389099	0.06463888	-8.78191e-06	0.002	79.0	387.8199870586395
107	-200.0	0.0	-200.0	-200.0	200.0	-58.48455	3.4951506	-49.616802	-60.66483	432000	-1.0490417e-08	571.5607	-0.0005995703	-2.671814	0.056314096	0.0011411741	0.00525	79.0	391.38824224472046
108	-200.0	0.0	-200.0	-200.0	200.0	-57.75059	4.526815	-28.001099	-61.38416	436000	9.536743e-09	568.46625	-0.00047296428	-1.7747192	0.061357133	0.00042462384	0.00525	79.0	394.99509930610657
109	-200.0	0.0	-200.0	-200.0	200.0	-58.20273	4.0640674	-46.731956	-61.953243	440000	-1.9073487e-09	572.9269	-1.6847609e-05	-2.4111328	0.04969147	0.00084319	0.0005	79.0	398.64049649238586
110	-200.0	0.0	-200.0	-200.0	200.0	-58.710266	2.8690138	-51.399384	-61.590755	444000	6.6757204e-09	571.96686	-0.00023618412	-2.1064453	0.055991527	0.00025078916	0.00225	79.0	402.293580532074
111	-200.0	0.0	-200.0	-200.0	200.0	-57.819157	3.8631573	-39.87788	-61.312366	448000	-2.3841858e-08	570.94025	-0.00035582067	-4.048889	0.04715254	-0.00014946354	0.001	79.0	405.9715440273285
112	-200.0	0.0	-200.0	-200.0	200.0	-59.062393	3.551357	-46.65419	-61.552654	452000	9.536743e-09	575.8065	-0.00018471241	-5.819031	0.047211535	0.0004786311	0.0	79.0	409.67049193382263
113	-200.0	0.0	-200.0	-200.0	200.0	-58.357018	3.8327098	-50.38361	-62.116295	456000	1.1444092e-08	572.5347	-0.00017106437	-1.2729492	0.054604646	-4.4969023e-05	0.0025	79.0	413.3636178970337
114	-200.0	0.0	-200.0	-200.0	200.0	-58.306244	3.450489	-51.77173	-62.19014	460000	5.722046e-09	569.987	-0.00031959152	-2.4626465	0.04912629	0.00021995098	0.005	79.0	417.00389432907104
115	-200.0	0.0	-200.0	-200.0	200.0	-58.15238	3.871033	-51.73168	-61.869644	464000	4.7683715e-09	570.2576	-0.0002971363	-1.2879639	0.040250417	0.00060688076	0.003	79.0	420.6430869102478
116	-200.0	0.0	-200.0	-200.0	200.0	-58.014587	4.047914	-48.006443	-61.813587	468000	0.0	569.4545	-8.582115e-05	-2.507141	0.044711605	-0.00012207819	0.00025	79.0	424.23067569732666
117	-200.0	0.0	-200.0	-200.0	200.0	-58.549	3.852702	-46.087093	-61.929096	472000	-9.536744e-10	573.12036	-7.545567e-05	-0.8744507	0.03722313	-0.0002001108	0.00175	79.0	427.9309039115906
118	-200.0	0.0	-200.0	-200.0	200.0	-59.0768	3.2476552	-49.24583	-61.55789	476000	-9.536744e-10	576.2618	-0.0002004423	-3.630005	0.042207867	0.00037864404	0.0015	79.0	431.6047320365906
119	-200.0	0.0	-200.0	-200.0	200.0	-58.076733	3.6797588	-38.001926	-61.861828	480000	-9.536744e-10	570.99243	-0.00013461207	-2.8410034	0.04752396	0.00014916057	0.0005	79.0	435.2105162143707
120	-200.0	0.0	-200.0	-200.0	200.0	-58.447018	3.0690873	-51.97763	-61.469498	484000	-3.8146974e-09	570.84265	-0.00019027901	-1.9604492	0.051428895	0.00023661912	0.00125	79.0	438.79289746284485
121	-200.0	0.0	-200.0	-200.0	200.0	-58.102776	4.4959936	-32.435913	-61.9955	488000	-3.8146974e-09	579.2563	-7.571507e-05	-8.22168	0.04326688	0.000166803	0.00025	79.0	442.3685944080353
122	-200.0	0.0	-200.0	-200.0	200.0	-58.08886	3.2871478	-53.31423	-61.895298	492000	-5.722046e-09	572.3193	-9.979057e-05	-9.1310425	0.04115232	0.00011931002	0.00125	79.0	446.022736787796
123	-200.0	0.0	-200.0	-200.0	200.0	-58.149128	4.4655914	-35.25399	-62.038704	496000	5.722046e-09	572.45233	-0.000120550154	-2.0979004	0.04586714	0.00020686323	0.007	79.0	449.7475163936615
124	-200.0	0.0	-200.0	-200.0	200.0	-58.854603	3.215581	-52.911716	-61.822388	500000	9.536743e-09	575.0871	-0.00022912788	-2.5697632	0.052347094	0.00026824206	0.00475	79.0	453.3321771621704
125	-200.0	0.0	-200.0	-200.0	200.0	-57.69443	5.5457063	-27.92838	-61.865234	504000	4.7683715e-09	580.19525	-0.00028215503	-7.689636	0.06045243	-0.00049102074	0.00375	79.0	457.0189850330353
126	-200.0	0.0	-200.0	-200.0	200.0	-58.583633	3.2479153	-46.15889	-62.670006	508000	-8.5830685e-09	578.28937	-0.00017957114	-2.6141357	0.050181665	-0.00016252088	0.0035	79.0	460.66991424560547
127	-200.0	0.0	-200.0	-200.0	200.0	-58.198345	3.2192163	-37.335724	-62.031055	512000	-2.861023e-09	572.0142	-0.00018683432	-3.4585571	0.058793206	0.0007144189	0.00225	79.0	464.3538429737091
128	-200.0	0.0	-200.0	-200.0	200.0	-59.06962	2.7891667	-53.506046	-61.696735	516000	-1.4305114e-08	572.3183	-0.00014532948	-1.8709717	0.06699547	0.00022382766	0.00075	79.0	468.02238059043884
129	-200.0	0.0	-200.0	-200.0	200.0	-57.93379	3.5018601	-48.358437	-61.602013	520000	-1.1444092e-08	568.80005	-0.000328413	-5.421936	0.061030835	0.0005413667	0.005	79.0	471.6520507335663
130	-200.0	0.0	-200.0	-200.0	200.0	-56.941616	7.4498005	-10.608322	-61.652317	524000	-1.9073487e-09	587.0112	-0.0004142313	-21.260498	0.052106205	4.8827827e-05	0.001	79.0	475.3025779724121
131	-200.0	0.0	-200.0	-200.0	200.0	-58.680992	3.7481446	-28.981972	-62.104046	528000	9.536744e-10	568.5904	-0.00029810143	-0.60632324	0.05596396	0.00034674103	0.006	79.0	478.8910758495331
132	-200.0	0.0	-200.0	-200.0	200.0	-58.235085	4.117618	-20.964466	-62.016727	532000	2.2888184e-08	568.51154	-0.00022278405	-1.8721313	0.04639161	3.7262438e-05	0.00275	79.0	482.5673131942749
133	-200.0	0.0	-200.0	-200.0	200.0	-58.560852	3.1275764	-54.339127	-61.881844	536000	-4.7683715e-09	573.591	-0.0002294054	-0.8753662	0.053439572	0.00065243675	0.00325	79.0	486.2462511062622
134	-200.0	0.0	-200.0	-200.0	200.0	-58.24718	3.3156438	-47.704742	-62.19496	540000	1.1444092e-08	572.04315	-0.00033476256	-2.003357	0.062499177	4.5331715e-05	0.00075	79.0	489.83454847335815
135	-200.0	0.0	-200.0	-200.0	200.0	-58.444553	3.5445552	-37.159943	-61.507843	544000	9.536743e-09	574.1148	-0.00055746746	-3.1148682	0.066732965	-0.00031487836	0.00225	79.0	493.52836751937866
136	-200.0	0.0	-200.0	-200.0	200.0	-58.337822	3.528487	-34.77389	-62.249527	548000	-2.861023e-09	571.69037	-0.0006956377	-0.8251343	0.07867197	0.00021237237	0.00525	79.0	497.1120364665985
137	-200.0	0.0	-200.0	-200.0	200.0	-58.269936	3.6787603	-38.467182	-62.349167	552000	-2.002716e-08	572.27576	-0.0006773968	-4.880127	0.09058345	8.0096725e-05	0.001	79.0	500.7387635707855
138	-200.0	0.0	-200.0	-200.0	200.0	-58.41014	6.301356	-12.224317	-62.025215	556000	-4.7683715e-09	570.71545	-0.00043287373	-6.2339478	0.099874824	0.0007024557	0.00575	79.0	504.36105275154114
139	-200.0	0.0	-200.0	-200.0	200.0	-58.624252	3.9437742	-28.37122	-62.524746	560000	-9.536744e-10	572.4134	-0.0002591276	-7.8812256	0.08328075	5.354941e-06	0.002	79.0	508.0953724384308
140	-200.0	0.0	-200.0	-200.0	200.0	-58.13885	3.3841436	-43.6737	-61.293056	564000	-1.525879e-08	570.5744	-0.00016370391	-0.50427246	0.07259654	0.0006838846	0.0015	79.0	511.8475272655487
141	-200.0	0.0	-200.0	-200.0	200.0	-58.415653	3.4283776	-47.380512	-61.7851	568000	-1.525879e-08	568.7415	-0.00076067925	-2.5793457	0.08369023	0.0005453465	0.00125	79.0	515.523006439209
142	-200.0	0.0	-200.0	-200.0	200.0	-58.474205	4.134995	-28.668356	-62.182835	572000	-9.536743e-09	574.5317	-9.2934606e-05	-3.6392822	0.06918306	0.00031071354	0.00175	79.0	519.1972975730896
143	-200.0	0.0	-200.0	-200.0	200.0	-58.405716	3.9265137	-48.09889	-62.06591	576000	-4.7683715e-09	571.6073	-7.016277e-05	-3.2133179	0.060671974	-0.0003003097	0.00125	79.0	522.7742073535919
144	-200.0	0.0	-200.0	-200.0	200.0	-58.311543	3.7925048	-49.51552	-62.379173	580000	2.861023e-09	570.57086	-0.00012898922	-1.1773071	0.05338945	0.0002427013	0.001	79.0	526.4014055728912
145	-200.0	0.0	-200.0	-200.0	200.0	-58.25068	4.154263	-33.64838	-62.204765	584000	7.629395e-09	573.6002	-0.0003312397	-4.514282	0.045745227	0.00029914998	0.007	79.0	529.9616208076477
146	-200.0	0.0	-200.0	-200.0	200.0	-58.056015	4.4223537	-46.26737	-61.9855	588000	-1.3351441e-08	574.28674	-0.00046938323	-2.1773682	0.049132735	0.0002651102	0.00075	79.0	533.5284132957458
147	-200.0	0.0	-200.0	-200.0	200.0	-58.664013	3.7889838	-49.57753	-61.536076	592000	1.7166137e-08	575.3211	-0.0002478943	-1.5310669	0.05491838	0.00015296364	0.00025	79.0	537.105316400528
148	-200.0	0.0	-200.0	-200.0	200.0	-58.55667	3.5501986	-49.501617	-61.46803	596000	-7.629395e-09	572.4611	-0.00027232553	-4.32312	0.05878025	0.00014900583	0.002	79.0	540.7809979915619
149	-200.0	0.0	-200.0	-200.0	200.0	-58.646687	4.1930947	-50.399166	-62.37935	600000	-8.5830685e-09	574.30133	-0.00035451222	-2.104248	0.049330242	0.00033279895	0.00225	79.0	544.4486336708069
150	-200.0	0.0	-200.0	-200.0	200.0	-57.780853	4.241855	-43.290783	-62.161987	604000	-4.7683715e-09	572.5277	-5.524349e-05	-1.6148071	0.04106208	-0.00015083051	0.00075	79.0	548.0762505531311
151	-200.0	0.0	-200.0	-200.0	200.0	-58.282993	3.6560082	-46.775967	-62.012417	608000	-9.536744e-10	571.4041	-0.00019111727	-0.42926025	0.03443246	-0.00022590494	0.00125	79.0	551.6421880722046
152	-200.0	0.0	-200.0	-200.0	200.0	-58.31767	3.6421986	-45.253983	-62.138535	612000	-6.6757204e-09	572.0352	-0.00040311622	-0.35906982	0.02886812	2.011907e-05	0.004	79.0	555.355654001236
153	-200.0	0.0	-200.0	-200.0	200.0	-58.380165	3.5030556	-49.378723	-62.171494	616000	9.536744e-10	571.19464	-0.00018917561	-0.14160156	0.024969433	0.00016652596	0.0	79.0	559.0174660682678
154	-200.0	0.0	-200.0	-200.0	200.0	-58.31965	3.647274	-48.699177	-62.111145	620000	-5.722046e-09	570.6273	-0.00061695674	-2.4094849	0.02913739	5.161524e-05	0.00125	79.0	562.6439270973206
155	-200.0	0.0	-200.0	-200.0	200.0	-58.739964	3.9821439	-48.397663	-61.71513	624000	1.1444092e-08	577.2163	-0.00010145187	-3.8381348	0.034397803	-8.314323e-05	0.002	79.0	566.2551724910736
156	-200.0	0.0	-200.0	-200.0	200.0	-57.961075	4.2168303	-48.46775	-62.198742	628000	8.5830685e-09	570.4419	-0.00023373986	-0.611145	0.028716099	0.00033836652	0.0025	79.0	569.8125836849213
157	-200.0	0.0	-200.0	-200.0	200.0	-58.582806	3.7103403	-47.983803	-62.16756	632000	-1.9073487e-09	573.3241	-0.00016213322	-2.399353	0.031735998	3.167391e-05	0.001	79.0	573.4283676147461
158	-200.0	0.0	-200.0	-200.0	200.0	-58.373905	3.2734888	-51.75328	-61.716507	636000	1.4305114e-08	570.8464	-5.123043e-05	-0.8753662	0.02621311	0.00012403059	0.00025	79.0	577.0326988697052
159	-200.0	0.0	-200.0	-200.0	200.0	-58.532745	3.3747387	-50.331245	-61.809006	640000	-5.722046e-09	572.10144	-0.00026644897	-1.3335571	0.022464992	-0.00016789544	0.00075	79.0	580.6162276268005
160	-200.0	0.0	-200.0	-200.0	200.0	-58.312923	3.5255284	-48.09415	-62.0702	644000	2.861023e-09	570.6585	-0.0002748804	-0.33721924	0.026886523	-1.6628981e-05	0.00075	79.0	584.2896292209625
161	-200.0	0.0	-200.0	-200.0	200.0	-57.991302	4.3364058	-44.087868	-62.12887	648000	1.9073487e-09	569.21265	-0.00022976303	-2.9605103	0.02865513	-1.5704512e-05	0.00375	79.0	587.9578161239624
162	-200.0	0.0	-200.0	-200.0	200.0	-58.513824	3.9825294	-44.386784	-62.2802	652000	-4.7683715e-09	574.24225	-0.00014654064	-2.225769	0.023657896	0.00014961303	0.00175	79.0	591.5912010669708
163	-200.0	0.0	-200.0	-200.0	200.0	-58.407356	3.4674633	-50.67606	-62.140697	656000	7.629395e-09	570.5752	-4.1296003e-05	-0.10900879	0.02767016	0.00019315016	0.001	79.0	595.1885197162628
164	-200.0	0.0	-200.0	-200.0	200.0	-58.03294	3.9462461	-49.369255	-62.119522	660000	1.2397766e-08	570.7428	-0.0005912981	-1.0299072	0.03164523	-0.00026307892	0.00675	79.0	598.7785968780518
165	-200.0	0.0	-200.0	-200.0	200.0	-58.33086	4.281704	-42.24408	-62.604	664000	-3.8146974e-09	572.87463	-0.00016429901	-2.666504	0.03721668	0.00027299105	0.0005	79.0	602.4034049510956
166	-200.0	0.0	-200.0	-200.0	200.0	-58.48263	3.1535726	-50.163353	-61.398518	668000	-8.5830685e-09	569.7826	-0.0002753134	-1.2565308	0.041954037	0.0006584681	0.00875	79.0	606.033367395401
167	-200.0	0.0	-200.0	-200.0	200.0	-59.104225	3.454838	-46.65181	-61.807404	672000	1.3351441e-08	574.6312	-0.00033282756	-4.654114	0.034996863	-0.00014673901	0.00125	79.0	609.6888320446014
168	-200.0	0.0	-200.0	-200.0	200.0	-57.857445	4.159496	-43.146137	-62.012943	676000	1.9073486e-08	570.22284	-0.0001154108	-1.9158325	0.039745983	0.00016533052	0.00075	79.0	613.3542079925537
169	-200.0	0.0	-200.0	-200.0	200.0	-58.149025	4.398672	-32.13362	-61.735462	680000	1.0490417e-08	577.56555	-0.0002089777	-3.5790405	0.044377845	-1.0726929e-05	0.001	79.0	616.9732468128204
170	-200.0	0.0	-200.0	-200.0	200.0	-58.7938	3.5321887	-48.678246	-62.700005	684000	-4.7683715e-09	573.06586	-0.00019500827	-8.08905	0.037486676	0.00030969727	0.00025	79.0	620.5606913566589
171	-200.0	0.0	-200.0	-200.0	200.0	-58.626312	4.2959394	-48.046852	-62.147457	688000	9.536744e-10	573.09485	-0.00042713358	-3.0408325	0.042819373	0.00041104067	0.00575	79.0	624.24334192276
172	-200.0	0.0	-200.0	-200.0	200.0	-58.37275	3.8478973	-50.31918	-62.35477	692000	9.536744e-10	570.04346	-0.00015554906	-0.12585449	0.050244	0.00019701672	0.00125	79.0	627.8817257881165
173	-200.0	0.0	-200.0	-200.0	200.0	-58.301952	3.911289	-47.916454	-62.226856	696000	-6.6757204e-09	571.10834	-0.00017983626	-2.1293335	0.041822307	9.6170064e-05	0.0	79.0	631.4971511363983
174	-200.0	0.0	-200.0	-200.0	200.0	-58.4252	3.5493035	-45.321556	-62.14254	700000	1.525879e-08	572.69183	-0.00012215615	-1.614502	0.04397296	0.000287596	0.0025	79.0	635.1325335502625
175	-200.0	0.0	-200.0	-200.0	200.0	-58.43364	3.191461	-49.904175	-61.606068	704000	-2.002716e-08	572.6743	-0.00018580818	-0.7139282	0.03655564	0.00019826269	0.0005	79.0	638.7683296203613
176	-200.0	0.0	-200.0	-200.0	200.0	-57.959656	4.400307	-14.988755	-61.76179	708000	3.8146974e-09	570.9716	-0.00047726725	-2.5401611	0.041358907	5.668807e-05	0.0005	79.0	642.3858330249786
177	-200.0	0.0	-200.0	-200.0	200.0	-58.15759	4.2631636	-45.119553	-62.25267	712000	2.861023e-09	572.0561	-5.3757667e-05	-1.2327881	0.046914317	0.00025194144	0.001	79.0	645.9639196395874
178	-200.0	0.0	-200.0	-200.0	200.0	-58.69132	3.520621	-50.338497	-62.036274	716000	-7.629395e-09	570.8355	-5.9604645e-05	-0.44586182	0.03970041	0.0002712363	0.00075	79.0	649.5533499717712
179	-200.0	0.0	-200.0	-200.0	200.0	-58.126617	3.8342402	-50.06681	-61.90927	720000	3.8146974e-09	570.42126	-0.00035281945	-4.6968384	0.045199234	0.00067624805	0.00225	79.0	653.1268236637115
180	-200.0	0.0	-200.0	-200.0	200.0	-58.869884	4.283056	-49.258797	-61.82483	724000	-1.9073487e-09	579.5615	-0.00024624632	-9.717773	0.037928734	-9.622514e-05	0.00125	79.0	656.7231435775757
181	-200.0	0.0	-200.0	-200.0	200.0	-58.242302	3.7828631	-51.623993	-62.740593	728000	-1.2397766e-08	574.5422	-0.00016869354	-8.924988	0.031556003	-0.00011272609	0.00025	79.0	660.314218044281
182	-200.0	0.0	-200.0	-200.0	200.0	-57.95196	4.368621	-50.72352	-62.11244	732000	-9.536743e-09	569.9658	-0.00020515347	-0.7758789	0.032870855	-0.00022147608	0.00025	79.0	663.9536247253418
183	-200.0	0.0	-200.0	-200.0	200.0	-58.256935	3.8222556	-51.387775	-62.07155	736000	2.861023e-09	574.2853	-0.00012975502	-2.9091797	0.033086836	0.00022792614	0.0005	79.0	667.4310500621796
184	-200.0	0.0	-200.0	-200.0	200.0	-59.113018	4.151524	-50.978817	-61.966427	740000	1.9073487e-09	579.54926	-0.00017685318	-9.405518	0.037885338	-0.000111036774	0.00125	79.0	670.8013913631439
185	-200.0	0.0	-200.0	-200.0	200.0	-58.350033	3.3550806	-52.30482	-62.184017	744000	-2.3841858e-08	570.71893	-0.00028354742	-5.048889	0.031454973	-6.8494795e-05	0.00125	79.0	674.178560256958
186	-200.0	0.0	-200.0	-200.0	200.0	-58.737495	4.068495	-51.198116	-61.72474	748000	7.629395e-09	579.2174	-8.130646e-05	-7.6480713	0.025956009	-0.00015237046	0.0005	79.0	677.5923256874084
187	-200.0	0.0	-200.0	-200.0	200.0	-58.261967	3.47462	-52.824463	-62.367672	752000	9.536744e-10	572.1949	-0.00035137654	-1.1168823	0.02137615	-2.6920796e-05	0.00075	79.0	680.9965755939484
188	-200.0	0.0	-200.0	-200.0	200.0	-58.34886	3.5552034	-52.14728	-62.04185	756000	5.722046e-09	568.6542	-0.00032481385	-0.41235352	0.02451531	0.00010297036	0.00325	79.0	684.4122588634491
189	-200.0	0.0	-200.0	-200.0	200.0	-58.292515	3.8005376	-51.624382	-61.971565	760000	-3.8146974e-09	570.2389	-0.00039161587	-0.44415283	0.02040114	0.0013611222	0.00475	79.0	687.8902535438538
190	-200.0	0.0	-200.0	-200.0	200.0	-58.839886	3.0886843	-52.19745	-61.817574	764000	-2.4795533e-08	572.89465	-1.054573e-05	-2.6245728	0.012503289	-0.00018641925	0.0	79.0	691.3593077659607
191	-200.0	0.0	-200.0	-200.0	200.0	-58.313667	3.4671988	-51.87361	-62.244583	768000	-1.525879e-08	569.9291	-4.1427615e-05	-3.1089478	0.010698977	-0.0002339604	0.0005	79.0	694.7785024642944
192	-200.0	0.0	-200.0	-200.0	200.0	-57.905617	4.6292567	-51.467655	-62.52818	772000	4.7683715e-09	570.8996	-0.00016052341	-1.3082275	0.00803684	0.00030112194	0.0015	79.0	698.1882929801941
193	-200.0	0.0	-200.0	-200.0	200.0	-58.454243	3.95123	-52.959347	-62.65414	776000	1.9073487e-09	569.312	-1.2830734e-05	-0.54486084	0.0065376977	-6.4492224e-06	0.0	79.0	701.5862889289856
194	-200.0	0.0	-200.0	-200.0	200.0	-58.11914	4.0612416	-53.606483	-62.546535	780000	-6.6757204e-09	571.0434	-0.00020346165	-0.45965576	0.0069995616	-8.402467e-06	0.00075	79.0	704.9728536605835
195	-200.0	0.0	-200.0	-200.0	200.0	-58.501686	3.5816956	-53.768047	-62.106243	784000	-7.629395e-09	571.0819	-0.00011378574	-0.27038574	0.008257271	0.00020883179	0.00125	79.0	708.3655717372894
196	-200.0	0.0	-200.0	-200.0	200.0	-58.196358	3.6904004	-53.761448	-62.198833	788000	0.0	571.08185	-7.520103e-05	-1.2543335	0.0054201856	9.494626e-05	0.00075	79.0	711.7635700702667
197	-200.0	0.0	-200.0	-200.0	200.0	-58.63629	3.6958158	-52.970284	-62.225693	792000	7.629395e-09	573.12006	-3.1960488e-05	-0.8536377	0.0037474604	-3.5641195e-05	0.00025	79.0	715.1273846626282
198	-200.0	0.0	-200.0	-200.0	200.0	-58.256985	3.6682703	-52.343964	-62.115875	796000	9.536744e-10	570.2758	-1.9640922e-05	-0.21331787	0.002819311	6.8703055e-05	0.0005	79.0	718.5490801334381
199	-200.0	0.0	-200.0	-200.0	200.0	-58.33395	3.6690917	-51.991302	-62.110954	800000	1.3351441e-08	571.1117	-1.5003205e-05	-0.98779297	0.0021734815	1.4133096e-05	0.00025	79.0	721.9469492435455
