Epoch	AverageEpRet	StdEpRet	MaxEpRet	MinEpRet	EpLen	AverageVVals	StdVVals	MaxVVals	MinVVals	TotalEnvInteracts	LossPi	LossV	DeltaLossPi	DeltaLossV	Entropy	KL	ClipFrac	StopIter	Time
0	24.392637	15.982135	113.0	8.0	24.392637	0.08003402	0.02771181	0.14947996	-0.017276539	4000	-9.745359e-09	385.4061	-0.018633705	-186.89384	0.6922321	0.008642279	0.105	79.0	3.3893203735351562
1	30.713179	16.113066	86.0	9.0	30.713179	8.441754	0.31814963	9.056375	6.0728974	8000	-5.841255e-09	220.15797	-0.016628705	-71.33316	0.6823271	0.0064788116	0.055	79.0	6.848874807357788
2	39.58416	28.584518	152.0	9.0	39.58416	13.511642	1.6243945	14.401553	-5.933297	12000	-1.7642975e-08	407.86566	-0.01592817	-90.61322	0.66625535	0.015847009	0.1535	12.0	9.67801284790039
3	70.12281	44.744526	184.0	15.0	70.12281	19.54721	1.4984453	20.07456	-1.9535064	16000	-1.0490417e-08	700.6749	-0.013508204	-175.75836	0.6494002	0.0031714279	0.049	79.0	13.046452760696411
4	98.2	45.03121	197.0	23.0	98.2	27.182379	0.60191274	27.416563	15.5844345	20000	-3.3259393e-08	662.88367	-0.007613832	-138.9483	0.6318219	0.015511885	0.21075	10.0	16.255701541900635
5	94.95238	55.724216	208.0	19.0	94.95238	31.22806	6.5253167	33.62041	-26.08923	24000	2.1457673e-08	589.4191	-0.015275557	-110.46692	0.62437093	0.01765018	0.355	9.0	19.089154481887817
6	154.24	102.03069	481.0	25.0	154.24	37.249672	3.7325888	38.817184	4.3637223	28000	5.543232e-09	1005.73254	-0.004021379	-269.33746	0.62048274	0.015043861	0.17825	11.0	21.90420937538147
7	99.79487	53.650425	268.0	10.0	99.79487	43.829388	6.6067977	46.4827	13.351814	32000	-8.225441e-09	457.86017	-0.011691131	-60.609344	0.6125452	0.015287389	0.26025	8.0	24.642839431762695
8	220.35294	120.79684	500.0	43.0	220.35294	42.176537	10.76983	47.980053	10.123735	36000	3.170967e-08	995.38257	-0.005887495	-308.52258	0.6084556	0.0022864295	0.02275	79.0	27.985793113708496
9	246.1875	109.52181	500.0	105.0	246.1875	50.690353	10.05155	55.706833	11.104035	40000	0.0	730.7312	-0.006007513	-192.0603	0.5971148	0.002301959	0.015	79.0	31.324480772018433
10	351.45456	108.74605	500.0	223.0	351.45456	54.55688	12.787579	61.363407	6.0849633	44000	-3.840029e-08	804.8945	-0.0051641506	-268.4972	0.5800305	0.0062133996	0.018	79.0	34.777854919433594
11	327.58334	128.51683	500.0	159.0	327.58334	55.406414	18.161238	67.28864	10.806798	48000	-1.0967255e-08	659.0022	-0.004722353	-305.45297	0.5865658	0.005303444	0.03375	79.0	38.12816596031189
12	341.9091	131.18651	500.0	138.0	341.9091	68.16537	9.279236	71.826126	14.633104	52000	1.45435335e-08	538.8999	-0.0046593314	-58.124023	0.5815632	0.0047128913	0.0365	79.0	42.17768979072571
13	360.9	151.50673	500.0	107.0	360.9	72.69209	6.356074	74.81905	27.336697	56000	-9.536744e-10	582.4406	-0.006978912	-115.190704	0.5663897	0.0058382857	0.0285	79.0	45.465187311172485
14	500.0	0.0	500.0	500.0	500.0	76.0277	5.539489	77.74065	34.666065	60000	8.34465e-09	512.7456	-0.0032849854	-60.908447	0.562014	0.0031625857	0.053	79.0	48.76714825630188
15	500.0	0.0	500.0	500.0	500.0	79.48624	3.50601	80.784996	62.95495	64000	-5.9604646e-09	528.8488	-0.0011191012	-17.380402	0.57694876	0.0041954997	0.03975	79.0	52.106993675231934
16	500.0	0.0	500.0	500.0	500.0	76.21095	10.758013	82.335495	22.341387	68000	-1.6689301e-09	522.41626	-0.003600568	-66.98465	0.5685915	0.008988511	0.03275	79.0	55.43726968765259
17	378.2	134.9139	500.0	170.0	378.2	65.95952	25.252975	83.71294	2.250622	72000	5.3644182e-09	492.4025	-0.0042942767	-184.39694	0.573958	0.00831968	0.05225	79.0	58.74012017250061
18	500.0	0.0	500.0	500.0	500.0	82.96947	5.330373	85.16111	46.336487	76000	5.00679e-09	518.66327	-0.0029216672	-20.142822	0.5715808	0.0036929136	0.02325	79.0	62.08805274963379
19	500.0	0.0	500.0	500.0	500.0	84.018555	3.2070484	85.17885	68.575806	80000	1.8119811e-08	564.9295	-0.0049398364	-45.027893	0.56292623	0.004391225	0.06	79.0	65.47954511642456
20	496.875	8.267973	500.0	475.0	496.875	77.49981	7.5369387	85.05505	27.488256	84000	5.722046e-09	543.2881	-0.0016495845	-37.039948	0.56494325	0.0045596017	0.039	79.0	68.87928318977356
21	460.625	104.17646	500.0	185.0	460.625	82.03325	4.4097466	85.74617	66.013535	88000	-2.4139881e-09	591.65906	-0.002074695	-49.568665	0.5470161	0.0039377394	0.04375	79.0	72.27612042427063
22	394.0	109.54451	500.0	202.0	394.0	79.29038	7.777465	86.336815	16.41728	92000	3.5762786e-09	515.1848	-0.0027448912	-121.91696	0.55437124	0.005522494	0.04025	79.0	75.53916001319885
23	500.0	0.0	500.0	500.0	500.0	79.847855	6.4527683	86.382454	43.774483	96000	-4.7683715e-09	541.5859	-0.0024493148	-59.220825	0.5545811	0.001445774	0.025	79.0	78.81745791435242
24	500.0	0.0	500.0	500.0	500.0	83.13765	4.663201	87.282936	67.10382	100000	-3.0994416e-09	522.8385	-0.0022901986	-19.6203	0.53190285	0.0061526075	0.036	79.0	82.11711859703064
25	500.0	0.0	500.0	500.0	500.0	82.495705	4.2251263	87.58768	66.28909	104000	-4.6491624e-09	539.43665	-0.0016101205	-8.929871	0.52695507	0.0027621726	0.01475	79.0	85.5314211845398
26	500.0	0.0	500.0	500.0	500.0	84.20019	3.6932635	87.83161	75.44518	108000	-2.2649764e-09	559.14923	-0.0010462366	-24.25476	0.52735907	0.002300473	0.02325	79.0	88.91111326217651
27	500.0	0.0	500.0	500.0	500.0	80.71536	3.4741392	86.38394	73.29673	112000	6.437302e-09	549.1461	-0.0041995686	-21.329468	0.5438847	0.0068007177	0.06975	79.0	92.28418064117432
28	417.66666	114.23951	500.0	190.0	417.66666	80.67311	4.3312073	87.38654	62.71677	116000	-1.0728836e-09	536.55194	-0.0047193104	-102.953186	0.5452551	0.009029764	0.0445	79.0	95.63433623313904
29	500.0	0.0	500.0	500.0	500.0	82.56759	6.247404	88.44872	46.24439	120000	-4.768372e-10	586.40436	-0.001188596	-52.295532	0.5433347	0.0013772016	0.011	79.0	99.04076075553894
30	455.625	88.938095	500.0	233.0	455.625	83.514015	4.201161	87.97006	76.62729	124000	1.3113022e-09	544.89844	-0.001993558	-34.511505	0.52717394	0.0029701	0.0135	79.0	102.3574149608612
31	500.0	0.0	500.0	500.0	500.0	80.61805	5.1822996	85.879295	66.85681	128000	-1.192093e-10	571.70087	-0.0029649115	-26.401855	0.5415592	0.0056628245	0.03375	79.0	105.73193120956421
32	500.0	0.0	500.0	500.0	500.0	81.13291	3.9790542	86.899376	74.761406	132000	2.861023e-09	530.23285	-0.0021658782	-13.053772	0.5371958	0.007353571	0.023	79.0	109.25444865226746
33	500.0	0.0	500.0	500.0	500.0	84.439644	3.1316023	87.78989	58.94255	136000	2.026558e-09	531.5354	-0.001546648	-12.951843	0.53827006	-0.0001279437	0.022	79.0	112.5871810913086
34	500.0	0.0	500.0	500.0	500.0	82.04322	4.7867136	86.062645	52.008858	140000	5.2452087e-09	510.86337	-0.0012648251	-42.74115	0.5500564	0.0055670426	0.024	79.0	115.88886785507202
35	500.0	0.0	500.0	500.0	500.0	84.23816	5.254072	87.81147	67.73457	144000	7.987023e-09	561.04584	-0.0019626983	-55.437286	0.55385256	0.002952472	0.043	79.0	119.28125953674316
36	500.0	0.0	500.0	500.0	500.0	84.32835	4.0529	88.46233	71.7151	148000	7.629395e-09	514.4264	-0.0024181337	-14.740295	0.5471865	0.004671176	0.03225	79.0	122.56479835510254
37	500.0	0.0	500.0	500.0	500.0	80.47625	3.278015	87.34823	76.20525	152000	-2.6226044e-09	515.2257	-0.001280549	-18.539154	0.54186314	0.0030706471	0.0165	79.0	125.99216294288635
38	500.0	0.0	500.0	500.0	500.0	82.795815	4.235298	88.68078	75.491264	156000	2.7418137e-09	473.3102	-0.0014193305	-60.122864	0.548546	0.0034365046	0.04725	79.0	129.37329936027527
39	500.0	0.0	500.0	500.0	500.0	78.02568	8.227332	89.21005	59.765736	160000	-2.2649764e-09	491.19537	-0.0025068035	-33.406677	0.53862566	0.006526924	0.05125	79.0	132.7680242061615
40	500.0	0.0	500.0	500.0	500.0	85.80734	5.9935718	91.997406	73.57607	164000	9.417534e-09	608.8499	-0.0017442408	-70.58942	0.5308252	0.00039100152	0.017	79.0	136.09619688987732
41	500.0	0.0	500.0	500.0	500.0	82.38472	3.6049647	90.36055	78.71665	168000	1.001358e-08	518.4595	-0.00063908804	-12.905762	0.5438948	0.0008471405	0.00825	79.0	139.44989228248596
42	500.0	0.0	500.0	500.0	500.0	81.81489	5.0970035	91.63663	74.43709	172000	-1.525879e-08	541.7058	-0.0010497635	-25.724243	0.53270996	0.0015641367	0.02	79.0	142.7563874721527
43	500.0	0.0	500.0	500.0	500.0	82.897736	5.038592	91.7972	72.177025	176000	6.437302e-09	540.0144	-0.0055712615	-11.873962	0.54331315	0.005781535	0.073	79.0	146.73302912712097
44	482.625	45.96993	500.0	361.0	482.625	84.437965	4.1354046	90.9782	78.773705	180000	-7.1823596e-09	578.4484	-0.003396781	-52.302307	0.54158944	0.0046383417	0.03625	79.0	150.13253045082092
45	461.375	102.19215	500.0	191.0	461.375	79.72022	4.7120767	87.287926	65.263145	184000	-3.0398368e-09	526.96686	-0.0047679157	-69.746704	0.5441319	0.0027725538	0.02925	79.0	153.4920666217804
46	453.0	124.35031	500.0	124.0	453.0	81.632126	6.0842433	87.71247	58.117413	188000	-5.722046e-09	553.08453	-0.0036201829	-14.9661255	0.5566147	0.005480258	0.0485	79.0	156.8028848171234
47	500.0	0.0	500.0	500.0	500.0	77.65888	7.0013275	87.75327	57.30361	192000	2.384186e-10	607.55316	-0.0016994848	-85.90283	0.5629674	0.0033938328	0.0315	79.0	160.21300864219666
48	500.0	0.0	500.0	500.0	500.0	83.55045	5.4983926	91.00227	70.27655	196000	3.218651e-09	503.4168	-0.0024445122	-29.196259	0.55891836	0.015102785	0.21225	7.0	162.91672158241272
49	500.0	0.0	500.0	500.0	500.0	81.816376	5.6870604	88.97445	67.31215	200000	-1.0728836e-09	476.733	-0.00096594944	-77.38751	0.55824786	0.0012712765	0.018	79.0	166.20740032196045
50	500.0	0.0	500.0	500.0	500.0	82.27512	10.305727	92.330315	24.547516	204000	-3.8146974e-09	549.2393	-0.0020964108	-86.265045	0.57190865	0.0031855104	0.0145	79.0	169.56664896011353
51	500.0	0.0	500.0	500.0	500.0	82.40189	6.4730506	91.52343	71.41449	208000	-6.556511e-09	448.7524	-0.0039782263	-56.56537	0.56131065	0.0050604455	0.082	79.0	172.97416400909424
52	353.7	119.98754	500.0	235.0	353.7	84.15194	6.639614	90.3461	64.57342	212000	5.4836273e-09	649.91125	-0.0048747817	-362.61957	0.5703471	0.0065410757	0.03925	79.0	176.95236659049988
53	471.25	60.29666	500.0	317.0	471.25	71.25389	23.477066	90.256325	-14.587525	216000	-4.053116e-09	401.2877	-0.0071080336	-146.07158	0.57573885	0.005399243	0.0355	79.0	180.2517683506012
54	500.0	0.0	500.0	500.0	500.0	84.01575	8.80715	93.54443	57.007423	220000	1.4305115e-09	573.4255	-0.0031215316	-50.810608	0.5559302	0.0028119388	0.05	79.0	183.60265183448792
55	500.0	0.0	500.0	500.0	500.0	83.02509	4.4185247	90.21099	75.81096	224000	-4.768372e-10	459.8365	-0.0011538339	-53.00589	0.5582069	4.7183217e-05	0.0165	79.0	186.92936325073242
56	500.0	0.0	500.0	500.0	500.0	82.94855	7.796624	91.74872	72.35156	228000	-1.3589859e-08	460.91333	-0.0013843507	-6.5025024	0.57097906	0.004467956	0.03375	79.0	190.2977888584137
57	437.22223	103.92923	500.0	244.0	437.22223	80.769264	14.041051	91.6078	9.244745	232000	5.9604646e-09	446.9973	-0.0027254766	-64.26813	0.5715016	0.01502814	0.236	9.0	193.07875680923462
58	405.55554	133.32843	500.0	171.0	405.55554	78.8522	7.9729023	90.81865	56.442245	236000	5.364418e-10	489.33273	-0.0020542555	-164.06866	0.57127726	0.005230888	0.03525	79.0	196.48884534835815
59	394.0	87.619125	500.0	274.0	394.0	79.989426	19.253836	94.4965	15.701727	240000	-1.66893e-08	264.92392	-0.008550399	-33.966217	0.5672829	0.006568575	0.08425	79.0	199.85708355903625
60	495.5	9.836158	500.0	470.0	495.5	78.45724	15.012355	93.07329	15.945178	244000	2.2649764e-09	369.80807	-0.003628103	-94.393616	0.5646428	0.00798852	0.05025	79.0	203.1907181739807
61	500.0	0.0	500.0	500.0	500.0	84.49189	8.790406	93.631035	61.864952	248000	1.1563301e-08	345.99054	-0.0040727183	-99.66522	0.570887	0.004766275	0.03675	79.0	206.48222279548645
62	474.375	47.61811	500.0	363.0	474.375	83.59661	13.966892	94.28322	8.304136	252000	6.198883e-09	239.44102	-0.0043848436	-134.86322	0.5645445	0.00683098	0.04825	79.0	209.88705134391785
63	409.22223	71.6919	500.0	331.0	409.22223	75.97131	28.860743	95.507614	5.358528	256000	5.722046e-09	344.5153	-0.006440585	-164.14261	0.55816203	0.007242064	0.054	79.0	213.25726127624512
64	500.0	0.0	500.0	500.0	500.0	89.20434	7.5328918	95.00856	54.71272	260000	-5.9604646e-09	495.72913	-0.00059351814	-177.8374	0.5616229	0.0027938816	0.01225	79.0	216.91662883758545
65	500.0	0.0	500.0	500.0	500.0	80.64658	9.969758	92.69612	58.966705	264000	3.5762786e-09	403.54242	-0.0024188142	-20.119812	0.56929547	0.007516236	0.0745	79.0	220.2308394908905
66	454.25	121.04312	500.0	134.0	454.25	73.906876	19.36131	96.00179	32.714672	268000	-8.940697e-09	541.1794	-0.0049713906	-130.3064	0.5794313	0.0075049335	0.03675	79.0	223.5276699066162
67	473.25	48.401318	500.0	365.0	473.25	85.48222	12.250484	96.267654	13.095939	272000	4.053116e-09	469.62274	-0.0029233205	-65.89166	0.56403285	0.0028113248	0.022	79.0	227.41058039665222
68	500.0	0.0	500.0	500.0	500.0	74.72827	20.005287	93.419846	0.77725005	276000	1.4781952e-08	562.15186	-0.0055681043	-218.54599	0.5712085	0.0022910065	0.04825	79.0	230.79416608810425
69	500.0	0.0	500.0	500.0	500.0	81.80227	12.1570425	96.8642	44.40587	280000	-4.172325e-09	587.8771	-0.005770225	-154.19888	0.57128066	0.0067265606	0.0875	79.0	234.27725863456726
70	500.0	0.0	500.0	500.0	500.0	77.000656	13.8124	95.91578	18.277185	284000	3.5762786e-09	562.2973	-0.0014672735	-123.282135	0.56974876	0.004217272	0.02575	79.0	237.87681198120117
71	500.0	0.0	500.0	500.0	500.0	84.13906	8.46262	96.106346	73.454605	288000	-1.5974045e-08	446.5955	-0.0018195009	-20.462128	0.5633146	0.0033250856	0.034	79.0	241.15198230743408
72	500.0	0.0	500.0	500.0	500.0	78.241486	10.19648	94.96596	69.11412	292000	4.7683715e-09	433.79306	-0.0010993695	-33.295624	0.569649	0.002126007	0.017	79.0	244.48333024978638
73	500.0	0.0	500.0	500.0	500.0	83.005	9.791578	96.245094	69.800095	296000	-7.510185e-09	367.03787	-0.0021081949	-41.915436	0.5847182	0.0033226605	0.01825	79.0	247.90645599365234
74	500.0	0.0	500.0	500.0	500.0	88.04005	8.552851	95.25995	67.4769	300000	-4.2915342e-09	453.23624	-0.0025968682	-72.92062	0.5794075	0.0041362024	0.0515	79.0	251.21962523460388
75	500.0	0.0	500.0	500.0	500.0	77.03216	11.637717	95.16192	66.6818	304000	-1.07288365e-08	536.7649	-0.0020237826	-65.02005	0.55956185	0.006402604	0.053	79.0	254.667254447937
76	500.0	0.0	500.0	500.0	500.0	84.9245	9.864587	98.585266	70.63945	308000	-1.1205673e-08	475.62238	-0.0035488624	-25.391022	0.55480427	0.006130116	0.056	79.0	257.9828288555145
77	500.0	0.0	500.0	500.0	500.0	78.746994	8.985871	97.18461	69.34189	312000	4.053116e-09	474.3243	-0.0024707648	-30.94403	0.56545097	0.003810519	0.038	79.0	261.3185999393463
78	500.0	0.0	500.0	500.0	500.0	85.71944	10.363044	99.72312	76.04371	316000	-2.2649764e-09	387.68152	-0.0043457085	-63.208405	0.5640517	0.0055768234	0.033	79.0	264.6636986732483
79	500.0	0.0	500.0	500.0	500.0	77.94133	10.72703	94.42776	67.63529	320000	-7.1525574e-10	421.9982	-0.0009712453	-65.33386	0.56835574	0.003429335	0.009	79.0	267.9877378940582
80	500.0	0.0	500.0	500.0	500.0	87.36124	10.776798	97.90849	58.04722	324000	9.536744e-10	392.73468	-0.0030811564	-102.649414	0.5668122	0.0041747694	0.045	79.0	271.4545269012451
81	500.0	0.0	500.0	500.0	500.0	77.71044	15.269293	97.098564	56.476696	328000	9.536744e-10	402.55865	-0.0015167753	-42.670685	0.55652153	0.0042692698	0.05275	79.0	274.7441654205322
82	500.0	0.0	500.0	500.0	500.0	87.63495	11.212492	98.132996	60.570335	332000	-1.07288365e-08	647.0649	-0.001200865	-213.8489	0.5512483	0.0030475203	0.027	79.0	278.02525424957275
83	500.0	0.0	500.0	500.0	500.0	86.2613	9.104438	97.56927	68.64032	336000	-7.033348e-09	501.94092	-0.0020524105	-57.227448	0.5593993	0.006509911	0.041	79.0	281.3385179042816
84	500.0	0.0	500.0	500.0	500.0	78.35682	10.334773	96.96293	58.729992	340000	2.384186e-10	437.74863	-0.0017602303	-43.895752	0.5707354	0.0035569058	0.01975	79.0	284.6473114490509
85	464.375	94.25489	500.0	215.0	464.375	83.4831	12.004192	98.25251	57.772118	344000	-3.8146974e-09	456.25922	-0.0035380651	-82.87421	0.5659525	0.002097561	0.052	79.0	287.9402725696564
86	500.0	0.0	500.0	500.0	500.0	77.34438	10.56791	96.29057	60.873604	348000	1.0967255e-08	453.57715	-0.003191129	-33.673676	0.5683245	0.010275309	0.056	79.0	291.23746132850647
87	500.0	0.0	500.0	500.0	500.0	89.03331	10.792482	99.17854	73.03684	352000	1.9073487e-09	430.80682	-0.004785006	-79.03897	0.5670923	0.0091083795	0.066	79.0	294.5151813030243
88	500.0	0.0	500.0	500.0	500.0	77.32149	11.491906	95.88598	67.92425	356000	-7.7486035e-09	434.43484	-0.0030102797	-60.35669	0.57331914	0.005598205	0.051	79.0	297.83836793899536
89	462.625	98.88496	500.0	201.0	462.625	81.69474	12.027497	97.761055	57.091705	360000	-5.662441e-09	428.3831	-0.002727996	-30.674011	0.57908326	0.008605154	0.06	79.0	301.191123008728
90	500.0	0.0	500.0	500.0	500.0	81.962456	11.718721	97.43581	70.10036	364000	-3.0994416e-09	413.6572	-0.002633386	-22.674377	0.56301606	0.0043874276	0.06725	79.0	304.499630689621
91	500.0	0.0	500.0	500.0	500.0	80.44022	11.797103	98.4501	54.00997	368000	3.9339065e-09	607.9832	-0.002475582	-141.56302	0.56841826	0.0033161421	0.07225	79.0	307.7872769832611
92	500.0	0.0	500.0	500.0	500.0	82.781975	10.017166	102.48013	74.74501	372000	-7.1525574e-10	433.50223	-0.0046816044	-39.560516	0.5533516	0.005243702	0.06325	79.0	311.1001965999603
93	500.0	0.0	500.0	500.0	500.0	81.24814	11.763524	99.387886	64.00369	376000	-7.867813e-09	414.66623	-0.001697647	-3.3797302	0.5574487	0.0026077195	0.0325	79.0	314.4290201663971
94	453.5	123.027435	500.0	128.0	453.5	81.71057	11.656719	99.55887	54.666134	380000	-4.6491624e-09	549.113	-0.004239427	-46.750458	0.5665221	0.0058081322	0.044	79.0	317.734756231308
95	500.0	0.0	500.0	500.0	500.0	79.32075	9.534266	99.374435	69.29251	384000	2.026558e-09	448.13336	-0.0013433027	-44.719666	0.5685634	0.00073569117	0.0265	79.0	321.10739946365356
96	500.0	0.0	500.0	500.0	500.0	83.27237	11.258671	99.908875	73.27844	388000	4.768372e-10	421.19	-0.0022674794	-2.902649	0.578556	0.0014800275	0.0165	79.0	324.50629687309265
97	500.0	0.0	500.0	500.0	500.0	82.392624	11.200851	98.56378	71.66947	392000	-1.192093e-10	403.33615	-0.0014258284	-1.7269287	0.5661833	0.0038887549	0.069	79.0	327.8016424179077
98	480.0	52.915028	500.0	340.0	480.0	82.1623	11.685251	98.267555	71.05058	396000	-9.059906e-09	437.07382	-0.0021776194	-9.011688	0.57319254	0.0013082054	0.02825	79.0	331.1308755874634
99	500.0	0.0	500.0	500.0	500.0	78.68069	11.197288	96.77464	69.10814	400000	-9.059906e-09	504.5241	-0.0020344607	-35.18869	0.5713191	0.0076175327	0.0345	79.0	334.4656240940094
100	455.125	118.72809	500.0	141.0	455.125	83.85903	11.104344	100.69105	73.80615	404000	-1.1920929e-08	527.00616	-0.003923621	-81.54828	0.57432544	0.0030665405	0.02875	79.0	337.78697085380554
101	500.0	0.0	500.0	500.0	500.0	79.3738	11.190718	98.45026	43.730057	408000	-1.4305115e-09	471.47894	-0.0022800532	-44.860474	0.5802536	0.0029908125	0.03525	79.0	341.0806007385254
102	500.0	0.0	500.0	500.0	500.0	82.91011	11.196218	98.93179	72.15963	412000	-1.6689301e-09	450.00607	-0.002629331	-9.19989	0.5647692	0.007979642	0.14875	79.0	344.3694393634796
103	457.75	111.78299	500.0	162.0	457.75	81.70797	10.155539	99.729	72.960266	416000	1.7881393e-09	536.9195	-0.0030805182	-30.835266	0.579748	0.006785385	0.03625	79.0	347.71666073799133
104	500.0	0.0	500.0	500.0	500.0	80.33264	9.799025	100.30784	34.645393	420000	-8.34465e-09	449.57846	-0.0022384399	-29.040192	0.57395774	0.004684856	0.03	79.0	351.0259997844696
105	463.375	96.90064	500.0	207.0	463.375	82.61047	12.512035	101.94171	29.4202	424000	5.0514934e-09	480.49826	-0.0044036736	-26.198303	0.5812076	0.0063105794	0.0315	79.0	354.32055926322937
106	442.77777	108.077934	500.0	211.0	442.77777	77.99465	15.332879	99.06447	20.744658	428000	-4.529953e-09	543.14935	-0.0027080257	-73.775604	0.5716818	0.0036130666	0.04125	79.0	357.6845407485962
107	440.0	158.74507	500.0	20.0	440.0	78.19997	10.119076	97.29709	69.14283	432000	-8.34465e-09	466.06693	-0.0034712474	-26.292389	0.5752494	0.0064683575	0.04225	79.0	360.96561312675476
108	500.0	0.0	500.0	500.0	500.0	81.3757	10.727245	99.8926	73.27956	436000	-1.9073487e-09	417.08337	-0.0023336862	-7.0847473	0.5720839	0.004204685	0.03075	79.0	364.27721524238586
109	500.0	0.0	500.0	500.0	500.0	82.45738	10.826967	100.150154	73.05585	440000	-2.6226044e-09	425.99664	-0.0027115205	-7.014282	0.566671	0.006471193	0.05625	79.0	367.61562871932983
110	500.0	0.0	500.0	500.0	500.0	82.667694	11.152798	100.84611	73.45629	444000	9.059906e-09	393.74496	-0.0020522932	-33.218597	0.5704192	0.0049947915	0.04225	79.0	370.9525156021118
111	500.0	0.0	500.0	500.0	500.0	82.44433	11.660843	98.138466	69.60594	448000	-1.4305115e-09	528.30524	-0.0030058087	-82.95392	0.5738618	0.0068912692	0.062	79.0	374.2526159286499
112	395.33334	148.02328	500.0	185.0	395.33334	83.62096	11.220911	102.22732	27.622328	452000	-5.2452087e-09	618.5691	-0.0027678292	-139.97678	0.5661013	0.0049765194	0.0395	79.0	377.66659331321716
113	500.0	0.0	500.0	500.0	500.0	79.52573	8.323198	96.1276	63.84671	456000	-1.168251e-08	452.512	-0.0033838213	-26.532104	0.5735571	0.0037223427	0.0655	79.0	381.03406858444214
114	500.0	0.0	500.0	500.0	500.0	82.36401	9.291382	100.627884	74.79784	460000	-1.4424324e-08	419.24777	-0.0029020815	-13.317902	0.55970603	0.007060977	0.06725	79.0	384.41105604171753
115	500.0	0.0	500.0	500.0	500.0	81.31548	11.01684	101.16682	72.87923	464000	7.152557e-09	416.8615	-0.0017618666	-8.792877	0.5742214	0.0025203128	0.0135	79.0	387.70898938179016
116	458.5	109.79868	500.0	168.0	458.5	83.24012	11.192023	102.08533	73.67891	468000	1.5377998e-08	501.7635	-0.0037226311	-30.26529	0.5715677	0.0037662068	0.0465	79.0	391.0446057319641
117	500.0	0.0	500.0	500.0	500.0	80.39063	10.456231	98.07037	68.534515	472000	-1.07288365e-08	397.48157	-0.0008795679	-11.093231	0.5584749	0.0022038084	0.01825	79.0	394.38434505462646
118	500.0	0.0	500.0	500.0	500.0	81.97076	11.352122	101.09567	71.53786	476000	3.695488e-09	377.6443	-0.0014034902	-8.861725	0.56747717	0.0036362493	0.01875	79.0	397.66878366470337
119	500.0	0.0	500.0	500.0	500.0	83.14577	11.905049	101.12907	70.863	480000	1.9073486e-08	358.27512	-0.002999629	-8.5121155	0.57124126	0.0025684005	0.0235	79.0	401.0585768222809
120	500.0	0.0	500.0	500.0	500.0	81.23265	12.863454	100.35964	68.91144	484000	-7.033348e-09	358.42267	-0.0031156112	-11.379517	0.57148784	0.0047950284	0.0295	79.0	404.36914134025574
121	392.9	88.5601	500.0	230.0	392.9	84.47537	11.7505665	99.45953	66.76613	488000	3.5762786e-09	508.46274	-0.0016232581	-270.3679	0.5645693	0.00680448	0.057	79.0	407.7550392150879
122	444.125	77.64412	500.0	307.0	444.125	77.97789	16.658031	97.78594	13.774296	492000	7.1525574e-10	295.4536	-0.003424879	-38.29959	0.550725	0.005180341	0.0785	79.0	411.047621011734
123	500.0	0.0	500.0	500.0	500.0	81.75183	12.712495	97.08048	45.11761	496000	-3.8146974e-09	338.0362	-0.0029312607	-60.46585	0.5664969	0.009583458	0.06225	79.0	414.35743856430054
124	500.0	0.0	500.0	500.0	500.0	87.31573	12.678272	100.222	60.955128	500000	-9.536743e-09	331.16632	-0.002637466	-85.98674	0.55760473	0.0051897503	0.03425	79.0	417.76328325271606
125	497.75	5.9529405	500.0	482.0	497.75	72.52367	27.30457	100.1971	4.6810794	504000	8.702278e-09	398.61328	-0.00315701	-162.50153	0.5577276	0.017313208	0.26475	3.0	420.5313789844513
126	500.0	0.0	500.0	500.0	500.0	85.95478	13.4638195	99.757256	59.411274	508000	1.4305115e-09	292.82675	-0.00080640725	-37.050888	0.5599914	0.0007717123	0.01575	79.0	423.93665170669556
127	500.0	0.0	500.0	500.0	500.0	83.24601	15.506756	98.335335	28.331259	512000	3.3378602e-09	361.16956	-0.0018026881	-71.32788	0.56423247	0.0069179293	0.028	79.0	427.27242136001587
128	500.0	0.0	500.0	500.0	500.0	79.01268	17.06339	98.96335	58.647614	516000	1.66893e-08	351.21616	-0.0013717746	-26.324951	0.5632548	0.0036742864	0.0115	79.0	430.6133785247803
129	500.0	0.0	500.0	500.0	500.0	78.90531	16.802359	99.0604	58.56237	520000	-2.1457673e-08	360.99277	-0.0049526943	-25.657654	0.5560149	0.0043358603	0.046	79.0	433.9176185131073
130	468.375	83.67188	500.0	247.0	468.375	85.362305	14.499652	98.854965	59.661762	524000	5.3644182e-09	359.993	-0.0027765457	-50.829773	0.5480752	0.0032120696	0.01475	79.0	437.3521809577942
131	471.5	59.939552	500.0	318.0	471.5	79.46979	15.151501	93.71141	43.594948	528000	2.384186e-10	300.7579	-0.0020734842	-114.39938	0.55647486	0.0029540723	0.035	79.0	440.68482875823975
132	500.0	0.0	500.0	500.0	500.0	82.49803	14.948944	97.1531	37.66255	532000	5.1259996e-09	226.85025	-0.0022023066	-54.22203	0.5539935	0.004136037	0.03925	79.0	443.98719358444214
133	500.0	0.0	500.0	500.0	500.0	87.99102	13.941457	99.156746	46.301994	536000	-1.37090685e-08	241.37686	-0.0018042115	-80.80426	0.53661853	0.0052389223	0.05825	79.0	447.341215133667
134	500.0	0.0	500.0	500.0	500.0	87.47045	12.776124	98.535385	43.09307	540000	-1.4066696e-08	256.10852	-0.0026413053	-101.745514	0.5467901	0.002285807	0.04125	79.0	450.7606191635132
135	500.0	0.0	500.0	500.0	500.0	84.77378	16.857115	98.79874	42.28738	544000	2.3841857e-09	192.3721	-0.0019278887	-48.364227	0.5437458	0.0074536954	0.04775	79.0	454.1034655570984
136	500.0	0.0	500.0	500.0	500.0	86.84719	15.100638	98.600204	42.428215	548000	3.8146974e-09	241.57109	-0.0038699745	-50.03972	0.5391674	0.002791391	0.0305	79.0	457.434508562088
137	500.0	0.0	500.0	500.0	500.0	80.63423	20.230154	98.11417	40.758263	552000	-1.4305115e-09	156.52469	-0.0017344698	-16.270645	0.5391062	0.004343991	0.031	79.0	460.8164474964142
138	500.0	0.0	500.0	500.0	500.0	85.063	17.324118	98.17068	34.19873	556000	-4.529953e-09	121.54348	-0.00081387925	-34.33943	0.53139144	0.00085402443	0.01225	79.0	464.26794505119324
139	500.0	0.0	500.0	500.0	500.0	80.12598	22.206285	97.85948	22.985653	560000	-1.513958e-08	99.159004	-0.0010489885	-6.272812	0.53742766	0.0045086415	0.0345	79.0	467.74975776672363
140	500.0	0.0	500.0	500.0	500.0	87.31025	14.095838	98.318794	30.43218	564000	3.8146974e-09	189.02531	-0.0006947947	-105.053444	0.5501481	0.001560866	0.01625	79.0	471.07647919654846
141	500.0	0.0	500.0	500.0	500.0	83.00339	20.831854	98.57162	10.753003	568000	3.218651e-09	147.10266	-0.0017217044	-19.660355	0.540563	0.002383537	0.0205	79.0	474.3805742263794
142	500.0	0.0	500.0	500.0	500.0	80.32073	22.590954	98.20062	12.098764	572000	-2.861023e-09	87.829666	-0.0033869308	-12.041794	0.55023617	0.0057740253	0.06325	79.0	477.7057030200958
143	500.0	0.0	500.0	500.0	500.0	83.02797	18.372194	98.471794	16.359045	576000	-4.2915342e-09	124.91872	-0.00096195936	-15.737068	0.5382505	0.0014863765	0.018	79.0	481.1210238933563
144	500.0	0.0	500.0	500.0	500.0	82.69921	19.252619	98.314186	15.483504	580000	-1.5974045e-08	149.30626	-0.0016633695	-21.194626	0.52101916	0.003175711	0.02475	79.0	484.6067523956299
145	500.0	0.0	500.0	500.0	500.0	81.55402	19.56406	98.034294	37.618736	584000	6.9141386e-09	116.81115	-0.0015597789	-20.497017	0.5278908	0.0045447093	0.02075	79.0	487.9894964694977
146	500.0	0.0	500.0	500.0	500.0	85.569786	14.390518	98.208176	40.92012	588000	-1.3589859e-08	222.03394	-0.0024519109	-50.550995	0.52932435	0.0070191417	0.05475	79.0	491.33768701553345
147	500.0	0.0	500.0	500.0	500.0	75.44117	27.69036	98.47113	7.3646736	592000	1.4305115e-09	232.94232	-0.0046603275	-98.142136	0.51290405	0.005060692	0.02775	79.0	495.32853388786316
148	500.0	0.0	500.0	500.0	500.0	85.75116	15.88872	97.7118	38.449448	596000	2.026558e-09	205.78502	-0.0018578303	-46.097473	0.5231619	0.001683236	0.02625	79.0	498.64218521118164
149	500.0	0.0	500.0	500.0	500.0	78.42487	23.106388	98.18485	19.42718	600000	2.7418137e-09	129.16391	-0.0011220416	-39.04518	0.5074218	0.0026269672	0.016	79.0	502.0393576622009
150	500.0	0.0	500.0	500.0	500.0	82.646095	20.159637	98.134056	20.449806	604000	-3.9339065e-09	120.92171	-0.0014195116	-3.1304016	0.49971396	0.0010826392	0.01875	79.0	505.4345808029175
151	500.0	0.0	500.0	500.0	500.0	80.30493	22.874044	98.16347	15.663617	608000	4.4107438e-09	167.3098	-0.0023502682	-21.69345	0.49989027	0.003407487	0.056	79.0	508.82642102241516
152	500.0	0.0	500.0	500.0	500.0	79.58798	20.377937	98.41291	32.608196	612000	-1.3351441e-08	234.59547	-0.0017224615	-20.706177	0.50288194	0.01047967	0.11625	79.0	512.2311916351318
153	500.0	0.0	500.0	500.0	500.0	87.362015	13.557453	98.397	45.90177	616000	5.00679e-09	227.03088	-0.0031939428	-97.98485	0.5033216	0.0047917836	0.021	79.0	515.5626993179321
154	493.375	17.528103	500.0	447.0	493.375	84.1054	17.538809	98.33	36.02249	620000	1.0490417e-08	157.27684	-0.0017984981	-38.363518	0.5130467	0.0015217862	0.0155	79.0	518.9756076335907
155	500.0	0.0	500.0	500.0	500.0	81.74264	18.63833	97.791306	28.848469	624000	2.2649764e-09	150.8	-0.0021817407	-9.611938	0.5201779	0.003805609	0.02075	79.0	522.31578373909
156	500.0	0.0	500.0	500.0	500.0	83.79242	17.337112	97.988884	32.58428	628000	1.4305115e-09	158.90088	-0.0047623487	-24.867111	0.5158335	0.004983293	0.049	79.0	525.6078834533691
157	500.0	0.0	500.0	500.0	500.0	88.963425	11.631056	98.37643	42.837578	632000	-1.2755394e-08	292.89243	-0.0022285758	-120.021835	0.5198584	0.00665198	0.02125	79.0	528.9171226024628
158	500.0	0.0	500.0	500.0	500.0	77.97306	26.221252	98.871704	8.888819	636000	2.0861626e-10	149.23456	-0.004408584	-48.91726	0.5107639	0.003427778	0.0305	79.0	532.2289619445801
159	500.0	0.0	500.0	500.0	500.0	83.75497	17.705858	98.13535	36.9692	640000	7.7486035e-09	164.1242	-0.001776803	-28.953156	0.51650214	0.0018112917	0.0175	79.0	535.5352900028229
160	500.0	0.0	500.0	500.0	500.0	82.068794	19.625738	98.271095	41.139854	644000	9.536744e-10	133.81137	-0.0053049857	-13.111137	0.5193538	0.0032185875	0.03525	79.0	538.9451487064362
161	500.0	0.0	500.0	500.0	500.0	83.45463	18.004122	97.51055	37.036915	648000	4.2915342e-09	117.393875	-0.0008343458	-20.020996	0.51508665	0.0023259383	0.012	79.0	542.319979429245
162	500.0	0.0	500.0	500.0	500.0	76.485794	26.693136	97.889015	15.7786875	652000	-7.629395e-09	120.939514	-0.004539295	-64.61951	0.51004934	0.0062549985	0.03875	79.0	545.6301071643829
163	500.0	0.0	500.0	500.0	500.0	89.35109	11.292089	98.177315	43.70862	656000	-1.07288365e-08	303.03387	-0.0018719264	-176.15466	0.50886244	0.0052420385	0.024	79.0	549.0040597915649
164	500.0	0.0	500.0	500.0	500.0	87.93856	12.980002	98.1282	42.78158	660000	-4.768372e-10	206.41533	-0.0025912465	-106.63995	0.50451916	0.0036134624	0.03825	79.0	552.3742918968201
165	500.0	0.0	500.0	500.0	500.0	82.2693	21.782578	98.25544	17.743319	664000	7.987023e-09	59.99193	-0.0049548657	-2.5095482	0.50004953	0.0062996945	0.0935	79.0	555.7916536331177
166	500.0	0.0	500.0	500.0	500.0	88.12759	13.324196	98.1706	40.07664	668000	8.106232e-09	216.3445	-0.0020003403	-113.55206	0.4985594	0.0038412863	0.03475	79.0	559.1511492729187
167	500.0	0.0	500.0	500.0	500.0	86.26526	15.289243	98.21541	37.601067	672000	-1.1444092e-08	145.51208	-0.0023487154	-60.549248	0.4930716	0.0051552253	0.0335	79.0	562.548944234848
168	500.0	0.0	500.0	500.0	500.0	89.460655	11.25261	98.18004	41.812847	676000	6.437302e-09	244.35849	-0.0025799463	-177.16472	0.49860704	0.0055710925	0.0445	79.0	565.9364037513733
169	500.0	0.0	500.0	500.0	500.0	89.72945	10.7100525	98.39508	44.419025	680000	-9.536743e-09	279.707	-0.0039244485	-177.97765	0.50073636	0.0041050627	0.0505	79.0	569.3083157539368
170	500.0	0.0	500.0	500.0	500.0	88.377106	13.918177	98.52062	30.158089	684000	-8.106232e-09	202.25238	-0.0035495057	-117.42151	0.490236	0.006059368	0.04325	79.0	572.633195400238
171	500.0	0.0	500.0	500.0	500.0	87.36828	16.683172	98.371506	12.008997	688000	-2.1457671e-09	228.57288	-0.0026816933	-113.11387	0.4885399	0.0011023264	0.026	79.0	575.935240983963
172	500.0	0.0	500.0	500.0	500.0	80.688576	21.655554	98.26365	20.291683	692000	1.1920929e-09	99.63808	-0.00264231	-4.0935364	0.484487	0.007246841	0.08475	79.0	579.2079997062683
173	500.0	0.0	500.0	500.0	500.0	89.25601	12.747824	98.374146	35.562725	696000	-6.9141386e-09	253.07909	-0.002488639	-138.69931	0.48120794	0.002990931	0.03075	79.0	582.5538742542267
174	500.0	0.0	500.0	500.0	500.0	84.34111	17.729445	98.36822	35.485455	700000	-6.6757204e-09	82.37669	-0.0024110507	-36.362545	0.48588964	0.0050080377	0.04	79.0	586.0476529598236
175	500.0	0.0	500.0	500.0	500.0	89.04285	13.516756	98.33598	34.522343	704000	7.152557e-09	267.227	-0.0042895023	-123.15535	0.49670318	0.0040534865	0.02975	79.0	589.533264875412
176	500.0	0.0	500.0	500.0	500.0	86.23527	12.581737	97.96057	43.70673	708000	1.168251e-08	229.01959	-0.00332789	-71.18634	0.49809247	0.0027083517	0.02825	79.0	592.8302114009857
177	500.0	0.0	500.0	500.0	500.0	87.58511	14.580032	98.4766	38.827255	712000	-1.7881394e-08	206.9543	-0.002370142	-68.10036	0.4943599	0.004921684	0.04025	79.0	596.1176958084106
178	500.0	0.0	500.0	500.0	500.0	88.087814	12.128385	98.37998	46.95531	716000	-9.775162e-09	232.1548	-0.0026017912	-108.85009	0.4920075	0.0052819224	0.04325	79.0	599.450984954834
179	500.0	0.0	500.0	500.0	500.0	90.67666	11.828971	98.912315	45.258396	720000	9.536744e-10	283.35623	-0.00091685867	-164.42094	0.49433392	0.0034777117	0.014	79.0	602.8897955417633
180	500.0	0.0	500.0	500.0	500.0	80.757965	23.10004	98.658516	24.326954	724000	-2.3841857e-09	134.05635	-0.00420009	-12.564865	0.49632588	0.007196544	0.0965	79.0	606.3531556129456
181	500.0	0.0	500.0	500.0	500.0	90.745514	8.494337	98.01612	58.39414	728000	-3.1352045e-08	351.86447	-0.0006896498	-227.96533	0.49855548	0.0037262877	0.012	79.0	609.6745307445526
182	500.0	0.0	500.0	500.0	500.0	73.21905	28.721273	98.8471	20.19397	732000	-1.0728836e-09	257.21936	-0.004025253	-142.08675	0.49603117	0.006255192	0.0315	79.0	612.9749200344086
183	500.0	0.0	500.0	500.0	500.0	90.205574	10.840144	97.81851	41.499928	736000	-8.8214875e-09	286.1307	-0.0016481747	-166.24393	0.49483195	0.0033348056	0.02425	79.0	616.2835700511932
184	500.0	0.0	500.0	500.0	500.0	80.43711	21.310942	98.108696	25.53869	740000	-5.9604643e-10	99.653496	-0.00251005	-1.773529	0.4955735	0.005861984	0.06775	79.0	619.5962626934052
185	500.0	0.0	500.0	500.0	500.0	82.20397	21.454142	98.41407	22.497988	744000	-2.1457671e-09	99.1627	-0.0013345566	-1.3890457	0.50165087	0.015397458	0.15275	6.0	622.2786345481873
186	500.0	0.0	500.0	500.0	500.0	93.613976	6.1323876	98.16252	61.96397	748000	-1.7642975e-08	499.0581	-0.0013610248	-324.10736	0.50385946	0.0034385037	0.01725	79.0	625.593493938446
187	500.0	0.0	500.0	500.0	500.0	89.93328	11.098531	98.017975	34.2002	752000	-6.437302e-09	375.78073	-0.0022715293	-175.02979	0.5035608	0.004955356	0.01375	79.0	628.9012894630432
188	500.0	0.0	500.0	500.0	500.0	80.36241	21.458387	98.888695	25.343294	756000	4.2915342e-09	136.77646	-0.0033715009	-12.98941	0.4948918	0.0011000137	0.1215	79.0	632.240246295929
189	500.0	0.0	500.0	500.0	500.0	85.634575	14.917185	98.20713	32.93917	760000	5.00679e-09	202.42589	-0.0029546928	-39.847153	0.5058954	0.0060027353	0.02575	79.0	635.4803323745728
190	500.0	0.0	500.0	500.0	500.0	93.14259	7.350314	98.35327	60.67043	764000	-5.9604646e-09	489.52258	-0.0013342986	-282.80853	0.5042228	0.0006230718	0.0125	79.0	638.7720720767975
191	500.0	0.0	500.0	500.0	500.0	79.716484	22.679441	98.90391	28.543251	768000	1.2159347e-08	203.07014	-0.0028304497	-14.7127075	0.49266487	0.0049739997	0.0805	79.0	642.0722074508667
192	500.0	0.0	500.0	500.0	500.0	93.9552	5.6953583	98.29951	63.981525	772000	-9.298325e-09	553.3838	-0.006670086	-314.03015	0.4858243	0.003410038	0.0595	79.0	645.4017415046692
193	500.0	0.0	500.0	500.0	500.0	82.53783	13.428079	99.12967	44.816685	776000	-2.384186e-10	264.06433	-0.0036801244	-18.502457	0.49698257	0.0073319767	0.08725	79.0	648.6772382259369
194	500.0	0.0	500.0	500.0	500.0	96.61386	5.9019904	101.16854	69.50463	780000	1.0609627e-08	629.75494	-0.001684997	-270.51877	0.49566352	0.0016778944	0.0245	79.0	651.9490673542023
195	500.0	0.0	500.0	500.0	500.0	83.46334	13.555544	98.79136	44.36362	784000	1.9073487e-09	486.2827	-0.0019348324	-25.98227	0.48482674	0.015092044	0.2675	5.0	654.7219619750977
196	500.0	0.0	500.0	500.0	500.0	90.70036	2.5460148	95.71149	83.44179	788000	3.0994416e-09	620.3436	-0.0015841235	-71.81995	0.49076378	-0.00013868803	0.01	79.0	658.075187921524
197	500.0	0.0	500.0	500.0	500.0	81.801216	2.9916666	87.69853	71.576706	792000	4.887581e-09	575.6455	-0.0029110205	-18.120483	0.47642946	0.0037912435	0.04475	79.0	661.4274046421051
198	500.0	0.0	500.0	500.0	500.0	83.061646	0.6459323	86.09472	79.89263	796000	-1.7881393e-09	569.65924	-0.001679588	-12.187256	0.4739649	0.00040346562	0.02175	79.0	664.7496931552887
199	500.0	0.0	500.0	500.0	500.0	82.32641	0.2524615	83.48224	80.73336	800000	-7.7486035e-09	555.8143	-0.0025728787	-0.5	0.490442	0.002536161	0.0305	79.0	668.1781406402588
