Epoch	AverageEpRet	StdEpRet	MaxEpRet	MinEpRet	EpLen	AverageVVals	StdVVals	MaxVVals	MinVVals	TotalEnvInteracts	LossPi	LossV	DeltaLossPi	DeltaLossV	Entropy	KL	ClipFrac	StopIter	Time
0	-500.0	0.0	-500.0	-500.0	500.0	0.09477313	0.124356255	0.39196587	-0.27854165	4000	4.224777e-07	7067.056	-0.0072772433	-1327.9634	1.0920306	0.011220313	0.0975	79.0	4.370022535324097
1	-471.0	59.82683	-319.0	-500.0	471.25	-8.307007	1.056426	0.1457093	-8.962061	8000	1.0418892e-07	5503.463	-0.008827321	-884.36426	1.0853921	0.01022953	0.097	79.0	8.500997543334961
2	-464.125	41.94174	-385.0	-500.0	464.625	-15.094558	0.6471029	-6.6425323	-15.318154	12000	-4.2063e-07	4587.6167	-0.0074552386	-651.1377	1.0759914	0.015515567	0.229	10.0	12.087221384048462
3	-416.66666	69.475815	-296.0	-500.0	417.44446	-20.473688	0.84115744	-7.056185	-20.721752	16000	1.2111664e-07	3722.577	-0.009872017	-514.3777	1.0364237	0.0074547245	0.09025	79.0	16.359967708587646
4	-274.2857	68.51843	-171.0	-392.0	275.2857	-25.276564	1.1058078	-13.75514	-25.558142	20000	-4.7683717e-08	2341.725	-0.011820881	-299.89795	1.0329106	0.008791669	0.145	79.0	20.454050064086914
5	-257.06668	60.683292	-186.0	-380.0	258.06668	-29.11734	1.2110946	0.2384991	-29.382742	24000	-9.536743e-08	1894.8837	-0.014163016	-232.95654	1.0066102	0.008706652	0.104	79.0	24.50671148300171
6	-198.78947	53.686794	-112.0	-339.0	199.78947	-31.70097	4.5943165	25.93709	-32.838135	28000	-6.878376e-08	1278.3557	-0.015964989	-147.66125	0.95170164	0.013177418	0.18475	79.0	28.700265645980835
7	-192.0	65.470604	-143.0	-454.0	193.0	-34.54235	3.9174569	15.328785	-35.616737	32000	-8.106232e-09	1070.8147	-0.0064731883	-111.71069	0.9021878	0.015784949	0.153	12.0	32.23839211463928
8	-161.29167	45.037464	-110.0	-305.0	162.29167	-36.34468	6.014262	17.782478	-38.124077	36000	8.434057e-09	732.629	-0.007143351	-66.22662	0.8075726	0.011824198	0.07775	79.0	36.35196542739868
9	-170.73914	39.804104	-108.0	-274.0	171.73914	-38.567577	4.632137	8.319524	-40.023396	40000	1.6212464e-08	706.1601	-0.010833729	-101.08832	0.81040245	0.0052039395	0.11575	79.0	40.55764317512512
10	-149.53847	30.097572	-101.0	-211.0	150.53847	-35.857674	9.821072	19.229382	-41.9994	44000	-1.2755394e-08	476.32718	-0.0075287027	-65.11304	0.7307301	0.005282195	0.09775	79.0	44.860567808151245
11	-144.07408	33.79341	-103.0	-272.0	145.07408	-37.8422	9.455352	6.13143	-43.772728	48000	1.4781952e-08	382.2578	-0.0036486536	-47.34015	0.7354692	0.01517752	0.226	13.0	48.490196228027344
12	-123.5	23.274181	-85.0	-205.0	124.5	-36.03883	12.314104	3.9112477	-45.42541	52000	-6.6280364e-08	213.70468	-0.00810049	-27.786118	0.6916195	0.011201718	0.072	79.0	52.67129111289978
13	-149.07692	31.377262	-97.0	-219.0	150.07692	-37.96943	12.515263	0.28105396	-46.61887	56000	4.7922136e-08	389.51663	-0.0054345657	-52.691895	0.7179643	0.016024418	0.211	14.0	56.24052119255066
14	-113.52941	25.924364	-82.0	-191.0	114.52941	-37.441566	13.405084	3.3544831	-48.178436	60000	4.2915342e-09	198.74287	-0.006619736	-22.575363	0.6029702	0.008424468	0.116	79.0	60.31078863143921
15	-118.242424	46.943573	-77.0	-345.0	119.242424	-35.524933	13.903641	4.719667	-49.02029	64000	1.45435335e-08	373.08493	-0.0061064	-64.07501	0.5637563	0.0058390475	0.03975	79.0	64.37293887138367
16	-115.0	34.419556	-76.0	-245.0	116.0	-38.076523	12.913924	28.412045	-49.868088	68000	-1.692772e-08	296.68198	-0.0060396474	-38.216217	0.520337	0.0049789445	0.05725	79.0	68.52072596549988
17	-122.875	62.68261	-78.0	-422.0	123.875	-38.316547	12.148622	-2.466808	-50.54188	72000	-1.45435335e-08	496.298	-0.006613656	-115.88663	0.49911162	0.008790291	0.1	79.0	72.78939819335938
18	-98.975	15.584427	-75.0	-133.0	99.975	-39.932438	12.989149	4.764168	-51.504143	76000	-9.536744e-10	108.136314	-0.005723155	-42.730026	0.48007986	0.0024989115	0.058	79.0	76.98267817497253
19	-92.40476	13.0713415	-73.0	-128.0	93.40476	-35.578365	14.818962	1.8924255	-51.78595	80000	-8.627772e-09	67.67506	-0.006272306	-7.562649	0.4272597	0.0024812482	0.06525	79.0	81.08260655403137
20	-94.97561	19.482935	-70.0	-168.0	95.97561	-33.184376	15.2478	1.7135541	-51.90377	84000	-1.4424324e-08	125.01889	-0.0055783615	-12.752228	0.382708	0.0021502732	0.063	79.0	85.30313801765442
21	-93.04762	13.631113	-70.0	-136.0	94.04762	-35.06203	14.3005	2.2347455	-52.196583	88000	1.26361845e-08	69.4852	-0.0045676213	-5.5348473	0.34155384	0.003468583	0.02975	79.0	89.4731240272522
22	-91.325584	22.48485	-67.0	-207.0	92.325584	-34.766266	15.082492	1.9664205	-52.423058	92000	-1.692772e-08	126.11936	-0.0059500337	-17.009613	0.32641333	0.004463756	0.05275	79.0	93.56442952156067
23	-92.28571	27.219814	-62.0	-189.0	93.28571	-32.44221	15.520891	19.159798	-52.602104	96000	1.1742115e-08	226.25113	-0.0036031946	-33.384964	0.25932094	0.0050491327	0.0305	79.0	97.64018273353577
24	-90.51163	42.063835	-63.0	-263.0	91.51163	-36.09996	12.627976	1.8023236	-52.8221	100000	1.6689301e-09	333.0799	-0.008854193	-47.71811	0.27723485	0.0077196285	0.045	79.0	101.74548149108887
25	-88.045456	14.630221	-62.0	-135.0	89.045456	-34.858433	13.994169	9.828612	-53.028526	104000	-1.3351441e-08	98.65449	-0.004168375	-30.03614	0.26503372	0.0021323434	0.02275	79.0	105.8377845287323
26	-83.63043	15.194904	-62.0	-130.0	84.63043	-33.99136	14.380725	5.2244415	-53.103497	108000	4.2915342e-09	93.64389	-0.004928488	-3.3527298	0.23063976	0.0050409855	0.03925	79.0	110.0442886352539
27	-86.53333	16.791002	-61.0	-149.0	87.53333	-32.788776	14.639008	4.292973	-53.084663	112000	-4.2915342e-09	91.13444	-0.0027894168	-8.323471	0.23109774	0.0013209711	0.0255	79.0	114.1184287071228
28	-92.7381	40.55746	-61.0	-313.0	93.7381	-32.4288	14.702482	4.8736653	-53.19833	116000	-8.5830685e-09	334.21283	-0.0076942304	-101.47833	0.24995753	0.005996735	0.05275	79.0	118.30208563804626
29	-82.125	13.642191	-61.0	-130.0	83.125	-35.61761	14.214291	18.485037	-53.560814	120000	1.8119811e-08	86.18147	-0.0050646686	-21.300743	0.20843211	0.0155258225	0.05325	28.0	122.11524605751038
30	-95.46342	35.03803	-62.0	-233.0	96.46342	-31.670723	15.163119	5.099613	-53.349773	124000	-2.169609e-08	291.31082	-0.0068512126	-63.599976	0.23793398	0.013981158	0.065	79.0	126.33473896980286
31	-85.95652	17.207123	-63.0	-153.0	86.95652	-35.121323	15.32066	19.110678	-53.820045	128000	8.5532665e-09	122.53876	-0.004072077	-29.533272	0.25377947	0.0028311254	0.0265	79.0	130.50096559524536
32	-89.59091	32.472588	-61.0	-263.0	90.59091	-33.416485	14.554103	5.68229	-53.812187	132000	-1.2874604e-08	228.50731	-0.005317245	-31.438538	0.24229656	0.0049659405	0.0445	79.0	134.7330927848816
33	-80.770836	14.834138	-60.0	-144.0	81.770836	-35.6395	13.556309	4.03562	-53.99062	136000	-1.0967255e-08	86.43883	-0.0033107023	-16.216057	0.19829783	0.0016374221	0.01875	79.0	138.8790888786316
34	-82.893616	19.723875	-63.0	-178.0	83.893616	-32.04079	14.716519	5.2408686	-53.775414	140000	-6.6757204e-09	110.179344	-0.002706199	-8.87767	0.1729323	0.0018748038	0.02725	79.0	142.99721765518188
35	-75.69231	9.3880825	-62.0	-100.0	76.69231	-33.88378	14.194686	7.9817796	-53.781506	144000	1.1920929e-09	54.49843	-0.002771951	-17.166458	0.16880955	0.003788136	0.02725	79.0	147.09309005737305
36	-81.645836	11.797757	-64.0	-119.0	82.645836	-29.223581	15.02915	10.149725	-52.69164	148000	8.702278e-09	65.85863	-0.005736777	-11.871704	0.16846454	0.0038367982	0.0385	79.0	151.163738489151
37	-85.04348	21.833319	-62.0	-168.0	86.04348	-32.385193	14.396193	4.610303	-53.681965	152000	-3.0994416e-09	119.13024	-0.004364476	-7.0758286	0.14623386	0.0034975612	0.022	79.0	155.8902144432068
38	-88.545456	30.11754	-62.0	-239.0	89.545456	-31.53502	15.393096	8.223164	-53.99732	156000	4.529953e-09	253.10687	-0.0020142358	-55.554123	0.12282806	-0.0007294659	0.009	79.0	159.97712898254395
39	-98.6	75.86099	-63.0	-500.0	99.575	-35.132587	12.688419	5.560315	-54.270653	160000	-1.5079975e-08	641.111	-0.005120801	-188.31381	0.124069944	0.002829279	0.02275	79.0	164.1026291847229
40	-84.91304	23.206846	-63.0	-197.0	85.91304	-36.73393	13.950794	16.217003	-55.316353	164000	-1.1920929e-09	158.63342	-0.004866214	-25.410248	0.12057749	0.0043671927	0.02925	79.0	168.1855504512787
41	-83.3617	21.616014	-62.0	-200.0	84.3617	-33.22826	15.145145	16.034065	-55.391354	168000	2.026558e-08	172.10413	-0.002660919	-50.08213	0.11773889	0.0031235677	0.02225	79.0	172.24755430221558
42	-93.97619	67.06056	-61.0	-500.0	94.95238	-34.009842	13.881308	9.462479	-54.898014	172000	-1.001358e-08	397.63617	-0.008080965	-89.17935	0.10141129	0.010974776	0.0475	79.0	176.4268114566803
43	-78.3	10.458012	-61.0	-103.0	79.3	-36.10316	14.434976	9.070232	-56.522823	176000	2.8133393e-08	75.89596	-0.0042217956	-32.743786	0.122953065	0.00063109095	0.014	79.0	180.49653577804565
44	-92.90476	63.62046	-64.0	-487.0	93.90476	-29.794382	14.185561	22.726204	-53.837193	180000	-3.194809e-08	499.25262	-0.010987741	-233.70767	0.15582006	0.015322857	0.048	59.0	184.47889065742493
45	-80.55102	10.337295	-63.0	-120.0	81.55102	-35.321133	14.966238	24.334276	-56.693703	184000	7.629395e-09	78.77156	-0.008142475	-32.69117	0.13155065	0.002578739	0.03625	79.0	188.55270385742188
46	-80.57143	12.595756	-61.0	-133.0	81.57143	-31.913622	15.017809	13.19062	-54.9014	188000	-7.390976e-09	66.09754	-0.005041998	-4.421253	0.12794977	0.0006457341	0.021	79.0	192.79702591896057
47	-78.36	10.676628	-60.0	-126.0	79.36	-32.500282	14.837315	13.335462	-54.90421	192000	-1.1920929e-08	46.26554	-0.003910141	-3.9261398	0.12566069	0.0022028072	0.0235	79.0	197.49575114250183
48	-89.09091	47.973392	-60.0	-389.0	90.09091	-30.632921	14.611131	6.5779114	-54.14117	196000	-1.9550324e-08	308.69305	-0.005991432	-106.04167	0.16025308	0.0043037166	0.02775	79.0	201.60092163085938
49	-81.75	16.857862	-60.0	-160.0	82.75	-34.173447	14.609394	12.690084	-55.619247	200000	-3.5762787e-10	101.86739	-0.008082608	-16.860062	0.12807553	0.009441718	0.02875	79.0	205.79843258857727
50	-78.408165	11.144539	-61.0	-109.0	79.408165	-33.05546	14.659189	9.714203	-55.023605	204000	2.9802322e-10	64.75371	-0.0045432285	-6.6180954	0.13713978	0.0021861952	0.02825	79.0	209.9823169708252
51	-88.318184	63.669167	-60.0	-500.0	89.295456	-32.95245	14.491288	16.446524	-53.962803	208000	1.4662743e-08	309.83182	-0.010429784	-75.751434	0.15819445	0.0072952053	0.0335	79.0	214.2267029285431
52	-93.09524	38.11562	-61.0	-218.0	94.09524	-32.721275	15.169739	19.435965	-56.97449	212000	-8.34465e-09	336.49887	-0.0067196526	-79.464325	0.1609444	0.0025983509	0.023	79.0	218.39899706840515
53	-78.9	15.970285	-62.0	-167.0	79.9	-37.577885	14.029537	13.409153	-57.79187	216000	2.7060509e-08	123.025024	-0.006297231	-44.692245	0.13945153	0.0035670486	0.0345	79.0	222.5871822834015
54	-82.893616	25.213331	-62.0	-221.0	83.893616	-31.489305	14.515665	26.68079	-54.36826	220000	-1.7523766e-08	143.15561	-0.005463388	-17.84999	0.14812751	0.0027364325	0.0205	79.0	226.73331093788147
55	-83.86957	21.67207	-59.0	-186.0	84.86957	-32.23679	14.988597	15.591493	-55.756638	224000	3.0994416e-09	130.03857	-0.0057440093	-9.316467	0.14770631	0.0024229349	0.026	79.0	230.7924165725708
56	-80.12245	16.357775	-62.0	-154.0	81.12245	-34.258167	14.21897	23.146448	-56.13382	228000	-1.26361845e-08	94.237625	-0.003931212	-14.102272	0.13347684	0.0022121356	0.0175	79.0	234.91100978851318
57	-80.32653	10.120473	-63.0	-108.0	81.32653	-31.559795	14.685151	5.1689844	-54.606388	232000	-1.6033649e-08	40.725418	-0.004140098	-3.8839684	0.12797013	0.0015699666	0.0205	79.0	239.05348014831543
58	-76.588234	11.54051	-59.0	-107.0	77.588234	-32.875446	14.716318	9.821959	-55.200665	236000	-5.4687264e-09	54.35437	-0.004058909	-6.47768	0.11674469	0.0014120464	0.01775	79.0	243.23681044578552
59	-76.39216	11.135667	-62.0	-132.0	77.39216	-30.53319	14.756923	1.3641737	-53.141605	240000	7.987023e-09	44.91116	-0.004206219	-1.7871246	0.108596556	0.0018657263	0.0255	79.0	247.35252237319946
60	-75.03846	11.231757	-61.0	-117.0	76.03846	-30.946102	14.551083	7.331546	-53.28192	244000	-1.6450882e-08	48.905926	-0.0034599337	-2.9085045	0.11102704	0.0021548439	0.0205	79.0	251.58123874664307
61	-82.297874	14.427979	-62.0	-123.0	83.297874	-28.765465	14.886382	10.180777	-52.336308	248000	-8.46386e-09	94.494194	-0.0039144936	-20.480446	0.12681526	0.0016813623	0.02075	79.0	255.73460006713867
62	-85.26087	42.539207	-60.0	-360.0	86.26087	-32.61817	14.568561	9.98508	-56.24953	252000	-1.4305115e-09	304.0595	-0.007117862	-121.95714	0.1331456	0.0030256128	0.033	79.0	259.8357026576996
63	-86.755554	29.159449	-60.0	-220.0	87.755554	-31.434374	15.332573	47.580345	-55.77185	256000	8.225441e-09	251.25009	-0.010107311	-96.37749	0.1129635	0.005185415	0.04	79.0	264.1048312187195
64	-84.608696	30.72421	-61.0	-272.0	85.608696	-34.78268	14.4952545	14.145813	-56.48988	260000	6.198883e-09	157.37852	-0.0047167838	-22.155563	0.11701828	0.002467562	0.0195	79.0	268.25044560432434
65	-82.42553	25.504898	-61.0	-222.0	83.42553	-33.98067	14.718394	9.89479	-57.50673	264000	-1.5497207e-08	130.99292	-0.004878516	-6.641327	0.10548477	0.0020839798	0.022	79.0	272.4499137401581
66	-81.229164	22.76807	-61.0	-191.0	82.229164	-32.34353	14.977767	16.872461	-55.153133	268000	7.867813e-09	154.89903	-0.0038163604	-17.088562	0.09884809	0.001219414	0.019	79.0	276.53924798965454
67	-81.0625	20.262245	-62.0	-193.0	82.0625	-32.895638	13.55428	4.101248	-55.04903	272000	1.1384487e-08	121.78795	-0.0039970074	-18.422394	0.102625914	0.00228131	0.02225	79.0	280.7085244655609
68	-76.5098	11.65412	-62.0	-130.0	77.5098	-32.857758	14.5366955	2.1066747	-55.004074	276000	-5.4836273e-09	57.116817	-0.003631675	-7.87307	0.10171193	0.0021762406	0.022	79.0	284.8504407405853
69	-79.28571	12.3767395	-59.0	-130.0	80.28571	-30.105742	14.514005	7.589052	-52.985413	280000	-9.536743e-09	56.226078	-0.003125956	-4.460163	0.09225476	0.002328835	0.01825	79.0	289.0755445957184
70	-81.0625	14.896037	-60.0	-147.0	82.0625	-31.318468	14.901939	6.5338693	-54.462856	284000	6.9141386e-09	77.55184	-0.0040059686	-6.133835	0.09530631	0.0031490137	0.022	79.0	293.17456459999084
71	-79.734695	18.301083	-62.0	-188.0	80.734695	-32.394733	14.786164	2.8694487	-55.301712	288000	8.3446505e-10	81.93977	-0.0072069997	-12.917236	0.09051416	0.005365906	0.02275	79.0	297.3713207244873
72	-85.04348	23.966423	-63.0	-201.0	86.04348	-31.740976	15.049447	4.3290668	-54.63682	292000	1.1205673e-08	137.17558	-0.005944911	-13.230103	0.11064973	0.0027270825	0.02525	79.0	301.57580757141113
73	-85.434784	31.581951	-61.0	-219.0	86.434784	-33.20548	14.73287	8.466342	-56.081573	296000	1.1444092e-08	246.90997	-0.0046719587	-53.75917	0.09556799	0.0017007041	0.01425	79.0	305.86714243888855
74	-78.18	15.035545	-61.0	-145.0	79.18	-34.908573	13.501937	26.556734	-55.788532	300000	1.26361845e-08	90.24116	-0.003904325	-22.114105	0.08409871	0.0024491567	0.02075	79.0	310.03768134117126
75	-77.039215	12.0260515	-61.0	-134.0	78.039215	-31.785397	14.383636	12.282998	-54.021416	304000	-2.384186e-10	49.882626	-0.004274531	-3.8762398	0.08233248	0.0033004074	0.02125	79.0	314.1336290836334
76	-75.25	8.67329	-60.0	-99.0	76.25	-31.267187	14.728512	6.7309585	-53.708977	308000	1.0669232e-08	33.579033	-0.0040140366	-2.8258286	0.079600185	0.003903299	0.023	79.0	318.2152910232544
77	-76.84314	13.383298	-61.0	-129.0	77.84314	-29.90151	14.751092	5.9379053	-52.77345	312000	-1.4305114e-08	63.823227	-0.0027819616	-4.083809	0.08005309	0.0014741345	0.0145	79.0	322.4114372730255
78	-79.408165	18.370249	-61.0	-148.0	80.408165	-30.535372	14.402652	1.898211	-53.491436	316000	4.053116e-09	108.53341	-0.0032896714	-8.182785	0.08314281	0.0026789107	0.019	79.0	326.46146965026855
79	-78.62	15.856721	-60.0	-158.0	79.62	-32.094555	14.136467	2.9874232	-54.236404	320000	7.033348e-09	80.482605	-0.0044059497	-5.6765137	0.0766598	0.0027795397	0.01725	79.0	330.5376362800598
80	-79.65306	22.313675	-61.0	-183.0	80.65306	-31.29699	14.64003	8.0624695	-53.723114	324000	7.152557e-09	139.47995	-0.0070252162	-16.633347	0.07899292	0.0045090383	0.0245	79.0	334.652813911438
81	-79.5102	12.563508	-62.0	-115.0	80.5102	-32.06712	13.897565	4.7709637	-54.053917	328000	-2.1457671e-09	64.75033	-0.00461435	-10.3025055	0.086410895	0.00012284466	0.0165	79.0	338.6852214336395
82	-77.84	14.208955	-61.0	-132.0	78.84	-31.758469	14.851474	2.1385932	-55.062	332000	-2.861023e-09	69.19875	-0.0044536856	-5.091614	0.08101398	0.003119551	0.0205	79.0	342.7612419128418
83	-75.34615	23.600754	-61.0	-231.0	76.34615	-32.434574	13.841722	1.6800494	-54.483143	336000	-1.1742115e-08	127.15185	-0.004966439	-30.427635	0.08125945	0.0031354756	0.01725	79.0	346.91562962532043
84	-77.37255	15.761657	-61.0	-144.0	78.37255	-29.220114	14.735852	8.27834	-51.992085	340000	9.536744e-10	92.963234	-0.0039566257	-13.2391205	0.07450143	0.0018870537	0.01175	79.0	351.0680687427521
85	-75.5	9.660586	-61.0	-112.0	76.5	-31.69421	13.933935	2.5318983	-53.555817	344000	-1.4781952e-08	39.905582	-0.0028385937	-5.9656677	0.0652937	0.0038988728	0.0235	79.0	355.16767930984497
86	-85.13043	30.05112	-61.0	-209.0	86.13043	-29.145914	14.602918	4.437789	-53.082123	348000	4.4107438e-08	227.08623	-0.0054749977	-54.664795	0.07909016	0.0039512846	0.027	79.0	359.30449509620667
87	-74.98077	15.974126	-61.0	-165.0	75.98077	-34.505123	14.467499	7.0503316	-55.97415	352000	2.0384789e-08	115.44159	-0.003308847	-41.663406	0.056531835	0.001622555	0.0155	79.0	363.4722566604614
88	-80.244896	21.803885	-61.0	-204.0	81.244896	-30.198343	13.915407	5.167276	-52.819866	356000	9.536743e-09	119.746346	-0.0019824184	-11.728981	0.054587107	0.00022105909	0.014	79.0	367.6366686820984
89	-78.36	19.04391	-61.0	-161.0	79.36	-31.64689	14.944897	15.859312	-54.986244	360000	-6.0796737e-09	117.78691	-0.003548011	-19.767616	0.06113752	0.0035716672	0.017	79.0	371.7935378551483
90	-73.9434	10.956888	-61.0	-112.0	74.9434	-32.615265	13.667588	5.9783535	-54.10191	364000	1.2874604e-08	57.375618	-0.0035089306	-11.882664	0.060109794	0.00071767904	0.01725	79.0	376.5166826248169
91	-74.18868	8.451988	-61.0	-97.0	75.18868	-29.463352	14.546147	14.434366	-52.227985	368000	5.4836273e-09	30.945581	-0.0027797283	-2.0675068	0.05071244	0.001302748	0.01075	79.0	380.7316472530365
92	-76.23529	15.473682	-61.0	-129.0	77.23529	-29.736687	14.651616	8.800261	-52.245926	372000	-1.9669534e-08	79.05581	-0.0034911076	-7.6335297	0.05292072	0.00084785605	0.01475	79.0	384.81385350227356
93	-79.38776	18.433352	-61.0	-169.0	80.38776	-30.380129	14.177851	3.9176316	-52.665836	376000	2.026558e-08	100.35342	-0.0041512083	-9.431435	0.06040395	0.0025809016	0.01775	79.0	388.8886399269104
94	-77.39216	21.056486	-61.0	-204.0	78.39216	-31.496273	14.571527	10.342167	-53.877815	380000	8.34465e-09	134.0028	-0.0062877373	-36.304718	0.056519672	0.008601116	0.02175	79.0	393.02291917800903
95	-75.78846	16.308723	-61.0	-172.0	76.78846	-31.665962	14.611411	10.988556	-56.51909	384000	8.3446505e-10	77.180954	-0.00575253	-8.8010025	0.062814765	0.0012874501	0.018	79.0	397.1685721874237
96	-77.196075	14.345894	-61.0	-129.0	78.196075	-29.851051	14.708715	12.092151	-53.060318	388000	7.510185e-09	70.748634	-0.0039383722	-6.81044	0.05776783	0.0034243197	0.01875	79.0	401.322562456131
97	-74.01887	9.341508	-61.0	-98.0	75.01887	-31.597063	14.401634	3.036363	-53.680897	392000	-1.1920929e-09	38.507477	-0.0036028721	-5.478241	0.05727872	0.0012805851	0.0145	79.0	405.37566232681274
98	-78.64	30.210436	-61.0	-268.0	79.64	-29.651491	14.377915	5.3598375	-52.338657	396000	6.9141386e-09	184.12971	-0.0052219983	-44.83963	0.05768637	0.0034286247	0.01675	79.0	409.4224200248718
99	-90.60465	74.02958	-61.0	-500.0	91.5814	-31.026031	13.960022	6.636717	-53.108074	400000	-3.0994416e-09	649.7783	-0.003978323	-291.1978	0.07402055	0.0027818142	0.018	79.0	413.4715030193329
100	-83.893616	36.01491	-62.0	-283.0	84.893616	-32.509037	15.665094	22.064999	-65.65609	404000	-2.861023e-09	261.59622	-0.0047768536	-43.81053	0.056252047	0.0021858637	0.02175	79.0	417.52229499816895
101	-73.35849	13.296465	-60.0	-123.0	74.35849	-35.48439	12.947647	10.511607	-65.0099	408000	-3.0994416e-09	118.80277	-0.0072506834	-53.672592	0.051211752	0.016234405	0.03925	69.0	421.49871611595154
102	-80.04082	19.666567	-61.0	-175.0	81.04082	-29.917572	13.8021	3.3644714	-61.80057	412000	4.768372e-10	116.51345	-0.0059143635	-20.921463	0.10210707	0.0042185406	0.02975	79.0	425.64527797698975
103	-74.78846	10.3149185	-62.0	-113.0	75.78846	-32.452766	14.491412	10.413675	-55.58989	416000	-2.8133393e-08	45.099243	-0.005059401	-9.648762	0.09682341	0.0014755605	0.0285	79.0	429.83318638801575
104	-76.39216	18.600105	-60.0	-173.0	77.39216	-30.04652	14.629623	6.695496	-53.295464	420000	3.218651e-09	102.60887	-0.004461611	-10.470665	0.09926998	0.0006374807	0.023	79.0	433.89987301826477
105	-74.78846	16.260305	-61.0	-149.0	75.78846	-30.81455	14.179783	8.206232	-53.63891	424000	9.536744e-10	83.65494	-0.006907747	-6.7670593	0.089901015	0.006707712	0.0255	79.0	438.08605337142944
106	-75.69231	13.52425	-62.0	-123.0	76.69231	-30.125105	14.343229	8.744309	-54.38243	428000	-1.1205673e-08	69.61267	-0.0056397915	-9.329048	0.09606231	0.0020137215	0.03025	79.0	442.5140254497528
107	-83.893616	62.04536	-62.0	-500.0	84.87234	-30.342606	13.467742	6.3053403	-54.60282	432000	-1.3947487e-08	470.0495	-0.011162061	-254.87184	0.09978998	0.010037908	0.046	79.0	446.61047196388245
108	-80.34694	27.136503	-61.0	-245.0	81.34694	-30.793915	15.757154	29.865322	-70.74008	436000	1.3947487e-08	270.93542	-0.008366212	-127.3793	0.09836443	0.0061020534	0.0345	79.0	450.67320108413696
109	-90.860466	48.066124	-61.0	-330.0	91.860466	-33.011307	14.947874	11.200216	-63.3197	440000	6.437302e-09	332.87595	-0.009654942	-71.191284	0.126851	0.0034378339	0.03975	79.0	454.7404227256775
110	-73.56604	11.395977	-62.0	-107.0	74.56604	-36.721752	13.951954	2.7903283	-64.57474	444000	-6.532669e-08	103.79811	-0.005428693	-55.38369	0.09270368	0.0014351899	0.0185	79.0	458.8468358516693
111	-77.05882	18.99578	-62.0	-179.0	78.05882	-30.006392	14.203323	4.4749794	-54.952984	448000	9.775162e-09	102.95646	-0.0064815846	-7.3976974	0.09412608	0.0032370219	0.03	79.0	462.98097133636475
112	-84.76087	39.011814	-62.0	-301.0	85.76087	-30.686625	14.57562	25.155209	-60.016354	452000	7.152557e-09	296.69604	-0.008482909	-52.725784	0.10355761	0.0037061337	0.02425	79.0	467.1575574874878
113	-85.021736	58.24554	-60.0	-445.0	86.021736	-36.567936	14.303119	13.311958	-62.74088	456000	2.193451e-08	284.88208	-0.010611231	-40.991043	0.11157358	0.014496514	0.0525	79.0	471.3021059036255
114	-81.916664	23.667694	-61.0	-183.0	82.916664	-32.414974	13.958008	16.969273	-70.90513	460000	1.0609627e-08	147.85847	-0.006909139	-18.895935	0.10365433	0.002741136	0.02125	79.0	475.45556235313416
115	-77.37255	21.827274	-61.0	-198.0	78.37255	-33.286564	14.101243	4.5676475	-56.133083	464000	-7.152557e-09	151.19815	-0.005048252	-29.941193	0.08254648	0.0022844495	0.02375	79.0	479.7763566970825
116	-75.82692	19.041172	-61.0	-176.0	76.82692	-31.615606	13.644717	1.7042483	-53.90905	468000	-9.775162e-09	107.28058	-0.0055358866	-6.4111557	0.08008791	0.0053066607	0.0245	79.0	483.9349277019501
117	-77.7	13.865424	-61.0	-116.0	78.7	-30.546185	13.934277	11.577944	-53.7	472000	-9.536744e-10	72.99126	-0.0055276603	-7.4713516	0.09034266	0.002663257	0.01675	79.0	488.0988800525665
118	-83.14893	62.374973	-62.0	-500.0	84.12766	-32.872498	14.505362	1.98022	-58.30498	476000	-1.2397766e-08	338.0359	-0.008407526	-150.92061	0.10417049	0.0076545347	0.03275	79.0	492.2363381385803
119	-75.62745	15.518439	-62.0	-162.0	76.62745	-30.543758	15.1393585	20.639917	-54.231056	480000	5.3644182e-09	99.7357	-0.004490512	-15.187332	0.07086208	0.0010205163	0.01725	79.0	496.3828971385956
120	-75.61539	33.334637	-60.0	-301.0	76.61539	-33.840355	16.119345	2.873981	-75.5333	484000	4.529953e-09	161.05302	-0.006585168	-14.91153	0.08006259	0.002047902	0.025	79.0	500.53510570526123
121	-74.18868	10.563477	-62.0	-104.0	75.18868	-29.967155	14.001165	6.5769234	-53.19122	488000	1.0728836e-09	46.92376	-0.0058698994	-5.149311	0.07002626	0.0037125126	0.0255	79.0	504.68478298187256
122	-78.0	22.0445	-62.0	-158.0	79.0	-29.819366	14.39225	13.178775	-61.125454	492000	5.662441e-09	150.32481	-0.0061550783	-16.66507	0.06464342	0.0028356852	0.01925	79.0	508.8432631492615
123	-83.95744	44.064247	-61.0	-352.0	84.95744	-31.231802	13.846746	10.341063	-63.121788	496000	-1.502037e-08	346.78394	-0.003855337	-120.781296	0.06655246	0.0014482323	0.013	79.0	513.0134491920471
124	-78.44	22.43048	-62.0	-186.0	79.44	-33.34773	13.6087675	6.516013	-55.25257	500000	-3.8146974e-09	152.9616	-0.0060875104	-25.760376	0.068786375	0.004637191	0.027	79.0	517.1160669326782
125	-80.354164	38.539207	-62.0	-321.0	81.354164	-32.075066	13.702727	8.213261	-53.86616	504000	1.4066696e-08	214.8957	-0.0055526234	-48.750504	0.06884888	0.0023205625	0.02	79.0	521.1777019500732
126	-75.07692	13.706885	-60.0	-131.0	76.07692	-33.125114	14.12272	5.9557095	-71.782234	508000	8.5830685e-09	81.82053	-0.004437488	-22.053867	0.05751287	0.0015978946	0.019	79.0	525.2991597652435
127	-75.36539	15.696679	-61.0	-159.0	76.36539	-30.258604	14.5451	16.396832	-52.87891	512000	4.768372e-10	85.6271	-0.0049148994	-8.276329	0.060109988	0.0026165652	0.022	79.0	529.904627084732
128	-82.893616	41.681282	-62.0	-302.0	83.893616	-30.820805	13.358021	3.9557157	-53.06871	516000	-1.31726265e-08	302.59158	-0.0070765596	-94.184555	0.070876315	0.005953141	0.02175	79.0	534.0782384872437
129	-71.69091	10.281268	-62.0	-105.0	72.69091	-33.366905	13.882968	4.748852	-57.145985	520000	2.0861625e-08	69.7787	-0.004759296	-29.08625	0.052726794	0.0014493684	0.01525	79.0	538.1940319538116
130	-74.73077	19.38885	-61.0	-179.0	75.73077	-29.051704	14.014324	8.180917	-51.38534	524000	1.525879e-08	111.62623	-0.0035278588	-13.7682495	0.05554546	0.0011141958	0.012	79.0	542.3494923114777
131	-79.63265	24.871664	-61.0	-222.0	80.63265	-29.490875	14.00177	10.517392	-52.631504	528000	1.847744e-08	156.39581	-0.004726949	-36.438736	0.062527984	0.002098779	0.0185	79.0	546.3918795585632
132	-73.81132	21.237255	-61.0	-216.0	74.81132	-32.23638	14.294579	3.0150836	-55.094776	532000	-3.5762786e-09	130.2482	-0.0029173368	-33.293358	0.043722633	0.0009785795	0.0155	79.0	550.4307627677917
133	-75.666664	14.516613	-61.0	-123.0	76.666664	-29.618683	13.97857	4.7894883	-52.728134	536000	7.390976e-09	73.32318	-0.0036198548	-9.061073	0.051309314	0.0013107177	0.0145	79.0	554.5004997253418
134	-74.96154	18.24087	-61.0	-164.0	75.96154	-31.128994	14.14028	3.9535418	-54.336056	540000	7.390976e-09	90.808	-0.0034378932	-7.222351	0.047036175	0.0032236702	0.01675	79.0	558.5674383640289
135	-73.9434	11.613939	-61.0	-103.0	74.9434	-30.942438	13.912358	6.9689465	-53.441174	544000	5.9604646e-09	53.248363	-0.0048377505	-6.442421	0.061435442	0.001412235	0.02125	79.0	562.6703941822052
136	-71.6	8.961737	-61.0	-98.0	72.6	-30.396215	14.175735	2.89284	-52.710567	548000	7.1525574e-10	34.340096	-0.003495285	-3.8315716	0.05568328	0.0056884065	0.01825	79.0	566.752580165863
137	-75.40385	15.325017	-61.0	-131.0	76.40385	-28.436668	14.539238	10.824957	-51.730923	552000	3.8146974e-09	82.27372	-0.0046802643	-11.556236	0.06888246	0.00382138	0.0205	79.0	570.7881591320038
138	-79.46939	18.697487	-61.0	-169.0	80.46939	-29.79283	14.186585	8.146239	-53.06615	556000	-1.3947487e-08	102.28026	-0.0035686991	-14.586632	0.061544094	0.0030248514	0.02125	79.0	574.9278552532196
139	-72.75926	11.34466	-60.0	-104.0	73.75926	-32.923134	14.266821	0.62821794	-54.71223	560000	1.1920929e-08	61.14688	-0.0053931954	-15.747406	0.063526556	0.00445841	0.024	79.0	579.0879168510437
140	-75.38461	16.296713	-61.0	-161.0	76.38461	-29.30202	14.271717	8.267716	-52.431633	564000	2.6226044e-09	77.41374	-0.004058939	-7.3217545	0.065739274	0.0043291836	0.0205	79.0	583.1737258434296
141	-77.96	28.775656	-61.0	-258.0	78.96	-30.052395	14.235623	13.408685	-53.509174	568000	1.3828277e-08	215.96272	-0.0036574323	-59.2352	0.0611538	0.003661103	0.02025	79.0	587.2524433135986
142	-72.5	10.540486	-61.0	-113.0	73.5	-31.517797	13.987544	4.56106	-55.069168	572000	-1.6093255e-08	49.022594	-0.0053828666	-9.309078	0.06553001	0.0034983135	0.022	79.0	591.2940027713776
143	-78.56	21.36086	-61.0	-194.0	79.56	-28.828133	14.313498	8.895761	-52.215683	576000	-6.437302e-09	126.86866	-0.0057505993	-21.531097	0.08071336	0.0035903875	0.02825	79.0	595.3581764698029
144	-72.48148	12.779818	-60.0	-119.0	73.48148	-32.59773	13.980227	4.4960194	-55.551666	580000	-3.0994414e-08	72.3734	-0.0058529847	-17.029736	0.06761444	0.005106971	0.02225	79.0	599.46537566185
145	-75.05769	22.292128	-61.0	-214.0	76.05769	-29.230356	13.99362	4.571274	-53.141132	584000	-1.2278557e-08	136.62169	-0.007011762	-31.176674	0.068655275	0.009023754	0.025	79.0	603.5162756443024
146	-72.12963	13.505892	-61.0	-105.0	73.12963	-30.707283	13.685244	10.354749	-53.3492	588000	1.9073487e-09	65.18114	-0.0043634363	-7.7265205	0.06355605	0.00079426233	0.0145	79.0	607.6588087081909
147	-76.882355	17.309917	-61.0	-134.0	77.882355	-29.087255	13.754771	4.04871	-52.18049	592000	9.059906e-09	101.095406	-0.0077096787	-10.779144	0.06619998	0.0052572256	0.02875	79.0	611.8071150779724
148	-75.67308	23.867197	-61.0	-227.0	76.67308	-31.305676	13.818284	5.033555	-54.788296	596000	-8.106232e-09	139.67966	-0.009226514	-27.188545	0.066042244	0.015316166	0.03625	42.0	615.5563356876373
149	-74.76923	15.286514	-61.0	-159.0	75.76923	-30.762304	14.24964	8.173496	-61.195354	600000	1.0490417e-08	71.51316	-0.007068664	-9.61554	0.061835416	0.0036940086	0.02	79.0	619.5684506893158
150	-71.30909	9.901098	-62.0	-95.0	72.30909	-30.733313	14.250615	5.0774612	-53.68973	604000	7.1525574e-10	42.979523	-0.0044459905	-5.956108	0.053029247	0.0011351672	0.0185	79.0	623.6123130321503
151	-72.48148	22.681156	-61.0	-218.0	73.48148	-29.248348	13.941816	7.902677	-52.250557	608000	1.591444e-08	128.44202	-0.0065366067	-26.863724	0.056473184	0.005969862	0.02525	79.0	627.6041164398193
152	-78.87755	20.8695	-61.0	-156.0	79.87755	-28.31465	13.637737	15.726638	-51.63505	612000	1.1920929e-08	139.15517	-0.0050819563	-26.509773	0.056474745	0.0013310298	0.019	79.0	631.6205852031708
153	-71.218185	12.473522	-61.0	-118.0	72.218185	-33.34067	13.626116	3.3958187	-54.54275	616000	-1.4662743e-08	70.6767	-0.0037069728	-21.084251	0.050282028	0.0026059418	0.01375	79.0	635.5973017215729
154	-73.71698	12.636242	-61.0	-115.0	74.71698	-28.682661	14.210373	4.839353	-52.106174	620000	1.6212464e-08	55.466778	-0.0042247945	-5.9618454	0.05565547	0.004898516	0.01825	79.0	639.6190905570984
155	-71.527275	12.881071	-62.0	-119.0	72.527275	-30.198984	14.164805	7.176774	-52.99762	624000	1.1920929e-09	60.3665	-0.0038767934	-4.9212303	0.04741529	0.0028511807	0.01425	79.0	643.782399892807
156	-71.12727	11.580633	-61.0	-109.0	72.12727	-29.284956	14.078807	3.1772037	-51.572945	628000	1.1444092e-08	49.536453	-0.004001165	-4.2261086	0.049094107	0.0014814072	0.0175	79.0	647.8107368946075
157	-69.71429	10.171238	-61.0	-104.0	70.71429	-29.322851	13.938564	5.7752414	-51.040318	632000	-3.3378602e-09	37.399506	-0.005051932	-4.304882	0.04956507	0.00641748	0.02175	79.0	651.7885539531708
158	-70.818184	14.092023	-61.0	-144.0	71.818184	-28.447287	13.849232	4.850579	-51.24611	636000	-4.4107438e-09	67.245094	-0.004087471	-6.061409	0.049217172	0.006811411	0.018	79.0	655.8039395809174
159	-71.41818	13.782322	-61.0	-127.0	72.41818	-29.18078	13.894214	9.575966	-51.21234	640000	-6.198883e-09	61.37625	-0.0058578383	-5.6289406	0.06393167	0.0025242197	0.0215	79.0	659.8646507263184
160	-69.76786	13.247629	-61.0	-144.0	70.76786	-29.395802	13.844332	1.514048	-51.375324	644000	-1.3351441e-08	56.17329	-0.0048203394	-4.497513	0.060441334	0.0035478321	0.0185	79.0	663.9995594024658
161	-71.09091	12.164438	-62.0	-103.0	72.09091	-28.443083	13.782879	11.516313	-51.040714	648000	-5.364418e-10	53.790195	-0.005003613	-5.919754	0.057130177	0.0024325387	0.02375	79.0	668.0935373306274
162	-70.41071	14.7464	-62.0	-151.0	71.41071	-29.049955	14.133661	5.8016496	-51.456505	652000	1.4305115e-09	67.873436	-0.0060622143	-9.953827	0.056443147	0.0068276697	0.02525	79.0	672.5552141666412
163	-70.32143	9.695557	-62.0	-100.0	71.32143	-28.864618	13.692072	2.5345666	-51.549313	656000	-1.3113022e-08	36.74244	-0.004525325	-6.938303	0.059129998	0.0025246846	0.0175	79.0	676.4298491477966
164	-72.68519	13.053769	-62.0	-102.0	73.68519	-28.310747	14.11926	6.3855643	-51.642345	660000	-3.5762787e-10	67.73239	-0.0057691005	-10.1963005	0.056780756	0.0046837283	0.02475	79.0	680.4898633956909
165	-69.052635	11.167656	-62.0	-107.0	70.052635	-30.30899	13.869222	4.0681486	-52.73455	664000	4.2915342e-09	48.594357	-0.0042810976	-9.75132	0.050242446	0.0045725964	0.016	79.0	684.2951471805573
166	-71.98148	14.954858	-62.0	-138.0	72.98148	-27.927126	13.839516	1.8447626	-51.35556	668000	1.6212464e-08	72.73192	-0.0060019656	-7.725586	0.053590924	0.007183917	0.02825	79.0	688.7701258659363
167	-71.2	11.8925495	-62.0	-114.0	72.2	-29.40356	13.71506	2.7560365	-52.937912	672000	2.5629998e-09	51.21256	-0.0037815825	-6.9977684	0.055125564	0.0024564036	0.01975	79.0	692.5787215232849
168	-69.30357	12.344634	-61.0	-132.0	70.30357	-29.32697	13.936262	3.9395795	-50.765663	676000	1.0967255e-08	54.183884	-0.006618386	-5.7648277	0.04894443	0.0066304845	0.024	79.0	696.3180093765259
169	-68.649124	9.035002	-61.0	-93.0	69.649124	-29.136429	13.791762	4.8998775	-52.336098	680000	-5.364418e-10	32.66909	-0.004661575	-5.111225	0.060532253	0.003495525	0.01975	79.0	700.126268863678
170	-69.80357	9.126922	-62.0	-98.0	70.80357	-27.778664	13.918597	2.9182444	-51.391262	684000	-9.536743e-09	30.0018	-0.005468201	-3.310192	0.058423575	0.0018296756	0.0155	79.0	703.9541261196136
171	-68.01755	8.639955	-62.0	-100.0	69.01755	-28.763746	14.159952	7.28929	-51.177612	688000	-5.00679e-09	27.231966	-0.004758498	-2.7314568	0.053407587	0.005317128	0.025	79.0	707.7239303588867
172	-66.86207	7.365924	-61.0	-89.0	67.86207	-28.16223	13.737117	2.0090508	-49.968784	692000	-3.3378602e-09	22.846539	-0.0048749205	-1.4833908	0.05697682	0.0015887496	0.02	79.0	711.5171480178833
173	-72.25926	22.488012	-62.0	-186.0	73.25926	-26.755304	13.83509	9.234557	-49.67169	696000	1.5735626e-08	154.73878	-0.003310913	-46.363136	0.051435843	0.0025397907	0.0205	79.0	715.3135385513306
174	-70.69091	10.925986	-62.0	-103.0	71.69091	-29.16512	13.714698	2.503219	-51.781376	700000	1.2338162e-08	50.33596	-0.004986547	-8.824444	0.04988035	0.014725331	0.03225	79.0	719.2061281204224
175	-74.63461	28.626259	-62.0	-265.0	75.63461	-29.04416	13.659886	3.2829528	-51.429054	704000	8.702278e-09	170.37997	-0.006217546	-56.40484	0.06683486	0.004220971	0.02925	79.0	723.6760528087616
176	-71.41818	11.839365	-62.0	-102.0	72.41818	-30.159798	14.090183	10.169025	-56.880405	708000	7.212162e-09	53.87848	-0.0055581243	-11.81712	0.057190023	0.0037242284	0.018	79.0	728.1489043235779
177	-72.37037	22.519371	-62.0	-202.0	73.37037	-29.316317	13.804404	7.079617	-51.99695	712000	-1.3828277e-08	140.25735	-0.0040263035	-31.934174	0.05184282	0.0027625023	0.01975	79.0	732.268233537674
178	-70.38182	13.295919	-62.0	-128.0	71.38182	-30.036308	13.385805	5.0802574	-52.310867	716000	9.536743e-09	61.88321	-0.004850573	-7.381069	0.056299713	0.005370251	0.02375	79.0	735.87917304039
179	-69.625	11.752754	-61.0	-119.0	70.625	-28.998915	13.817455	5.820322	-51.455086	720000	-4.529953e-09	50.376724	-0.0059353933	-7.1819153	0.05075073	0.0012824626	0.01875	79.0	739.4114644527435
180	-68.98245	10.824746	-61.0	-103.0	69.98245	-28.668972	13.94717	6.486424	-52.96891	724000	8.5830685e-09	43.837517	-0.0046483045	-3.0128365	0.049029294	0.0027215744	0.01525	79.0	743.2852871417999
181	-67.37931	7.1434264	-62.0	-94.0	68.37931	-28.077667	13.996381	2.3403206	-50.805008	728000	1.6689301e-09	18.087313	-0.0047499742	-1.6902695	0.039612487	0.007907024	0.0165	79.0	746.6421229839325
182	-73.43396	13.562586	-62.0	-116.0	74.43396	-27.242039	13.6835785	7.235969	-50.37941	732000	-6.198883e-09	60.05596	-0.0059792697	-11.816727	0.052053858	0.0022861261	0.02125	79.0	749.9048402309418
183	-70.35714	13.328847	-61.0	-105.0	71.35714	-29.94263	14.200498	6.882659	-53.3632	736000	5.6028364e-09	58.87426	-0.0045929407	-6.939659	0.041464277	0.0064863986	0.0205	79.0	753.2753133773804
184	-65.81356	6.9708223	-62.0	-95.0	66.81356	-29.636726	13.740272	2.0235705	-51.937256	740000	1.7404556e-08	29.122946	-0.0049095806	-9.95533	0.043577656	0.001430538	0.016	79.0	756.6531805992126
185	-67.344826	7.366166	-62.0	-88.0	68.344826	-26.78698	13.857848	4.4954786	-49.746483	744000	7.2717667e-09	24.650011	-0.004996969	-3.7489376	0.04867099	0.0034901318	0.0225	79.0	760.0432870388031
186	-67.60345	8.46074	-61.0	-100.0	68.60345	-27.339668	13.951282	2.841633	-50.073986	748000	1.2397766e-08	28.336714	-0.0044563874	-4.1354694	0.039303243	0.0034833418	0.01675	79.0	763.4492073059082
187	-69.30357	12.1036	-62.0	-107.0	70.30357	-27.701004	13.752757	5.3707843	-50.875088	752000	-8.046627e-09	52.74319	-0.0050566606	-5.741558	0.04853228	0.0058715036	0.02	79.0	766.7370402812958
188	-72.01852	22.485788	-62.0	-218.0	73.01852	-28.105293	13.815792	12.054299	-51.35973	756000	1.9073487e-09	121.26668	-0.003682495	-35.487915	0.040106673	0.0033913618	0.0175	79.0	770.080189704895
189	-70.25	24.101904	-61.0	-238.0	71.25	-29.29282	13.686967	4.363109	-52.72777	760000	-6.6757204e-09	140.5072	-0.0123942355	-54.196396	0.0483569	0.015445338	0.03125	30.0	773.1183423995972
190	-66.89655	8.885652	-61.0	-103.0	67.89655	-29.14622	13.611279	7.2184114	-53.588226	764000	6.9141386e-09	34.03751	-0.0049006646	-7.837061	0.04486175	0.002486951	0.0155	79.0	776.4457454681396
191	-69.21429	12.173911	-62.0	-114.0	70.21429	-27.219316	13.851512	2.622403	-49.31405	768000	-6.9141386e-09	57.66442	-0.0058394214	-9.528194	0.045809645	0.0046262415	0.02125	79.0	779.9149167537689
192	-73.169815	27.39008	-62.0	-208.0	74.169815	-28.627337	13.471837	6.9931664	-55.39435	772000	-9.6559525e-09	177.15758	-0.010623457	-30.686722	0.05856713	0.01137747	0.0295	79.0	783.8921151161194
193	-67.01724	6.9418554	-61.0	-91.0	68.01724	-30.751066	13.683053	4.6363707	-53.53753	776000	2.6226044e-09	33.347404	-0.0045026527	-15.5679245	0.04164073	0.0021085073	0.0125	79.0	787.3730010986328
194	-71.05454	10.664159	-62.0	-99.0	72.05454	-27.003902	13.897614	6.30054	-50.3171	780000	-5.6028364e-09	45.014988	-0.0051744697	-10.485203	0.039119124	0.0027739725	0.02025	79.0	791.3518121242523
195	-69.14035	11.387033	-62.0	-100.0	70.14035	-29.597664	13.799989	6.1409945	-52.39553	784000	-4.529953e-09	46.66475	-0.004178542	-4.4303894	0.04632912	0.004012565	0.01725	79.0	795.0539603233337
196	-69.83929	9.9799385	-60.0	-98.0	70.83929	-27.95335	13.762549	4.148741	-50.986538	788000	5.722046e-09	35.60254	-0.004819905	-2.8222008	0.045711555	0.0022269988	0.01175	79.0	798.3778080940247
197	-71.181816	15.489693	-61.0	-133.0	72.181816	-29.033867	13.720156	3.5564642	-53.741543	792000	1.0848045e-08	76.9399	-0.0064954436	-8.975105	0.049567435	0.006965678	0.0235	79.0	801.7147884368896
198	-67.43104	8.530092	-61.0	-94.0	68.43104	-29.396496	13.956129	7.2114773	-53.3089	796000	2.7894973e-08	32.80751	-0.004359549	-6.242689	0.04219515	0.003769862	0.01625	79.0	805.043440580368
199	-67.844826	9.269531	-61.0	-98.0	68.844826	-27.545715	13.821674	7.6941204	-50.301872	800000	-8.3446505e-10	34.140186	-0.0036524576	-3.691206	0.040466286	0.0014691735	0.0135	79.0	808.4331805706024
