Epoch	AverageEpRet	StdEpRet	MaxEpRet	MinEpRet	EpLen	AverageVVals	StdVVals	MaxVVals	MinVVals	TotalEnvInteracts	LossPi	LossV	DeltaLossPi	DeltaLossV	Entropy	KL	ClipFrac	StopIter	Time
0	-1099.145	188.56358	-769.65497	-1475.4688	200.0	-0.12136216	0.21638714	0.18565771	-0.44810078	4000	-6.771088e-08	118408.75	-0.0049332427	-4922.1562	0.91893786	0.0055457577	0.041	79.0	3.889054536819458
1	-1227.6921	272.714	-758.18243	-1728.8085	200.0	-8.483328	0.92077535	-5.7642813	-9.595094	8000	-3.1900407e-07	141946.53	-0.0056794346	-5514.9844	0.938271	0.006221683	0.046	79.0	7.652902364730835
2	-1060.6058	154.17448	-890.28723	-1366.8844	200.0	-16.786737	0.44103116	-15.115714	-17.364367	12000	6.103516e-08	98930.28	-0.005677852	-3386.3047	0.9237158	0.0052577676	0.0555	79.0	11.38460659980774
3	-1141.3972	217.54323	-767.13306	-1416.6492	200.0	-23.010153	0.07026549	-22.668787	-23.077091	16000	-1.1253357e-07	110963.29	-0.0043670395	-3272.8594	0.9047929	0.0034572624	0.0325	79.0	15.154937028884888
4	-980.8986	152.63744	-632.1507	-1323.1271	200.0	-28.685642	0.036624204	-28.502428	-28.742601	20000	-3.8146974e-09	76474.64	-0.0038488288	-2326.0547	0.904839	0.0060645943	0.03875	79.0	18.808232069015503
5	-983.3341	146.44771	-745.2637	-1257.9672	200.0	-33.541374	0.023456538	-33.44454	-33.576862	24000	1.8119811e-08	73664.016	-0.0053768083	-2194.7188	0.9037115	0.008222847	0.06	79.0	22.45150923728943
6	-1143.3942	303.6085	-748.1571	-1710.2314	200.0	-38.269928	0.014904813	-38.216366	-38.28606	28000	1.0061264e-07	107549.27	-0.0046394793	-2983.8281	0.91239935	0.005944473	0.03425	79.0	26.086838960647583
7	-1001.85077	139.7971	-752.8594	-1232.6714	200.0	-43.71912	0.010876898	-43.652786	-43.734035	32000	1.6784668e-07	74231.28	-0.003970591	-2227.9688	0.9303115	0.0030329754	0.02925	79.0	29.75700545310974
8	-1102.8497	224.73573	-754.02795	-1560.6311	200.0	-48.52456	0.0073674177	-48.491524	-48.533276	36000	1.1253357e-07	91012.61	-0.0029172716	-2613.086	0.91383344	0.0033925057	0.02275	79.0	33.47118616104126
9	-1028.7488	179.6685	-743.8957	-1446.9305	200.0	-53.667538	0.00648111	-53.639523	-53.67672	40000	4.196167e-08	73963.38	-0.003976559	-2143.0781	0.89447016	0.003520515	0.033	79.0	37.14690947532654
10	-1020.36945	187.5037	-745.5548	-1353.4695	200.0	-58.398956	0.005177589	-58.375923	-58.40635	44000	1.0871887e-07	69878.555	-0.0050916313	-1981.9297	0.8848566	0.0022602093	0.051	79.0	40.85997200012207
11	-918.1877	156.99104	-625.09314	-1360.0354	200.0	-62.96416	0.004133703	-62.94087	-62.971558	48000	-9.441376e-08	52994.78	-0.006569864	-1525.8477	0.86067224	0.007037817	0.04725	79.0	44.49504828453064
12	-1019.83234	207.26624	-635.95087	-1372.0165	200.0	-67.04229	0.0031740326	-67.03081	-67.04698	52000	9.250641e-08	66813.445	-0.0043975115	-1901.7969	0.8785172	0.003152937	0.035	79.0	48.19874382019043
13	-1007.1774	181.6019	-740.7378	-1427.6671	200.0	-71.57271	0.0032318942	-71.560814	-71.577324	56000	1.0585785e-07	61636.62	-0.004599171	-1811.0156	0.8662486	0.0060071084	0.0515	79.0	51.92048716545105
14	-1033.9935	185.4368	-630.969	-1371.2233	200.0	-76.06463	0.0023395307	-76.05495	-76.06805	60000	-1.0299683e-07	63429.035	-0.005492486	-1836.4297	0.85889214	0.0062401537	0.05475	79.0	55.61102271080017
15	-1135.4524	363.8962	-738.6202	-1860.1227	200.0	-80.60967	0.0030555448	-80.59978	-80.61307	64000	-2.1457673e-08	89818.22	-0.005396195	-2415.6016	0.84648937	0.003864001	0.03875	79.0	59.27866744995117
16	-983.2581	198.90027	-739.23376	-1616.438	200.0	-85.799324	0.0027481187	-85.78812	-85.80337	68000	-1.4305114e-08	54724.723	-0.0058299685	-1578.4805	0.862411	0.004456945	0.05775	79.0	63.03812336921692
17	-955.90857	218.0157	-750.88513	-1413.4521	200.0	-90.10782	0.0022290996	-90.09932	-90.111305	72000	9.441376e-08	49992.637	-0.0048317034	-1393.1602	0.8375069	0.002923494	0.0505	79.0	66.72580146789551
18	-1145.0693	218.5077	-826.3006	-1515.8322	200.0	-94.15337	0.0013310421	-94.14733	-94.155045	76000	1.13487246e-07	74604.07	-0.0049154228	-2160.7969	0.8316367	0.0051962244	0.06075	79.0	70.408127784729
19	-1033.4237	286.40454	-644.035	-1889.7893	200.0	-99.14339	0.001455246	-99.138664	-99.145615	80000	-6.198883e-08	60381.44	-0.007367693	-1599.1953	0.8106308	0.008447722	0.0895	79.0	74.1601550579071
20	-875.16406	196.21107	-626.6271	-1546.4521	200.0	-103.550224	0.0015348827	-103.54549	-103.55334	84000	1.9073487e-09	35720.85	-0.0038261795	-896.6758	0.78146625	0.003091819	0.0315	79.0	77.90516209602356
21	-959.59	162.40373	-741.34296	-1217.5161	200.0	-106.91989	0.0012580121	-106.91594	-106.92206	88000	-7.9154965e-08	42634.273	-0.004190502	-1194.1953	0.77296966	0.005602706	0.03525	79.0	81.54746341705322
22	-949.95557	274.07013	-626.57983	-1606.4282	200.0	-110.75221	0.0013071686	-110.748085	-110.754326	92000	-6.9618224e-08	45675.258	-0.0044612084	-1085.1289	0.7775803	0.0044175177	0.0385	79.0	85.19746255874634
23	-965.7638	182.3979	-741.3592	-1381.333	200.0	-114.4915	0.0011424382	-114.48721	-114.4934	96000	-3.8146972e-08	40468.516	-0.005161318	-1112.4453	0.7437994	0.004981878	0.037	79.0	88.8383378982544
24	-974.27356	168.40715	-745.5487	-1346.2839	200.0	-118.30423	0.0010318602	-118.30139	-118.30592	100000	8.5830685e-09	40270.973	-0.005255842	-1115.6367	0.73751324	0.005182606	0.05225	79.0	92.57789397239685
25	-915.5623	180.89343	-629.42737	-1259.0131	200.0	-122.16642	0.0010223598	-122.16346	-122.16818	104000	-2.861023e-09	33936.383	-0.00456538	-881.3047	0.7367223	0.005405883	0.05675	79.0	96.36348557472229
26	-873.5755	188.76216	-627.991	-1309.2198	200.0	-125.66533	0.00083077984	-125.66297	-125.66702	108000	-6.5803526e-08	29382.318	-0.0045927586	-704.43555	0.7108917	0.005809452	0.04475	79.0	100.08068060874939
27	-937.11896	262.4476	-625.27594	-1708.9626	200.0	-128.83453	0.0008828909	-128.83215	-128.83606	112000	5.1498414e-08	38522.492	-0.0037725428	-912.9922	0.7037861	0.0067326957	0.04975	79.0	103.82120609283447
28	-953.17737	165.47928	-747.37274	-1256.5555	200.0	-132.43935	0.0007941399	-132.43695	-132.44067	116000	-3.8146974e-09	33714.63	-0.0036117106	-900.84375	0.69033307	0.0028961904	0.034	79.0	107.56835412979126
29	-989.03516	236.42593	-628.0139	-1593.4519	200.0	-136.0905	0.00081050914	-136.08795	-136.0917	120000	-4.673004e-08	40153.027	-0.0041095437	-1007.58594	0.7114278	0.00514285	0.043	79.0	111.29970526695251
30	-908.85614	126.32767	-740.363	-1131.0311	200.0	-139.97635	0.00080488255	-139.97404	-139.97777	124000	1.9073487e-09	26597.03	-0.0043022833	-705.24023	0.69822145	0.0053996234	0.03475	79.0	114.93661499023438
31	-957.333	213.77866	-632.081	-1405.2147	200.0	-143.3142	0.00079321495	-143.31168	-143.31543	128000	2.7656554e-08	33007.516	-0.005118759	-849.5449	0.69788367	0.0031185956	0.04725	79.0	118.7350640296936
32	-911.79236	170.5976	-535.2004	-1235.7261	200.0	-146.95865	0.00067265774	-146.95654	-146.95982	132000	3.528595e-08	27761.676	-0.00514231	-624.9531	0.68605816	0.004786769	0.0495	79.0	122.4180600643158
33	-1012.8439	185.7491	-701.49286	-1424.729	200.0	-150.1736	0.0007342448	-150.17131	-150.17453	136000	1.1444092e-08	36499.676	-0.0037856426	-922.4922	0.6482187	0.0028890427	0.033	79.0	126.2044289112091
34	-908.1361	147.49466	-739.9369	-1228.2125	200.0	-154.04248	0.0007647615	-154.04056	-154.0437	140000	-6.6757204e-09	25089.6	-0.0058908514	-571.7285	0.6538093	0.005678595	0.051	79.0	129.97408604621887
35	-934.74023	146.65569	-628.6094	-1295.0233	200.0	-157.20862	0.0008009958	-157.20592	-157.20982	144000	-4.5776368e-08	25642.613	-0.0057584625	-634.36523	0.6311347	0.0029265834	0.05375	79.0	133.8170874118805
36	-981.1859	204.87025	-624.79114	-1325.8877	200.0	-160.52103	0.0007487755	-160.51895	-160.52202	148000	-2.5749207e-08	31249.947	-0.006685376	-746.0762	0.6306763	0.0034203867	0.05775	79.0	138.2112898826599
37	-935.3929	196.34427	-675.994	-1421.7422	200.0	-164.15288	0.0007477768	-164.15114	-164.15395	152000	-9.536743e-09	26792.004	-0.0065221954	-614.13086	0.60029864	0.009076683	0.05925	79.0	141.8976547718048
38	-859.3263	166.1271	-628.9186	-1261.5916	200.0	-167.52122	0.00073352136	-167.51932	-167.52246	156000	6.389618e-08	19921.404	-0.0069233133	-362.48828	0.6037413	0.005661857	0.08625	79.0	145.63913655281067
39	-873.2611	175.83824	-620.44904	-1187.6201	200.0	-170.17494	0.0006892597	-170.17342	-170.17604	160000	3.33786e-08	21324.99	-0.004934907	-361.35352	0.58113104	0.007345546	0.04625	79.0	149.40426993370056
40	-924.1126	244.11604	-605.73376	-1660.989	200.0	-172.81927	0.0006839592	-172.81787	-172.82028	164000	5.722046e-09	26389.686	-0.0060300906	-415.23633	0.5845234	0.0057505597	0.0475	79.0	153.05688643455505
41	-859.3032	130.93109	-629.86224	-1233.7731	200.0	-175.6879	0.0007090624	-175.68628	-175.68903	168000	9.536743e-09	17748.63	-0.006128287	-246.45703	0.5862859	0.006689695	0.049	79.0	156.79415822029114
42	-1094.4674	387.8323	-629.53876	-1871.2009	200.0	-177.98146	0.0008641965	-177.9791	-177.98232	172000	-3.8146974e-09	49577.574	-0.0058768406	-1073.4297	0.5941187	0.0071034045	0.068	79.0	160.58133459091187
43	-932.79236	238.93454	-675.6482	-1610.1576	200.0	-182.58508	0.0009094038	-182.58302	-182.58624	176000	6.484986e-08	24415.473	-0.0042602634	-432.3711	0.572326	0.0039092703	0.037	79.0	164.29223656654358
44	-850.6198	230.7402	-626.5644	-1530.6327	200.0	-185.73293	0.0010083193	-185.73045	-185.73433	180000	4.7683715e-09	19613.285	-0.0046349918	-154.54492	0.5604893	0.0035280192	0.03925	79.0	167.9014856815338
45	-886.317	195.23439	-625.86914	-1348.7721	200.0	-187.64503	0.0010645746	-187.64272	-187.64647	184000	-1.2397766e-08	19019.0	-0.0069189826	-227.34375	0.54392236	0.0063137333	0.056	79.0	171.59744954109192
46	-832.2995	151.82915	-618.4859	-1109.9375	200.0	-189.89725	0.0012401545	-189.89471	-189.89894	188000	1.1444092e-08	15437.694	-0.0053093433	-114.62012	0.5230781	0.0033774904	0.055	79.0	175.24068999290466
47	-849.8226	260.54416	-536.8532	-1644.8774	200.0	-191.58435	0.0015194624	-191.58122	-191.58627	192000	1.4305114e-08	20468.865	-0.00488151	-142.91992	0.5033265	0.006080763	0.0425	79.0	178.90889072418213
48	-808.899	163.11086	-615.07806	-1105.0403	200.0	-193.44281	0.0020181923	-193.43861	-193.44542	196000	3.1471252e-08	14598.715	-0.0050437534	-73.72363	0.5031023	0.006168665	0.05775	79.0	182.55019330978394
49	-775.77966	162.1954	-565.0011	-1215.7554	200.0	-194.84348	0.0027922015	-194.83788	-194.847	200000	1.0490417e-08	13203.128	0.0014205208	-39.597656	0.4891157	0.01965544	0.17925	2.0	185.6630129814148
50	-843.7044	152.02147	-622.2294	-1303.0586	200.0	-195.88365	0.004990845	-195.86926	-195.88898	204000	1.3351441e-08	14877.002	-0.0052649425	-270.42285	0.4888613	0.004878069	0.0495	79.0	189.4009120464325
51	-819.1276	132.01001	-543.145	-1021.0142	200.0	-195.86006	6.064899	-136.08142	-197.38644	208000	5.722046e-09	13843.301	-0.006434962	-1001.08594	0.49808908	0.008441545	0.0475	79.0	193.14253616333008
52	-815.7406	104.27683	-647.8919	-1166.7041	200.0	-178.79446	24.940775	-111.68606	-199.12383	212000	-9.536743e-09	12477.412	-0.004409663	-680.7832	0.51857024	0.0063080974	0.0365	79.0	196.89151740074158
53	-829.88556	105.76694	-626.3892	-1009.93756	200.0	-184.39656	20.803074	-109.021545	-201.17067	216000	-1.1444092e-08	11641.615	-0.003553956	-547.33594	0.539582	0.0053687273	0.02975	79.0	200.5762288570404
54	-859.1325	174.18253	-620.1908	-1227.049	200.0	-180.64519	23.904716	-105.94122	-203.50406	220000	3.242493e-08	15273.193	-0.0055295033	-413.7041	0.5507007	0.0037471354	0.0555	79.0	204.24926614761353
55	-819.2378	162.9655	-625.8693	-1233.8981	200.0	-181.17145	25.539787	-110.181526	-206.3088	224000	-1.0490417e-08	12756.32	-0.0064635235	-613.2842	0.5426983	0.0042087394	0.05975	79.0	207.91020369529724
56	-809.60876	122.426506	-628.3989	-1110.1613	200.0	-170.21388	35.85352	-49.184425	-208.88142	228000	-2.0980835e-08	11083.031	-0.006525586	-1381.1572	0.5359775	0.006301996	0.0655	79.0	211.66516041755676
57	-766.93726	114.45082	-625.3714	-1042.3561	200.0	-180.17365	25.982824	-100.66842	-211.13876	232000	2.2888184e-08	10520.974	-0.0075262813	-1276.4629	0.503093	0.00500096	0.0635	79.0	215.2876968383789
58	-852.88214	178.5674	-622.40283	-1318.494	200.0	-188.51643	29.101368	-118.49933	-212.9276	236000	-2.5749207e-08	13874.961	-0.0074470514	-779.8887	0.4685029	0.006840008	0.0685	79.0	218.93888235092163
59	-822.6442	170.48048	-626.4445	-1341.5549	200.0	-178.63791	29.044006	-106.77066	-215.49713	240000	2.4795533e-08	13483.956	-0.0045752237	-508.1045	0.44149026	0.0059891623	0.0355	79.0	222.70837783813477
60	-805.8749	125.926056	-627.8473	-1107.6815	200.0	-191.4718	25.47548	-116.45521	-217.97752	244000	4.7683717e-08	11034.46	-0.0056241024	-671.5322	0.45111433	0.007917171	0.054	79.0	226.46910738945007
61	-744.2788	132.72401	-608.5964	-1152.1606	200.0	-189.51675	24.987007	-127.81282	-220.06685	248000	1.3351441e-08	8737.956	-0.0059706904	-442.28516	0.46286872	0.0043611005	0.06175	79.0	230.2039852142334
62	-788.5246	166.65237	-605.6649	-1179.8384	200.0	-191.42035	26.259483	-109.79592	-221.59593	252000	1.9073487e-09	10599.183	-0.0054402743	-803.63965	0.45900443	0.008411254	0.0505	79.0	233.95994353294373
63	-759.9666	116.94441	-533.4656	-1020.921	200.0	-191.74928	30.62466	-101.439606	-223.88678	256000	-2.0980835e-08	8193.033	-0.005338233	-515.688	0.426154	0.004806638	0.04175	79.0	237.5924150943756
64	-707.8731	93.272804	-528.1141	-908.9565	200.0	-181.37564	29.434242	-112.169586	-225.73085	260000	1.0490417e-08	7159.1514	-0.0075832587	-326.57422	0.42777634	0.0074035157	0.07525	79.0	241.28691840171814
65	-771.2279	119.62187	-618.2526	-1133.1278	200.0	-176.31366	35.53508	-103.05975	-227.10876	264000	2.7656554e-08	8451.583	-0.004597594	-192.4502	0.400201	0.0027677624	0.04775	79.0	245.0289008617401
66	-834.01746	152.61366	-622.1158	-1256.2582	200.0	-182.73822	35.906975	-105.473694	-229.20505	268000	3.8146974e-09	10306.345	-0.0046905116	-310.81836	0.39536956	0.006263151	0.056	79.0	248.67551255226135
67	-768.2594	136.53098	-595.6804	-1098.8372	200.0	-189.83412	30.259163	-122.97253	-232.06003	272000	0.0	9074.349	-0.0055202446	-433.2246	0.37822068	0.0057915486	0.05875	79.0	252.37253069877625
68	-800.7897	149.75146	-620.3423	-1104.341	200.0	-185.3357	37.63857	-119.23452	-234.23431	276000	-9.536744e-10	10145.97	-0.0059571182	-720.2012	0.36684406	0.006045259	0.049	79.0	256.10650992393494
69	-841.5249	227.2693	-544.70276	-1523.4777	200.0	-179.14124	46.73887	-95.33952	-237.0428	280000	-1.2397766e-08	12460.476	-0.0053819055	-482.60547	0.37296683	0.006158471	0.032	79.0	259.83539724349976
70	-735.55896	113.85408	-622.9816	-1019.0338	200.0	-162.38219	43.13037	-89.10507	-240.81902	284000	-1.0490417e-08	7062.165	-0.0056545883	-511.2998	0.37586585	0.006539869	0.04975	79.0	263.4959361553192
71	-699.9442	93.91514	-553.6683	-907.42017	200.0	-176.14067	38.406586	-86.27971	-242.711	288000	-5.722046e-09	6359.059	-0.0036539235	-97.563965	0.38465506	0.00471652	0.0315	79.0	267.1421465873718
72	-754.75183	174.0658	-612.79065	-1299.1777	200.0	-182.74397	41.962505	-103.24882	-244.04628	292000	-2.0980835e-08	8931.402	-0.006462913	-254.96973	0.3867788	0.0078120483	0.069	79.0	270.7864966392517
73	-710.62115	110.05255	-620.2643	-997.0848	200.0	-169.66103	42.209984	-92.97021	-246.2189	296000	-8.5830685e-09	6196.558	-0.0059354985	-422.23145	0.3633801	0.00566778	0.055	79.0	274.5285499095917
74	-765.0092	133.68285	-606.75885	-1038.0344	200.0	-180.771	45.706894	-79.13509	-247.79369	300000	1.8119811e-08	7525.357	-0.0056345738	-473.08594	0.36510956	0.0032480042	0.035	79.0	278.2264368534088
75	-737.5233	107.11093	-574.05585	-999.801	200.0	-175.92166	43.05918	-99.63929	-250.08992	304000	1.4305114e-08	6548.7515	-0.006246306	-168.86865	0.37409842	0.0063304435	0.071	79.0	281.9196798801422
76	-708.701	113.66925	-577.4105	-939.8573	200.0	-179.70218	44.53099	-109.972015	-251.99982	308000	-2.0980835e-08	6152.5234	-0.007102523	-432.01807	0.36904144	0.009470571	0.062	79.0	285.6111876964569
77	-743.8328	122.32122	-503.4907	-1017.5523	200.0	-164.9991	56.198765	-76.389626	-253.60641	312000	-2.0980835e-08	6459.548	-0.006525626	-416.05713	0.35573587	0.0035483	0.04875	79.0	289.2996838092804
78	-749.69824	96.516426	-623.53674	-919.7556	200.0	-178.70422	46.447746	-98.35504	-255.59654	316000	9.536744e-10	5797.688	-0.0072060414	-351.8501	0.34394047	0.009182623	0.07125	79.0	292.9346055984497
79	-800.9408	144.92065	-579.48004	-1143.6132	200.0	-189.53928	45.369984	-119.75904	-257.51822	320000	-2.0980835e-08	7521.019	-0.003444439	-315.81006	0.31725842	0.0015360201	0.02175	79.0	296.5816287994385
80	-787.79895	131.9486	-618.5374	-1020.6956	200.0	-186.51309	50.695866	-88.23034	-260.2454	324000	-1.8119811e-08	7019.531	-0.0060490654	-851.67236	0.32017776	0.006379959	0.06	79.0	300.23548674583435
81	-749.9139	178.35786	-504.05484	-1333.5688	200.0	-181.03616	49.450554	-90.03814	-263.00095	328000	6.6757204e-09	7452.2734	-0.0050573833	-249.70996	0.31713864	0.0022241496	0.04525	79.0	304.03425645828247
82	-754.9818	156.17233	-510.37415	-1176.8431	200.0	-189.9078	49.480602	-115.01975	-265.40085	332000	4.7683715e-09	6537.548	-0.0066638812	-393.30664	0.30955884	0.0052351835	0.0565	79.0	307.76306986808777
83	-692.6815	121.31704	-503.0176	-1106.7103	200.0	-162.74599	51.697956	-78.90427	-267.74854	336000	7.629395e-09	5403.515	-0.005121417	-451.01807	0.29792282	0.0036569335	0.04825	79.0	311.40577602386475
84	-752.1585	146.99629	-606.5025	-1130.7601	200.0	-181.14513	51.394154	-103.27455	-269.25366	340000	-2.861023e-09	6701.51	-0.0050008693	-160.22363	0.27078837	0.0068071545	0.03425	79.0	315.3233222961426
85	-789.2205	145.39061	-521.9251	-1160.6761	200.0	-190.6381	51.672665	-113.836555	-271.34995	344000	-2.193451e-08	6931.9956	-0.006531616	-783.99756	0.2614255	0.005588271	0.04275	79.0	319.08860421180725
86	-684.166	125.70882	-503.73346	-1023.6305	200.0	-189.90663	48.41475	-113.660866	-274.07727	348000	-2.861023e-09	6146.3027	-0.005192581	-947.4248	0.25584605	0.0059272703	0.054	79.0	322.7536735534668
87	-671.38666	76.90479	-507.8172	-791.46454	200.0	-161.93846	47.50539	-99.33061	-275.36295	352000	-2.002716e-08	4996.5654	-0.0072281808	-532.4175	0.25826463	0.0070880298	0.0635	79.0	326.49054503440857
88	-631.81287	65.89471	-505.44916	-770.89886	200.0	-179.02225	48.525856	-103.32241	-276.097	356000	-5.722046e-09	4222.7124	-0.0040601813	-285.28223	0.25996792	0.0036984782	0.034	79.0	330.11465096473694
89	-739.52795	121.36159	-611.57684	-1059.1458	200.0	-182.02435	54.01984	-102.10214	-276.1668	360000	1.1444092e-08	4704.336	-0.0059890123	-135.52148	0.25585377	0.0051045115	0.068	79.0	333.79117822647095
90	-680.3195	111.92716	-496.06104	-929.6873	200.0	-173.93892	55.382683	-97.79289	-277.9724	364000	-4.7683715e-09	4357.8755	-0.0054657953	-88.96973	0.2338945	0.00621224	0.04725	79.0	337.49303102493286
91	-774.2094	194.44191	-501.33243	-1273.3197	200.0	-186.28996	63.7143	-96.00933	-279.30847	368000	-1.7166137e-08	6466.892	-0.005401932	-333.00098	0.21856117	0.0038445215	0.0575	79.0	341.2401385307312
92	-691.9821	120.88641	-502.83173	-980.2774	200.0	-175.03593	62.07231	-79.718765	-282.42752	372000	8.5830685e-09	4759.746	0.0011090798	-481.187	0.2153644	0.018365951	0.21875	2.0	344.4313464164734
93	-744.21936	106.86454	-521.60156	-973.63556	200.0	-159.52707	62.235497	-80.61545	-283.9887	376000	0.0	6094.988	-0.0051625855	-1281.1787	0.21529625	0.003771307	0.0455	79.0	348.12105345726013
94	-715.30756	124.416435	-501.29242	-1099.171	200.0	-178.12079	52.90878	-60.20613	-285.96048	380000	-2.4795533e-08	6293.1274	0.0035565128	-831.2466	0.19422467	0.01661067	0.1915	6.0	351.33149242401123
95	-694.58246	126.65331	-501.751	-984.75037	200.0	-193.12373	51.544086	-123.820045	-287.43796	384000	5.722046e-09	5122.887	-0.005601527	-433.14453	0.19388902	0.0075902925	0.0815	79.0	354.94940543174744
96	-662.5299	133.70753	-500.801	-1098.7505	200.0	-175.58778	51.84817	-109.96971	-288.8912	388000	2.861023e-09	5111.109	-0.006216757	-167.6626	0.16082133	0.0052380324	0.05075	79.0	358.607718706131
97	-707.6869	157.92024	-500.75107	-1040.6805	200.0	-172.95038	60.682854	-99.77272	-290.07492	392000	1.4305115e-09	5269.1284	-0.0062473505	-199.0874	0.16540599	0.008608302	0.0535	79.0	362.27054738998413
98	-685.3058	174.60559	-494.90588	-1261.8407	200.0	-178.55153	60.387947	-98.213684	-292.2051	396000	-1.525879e-08	5810.444	-0.00818357	-497.6079	0.16090983	0.0074811424	0.084	79.0	365.9235038757324
99	-837.38684	200.18457	-619.65796	-1307.5809	200.0	-184.08165	76.409775	-76.34904	-293.9285	400000	-9.536744e-10	7969.189	-0.0043598786	-298.41846	0.14655983	0.0012042327	0.04225	79.0	369.70068097114563
100	-660.79224	112.86317	-499.32858	-954.1561	200.0	-159.62473	64.691	-73.145744	-299.07834	404000	9.536744e-10	4390.9663	-0.005475765	-244.79004	0.13464186	0.0038994094	0.0315	79.0	373.408686876297
101	-710.7622	154.31337	-498.52258	-1142.9464	200.0	-169.8984	68.147064	-90.124886	-300.56268	408000	1.3351441e-08	4793.799	-0.006027386	-219.31006	0.12772277	0.00351017	0.06275	79.0	377.1019718647003
102	-648.9701	105.2253	-499.26288	-914.33044	200.0	-166.04306	63.894573	-93.83374	-302.40338	412000	9.536744e-10	3841.7183	-0.006715789	-172.53442	0.12303326	0.0063645123	0.054	79.0	380.85011172294617
103	-640.4317	87.32224	-488.4711	-761.717	200.0	-150.35226	58.189056	-61.709534	-303.1893	416000	-4.7683715e-09	4606.244	-0.0048614377	-574.31274	0.1351488	0.0031533423	0.0445	79.0	384.4959394931793
104	-626.70276	108.169655	-484.62964	-880.4336	200.0	-173.46266	54.37509	-98.70804	-303.66434	420000	-1.6212464e-08	4084.7434	-0.006588096	-237.70312	0.123342514	0.0048281536	0.066	79.0	388.12013244628906
105	-676.7616	138.4213	-501.446	-1040.0536	200.0	-165.49257	61.37839	-90.55585	-304.22668	424000	5.722046e-09	4316.7896	-0.007444117	-106.12744	0.11521147	0.0042665657	0.0705	79.0	391.8000741004944
106	-624.1403	113.456924	-482.45938	-972.28406	200.0	-159.44904	59.543446	-88.918625	-305.95175	428000	1.9073486e-08	3831.0493	-0.0050661247	-125.67651	0.10716602	0.0022689512	0.06175	79.0	395.4920735359192
107	-616.3469	97.9691	-498.74246	-794.99634	200.0	-160.20448	56.9171	-95.903175	-306.60492	432000	4.7683715e-09	3728.859	-0.005703279	-180.17627	0.08223352	0.006643914	0.06225	79.0	399.13329815864563
108	-700.6936	180.7001	-500.40652	-1231.4899	200.0	-160.02403	65.64213	-83.61683	-307.18112	436000	0.0	6129.47	-0.0070653446	-465.78955	0.058732852	0.0038083605	0.08025	79.0	402.75966215133667
109	-638.6454	147.24632	-394.2654	-913.832	200.0	-163.929	58.415237	-82.40406	-310.0772	440000	9.536743e-09	4012.4646	-0.0036647283	-106.38306	0.035454802	0.005471358	0.0355	79.0	406.3959310054779
110	-610.7458	144.2771	-487.18317	-1117.2809	200.0	-160.82243	62.66766	-83.43655	-311.76004	444000	-7.152557e-09	4029.9204	-0.0046757846	-209.71045	0.034206446	0.003718071	0.063	79.0	410.1038420200348
111	-658.8419	174.93416	-377.65137	-1138.1455	200.0	-160.64015	69.55652	-78.24552	-312.48016	448000	4.7683715e-09	4347.4404	-0.0033934813	-163.0	0.027232883	0.0034678706	0.074	79.0	413.8327670097351
112	-609.26746	138.03052	-251.36449	-865.24963	200.0	-147.68367	64.50885	-68.413284	-314.81787	452000	1.4305115e-09	3370.833	-0.0076177297	-161.08667	0.016443253	0.0067039346	0.089	79.0	417.53464794158936
113	-593.6552	90.65011	-403.74973	-855.3846	200.0	-149.61409	62.1985	-75.30415	-315.82376	456000	1.2397766e-08	3068.5269	-0.0069442843	-191.82202	0.0012251139	0.00442808	0.04825	79.0	421.1760685443878
114	-649.99084	156.15508	-378.12576	-1122.5073	200.0	-159.90225	68.25167	-73.28758	-315.7897	460000	1.1920929e-08	4182.7705	-0.005132793	-528.77515	-0.010626793	0.006763563	0.05375	79.0	425.06901144981384
115	-605.4403	122.668816	-371.9631	-821.1443	200.0	-141.87407	74.0682	-56.047726	-318.35324	464000	-1.0490417e-08	3400.5134	-0.0055937907	-540.53345	-0.017957319	0.0054823733	0.0635	79.0	428.81858229637146
116	-550.20026	109.95876	-376.1735	-807.4426	200.0	-141.08311	56.010406	-68.03431	-318.33682	468000	1.4781952e-08	3214.3643	-0.0051575117	-444.4602	-0.037763067	0.0030436583	0.0435	79.0	432.6144754886627
117	-589.7823	126.38566	-413.99796	-952.51935	200.0	-144.1407	59.883728	-58.13412	-318.70325	472000	1.3828277e-08	3314.7163	-0.005807451	-124.262695	-0.02797134	0.0068914033	0.06	79.0	436.47691679000854
118	-548.67004	124.63564	-373.90463	-792.3694	200.0	-147.61507	57.317883	-81.7584	-319.8651	476000	-2.1457673e-08	2818.9272	-0.006188108	-177.8977	-0.048392136	0.00432652	0.05525	79.0	440.201251745224
119	-568.9567	133.18477	-378.87637	-896.1632	200.0	-140.6607	63.568428	-71.03204	-320.01608	480000	3.8146974e-09	3030.5483	0.0044502546	-119.09985	-0.07743641	0.01646404	0.2055	6.0	443.376752614975
120	-549.7998	128.42053	-374.93613	-905.9914	200.0	-140.6813	67.64849	-59.07103	-321.02365	484000	-1.1444092e-08	2935.79	-0.0054681827	-356.32568	-0.07851801	0.0042752936	0.035	79.0	447.15856194496155
121	-547.1853	110.3429	-375.73694	-779.692	200.0	-130.28189	64.7842	-48.928513	-321.2546	488000	2.5272369e-08	1848.829	-0.0033148935	-114.621704	-0.0835028	0.00083533284	0.02225	79.0	450.79998660087585
122	-528.52454	120.068016	-352.26138	-852.06134	200.0	-134.70891	62.850353	-58.904743	-321.77365	492000	-1.9073487e-09	2785.8477	-0.0047917627	-208.89648	-0.09572381	0.004047994	0.0465	79.0	454.58580923080444
123	-531.16125	151.36281	-253.28165	-761.038	200.0	-124.09241	65.82053	-54.969902	-321.67334	496000	-1.6212464e-08	3004.0056	-0.0048999917	-158.05835	-0.09990091	0.005637026	0.0505	79.0	458.30528688430786
124	-547.88654	73.40043	-375.9621	-641.417	200.0	-129.44095	67.16705	-44.743847	-322.32245	500000	1.9073487e-09	2444.0813	-0.0028025343	-408.09265	-0.12058473	0.0020079333	0.04825	79.0	462.0407795906067
125	-550.557	111.25336	-367.914	-773.2001	200.0	-137.26888	65.83846	-59.619995	-322.98306	504000	-1.0490417e-08	2507.2278	-0.006368704	-211.17188	-0.119549066	0.0070837475	0.06425	79.0	465.68279123306274
126	-534.8371	149.55684	-293.77966	-980.95264	200.0	-128.30568	69.13629	-47.993675	-323.25253	508000	-1.1444092e-08	2582.751	-0.003136376	-236.1543	-0.13332558	0.0030019602	0.031	79.0	469.32997965812683
127	-487.64682	130.00194	-251.14775	-776.5663	200.0	-106.16217	60.011112	-26.097387	-324.58102	512000	-2.2888184e-08	2388.3994	0.003679125	-406.45374	-0.15796089	0.018829055	0.2065	52.0	472.8871793746948
128	-442.41107	83.28854	-370.04697	-647.95496	200.0	-112.323685	52.99142	-51.01277	-325.73984	516000	-3.3378602e-09	2161.321	-0.0041919113	-77.28735	-0.1794701	0.0027235395	0.03925	79.0	476.6187345981598
129	-472.13696	132.0315	-243.66237	-740.994	200.0	-118.42672	59.81022	-55.820057	-323.26996	520000	-5.2452087e-09	2284.0474	-0.00604707	-105.80347	-0.20676625	0.00517486	0.079	79.0	480.26904702186584
130	-490.87125	131.94487	-367.3982	-828.5873	200.0	-112.5067	58.540882	-43.750145	-324.626	524000	4.7683715e-09	2368.0288	-0.0047713374	-252.20166	-0.20841734	0.0062751016	0.053	79.0	483.91993165016174
131	-482.43295	92.57782	-354.09357	-682.8622	200.0	-112.3768	61.269302	-42.938206	-325.7212	528000	-2.3841858e-08	1530.5027	0.00043192814	-90.9436	-0.23442787	0.016838936	0.241	16.0	487.1597375869751
132	-437.7151	178.2108	-251.42407	-967.63824	200.0	-115.675735	69.10546	-46.7936	-324.81525	532000	-1.4305114e-08	2212.1426	-0.004495871	-683.1172	-0.23652218	0.0049230014	0.048	79.0	490.8793954849243
133	-357.794	197.91028	-125.19987	-906.7322	200.0	-84.30956	65.91298	-25.937572	-324.75363	536000	-1.5735626e-08	1614.4545	-0.007716557	-299.73572	-0.25186718	0.0065098894	0.07175	79.0	494.49740982055664
134	-358.62024	115.40899	-125.240585	-495.81973	200.0	-69.01214	67.07461	-5.0585856	-323.98953	540000	2.1457671e-09	1121.394	0.002628561	-190.85089	-0.27198625	0.018109431	0.21675	2.0	497.6084134578705
135	-384.22354	177.18884	-125.56193	-740.97723	200.0	-80.813545	67.588005	-14.299952	-316.86093	544000	1.0490417e-08	1757.8374	0.0020333396	-198.6101	-0.2722588	0.016579766	0.246	2.0	500.7158887386322
136	-429.06592	164.33531	-126.36788	-742.44214	200.0	-90.0563	72.67003	-12.479262	-325.75845	548000	-7.629395e-09	1362.9597	-0.008866626	-125.90991	-0.27270168	0.0062842155	0.0715	79.0	504.3640058040619
137	-311.8781	149.57265	-123.98454	-698.2417	200.0	-65.56627	63.98508	-9.840494	-326.40958	552000	-3.8146974e-09	1002.0076	-0.012490544	-216.43567	-0.28458658	0.01217282	0.0825	79.0	507.9859640598297
138	-287.407	157.96207	-123.98411	-626.33154	200.0	-53.059555	76.11616	-1.0672421	-326.6315	556000	-3.027916e-08	431.09772	-0.0003032782	-224.96669	-0.2968356	0.02508858	0.314	2.0	511.076984167099
139	-347.99207	177.0916	-0.8630996	-785.7059	200.0	-56.307037	63.991108	3.001913	-323.40283	560000	1.1920929e-09	1335.5039	-0.012474115	-376.09326	-0.29678506	0.009233147	0.097	79.0	514.709504365921
140	-222.22151	113.7741	-0.4684693	-496.52567	200.0	-45.495956	62.728516	-2.4861374	-314.58142	564000	-2.1159648e-08	658.1041	-0.011150014	-398.20602	-0.30131274	0.0024521758	0.06825	79.0	518.3318991661072
141	-320.65204	206.29732	-121.79266	-1026.6208	200.0	-47.818665	76.60586	3.4033527	-318.1557	568000	-1.3828277e-08	708.5924	-0.008078066	-104.83063	-0.3158225	0.008111279	0.10025	79.0	521.9464061260223
142	-214.78659	122.93433	-0.97991943	-586.3406	200.0	-30.82672	57.80724	3.802896	-328.3705	572000	-2.0921231e-08	180.7103	-0.005301428	-47.372482	-0.3464092	0.01612485	0.19425	20.0	525.232346534729
143	-281.2256	111.817505	-121.245415	-540.6095	200.0	-39.78601	70.46708	3.2500758	-326.27847	576000	2.0623206e-08	177.77187	-0.010048115	-78.010124	-0.35688913	0.00273097	0.077	79.0	528.9148650169373
144	-223.59819	116.36003	-0.6732063	-505.43817	200.0	-27.617493	58.13122	15.094654	-320.70688	580000	-2.9802322e-08	86.83502	-0.008006856	-46.17098	-0.38544202	0.00638705	0.06475	79.0	532.5468325614929
145	-256.31656	147.50461	-123.16878	-537.7223	200.0	-34.29352	61.821453	8.071123	-314.36484	584000	-1.34706495e-08	200.25946	-0.008450658	-104.4576	-0.37279642	0.0077829342	0.06575	79.0	536.2715120315552
146	-224.18588	171.74046	-0.8655776	-658.86884	200.0	-30.116785	64.75461	1.142736	-327.32123	588000	-9.3579295e-09	116.893486	-0.00667962	-34.959175	-0.38708207	0.003227053	0.04675	79.0	540.0356526374817
147	-272.6752	129.13142	-122.17587	-497.66232	200.0	-34.945454	71.876396	9.077816	-328.0369	592000	9.536744e-10	132.76292	-0.008540828	-62.6631	-0.4082835	0.0045063156	0.04425	79.0	543.7598693370819
148	-215.70403	127.98557	-0.6481194	-481.3971	200.0	-26.246727	58.359516	9.037377	-304.99985	596000	-4.7445297e-08	82.62963	-0.008616628	-23.197613	-0.4248875	0.0071306503	0.07625	79.0	547.479743719101
149	-199.5982	136.94827	-119.521255	-615.0958	200.0	-21.787767	53.641888	8.367758	-318.17273	600000	-2.1100044e-08	94.35828	-0.008801923	-21.28405	-0.4328423	0.006311907	0.08425	79.0	551.161808013916
150	-281.82993	183.26228	-119.380714	-677.41406	200.0	-35.309223	75.20471	9.147432	-326.9252	604000	1.6450882e-08	113.99077	-0.005483484	-12.648277	-0.45510456	0.0038139534	0.0285	79.0	554.9379281997681
151	-183.1097	135.57112	-0.6149946	-704.02936	200.0	-19.680548	51.654453	7.021504	-328.7944	608000	-1.9192695e-08	107.841705	-0.00643103	-13.866432	-0.44631082	0.006779544	0.07575	79.0	558.6733040809631
152	-180.14632	92.66723	-0.51538104	-380.9648	200.0	-18.279495	47.16225	8.090155	-322.0729	612000	6.437302e-09	34.223145	-0.0039655278	-12.53199	-0.4182014	0.018592568	0.2275	9.0	561.9231686592102
153	-232.48843	210.03201	-0.6981943	-951.2501	200.0	-28.33914	63.109367	7.483739	-321.30975	616000	-3.695488e-08	437.67462	-0.0056057447	-86.90454	-0.41757673	0.005009148	0.043	79.0	565.6376025676727
154	-222.6906	126.28763	-0.72544205	-551.17926	200.0	-26.986626	61.233242	7.67167	-332.70883	620000	1.3232231e-08	64.802155	-0.0072999974	-38.897217	-0.38547254	0.0001966902	0.02575	79.0	569.3062269687653
155	-204.82344	124.510345	-0.8517665	-379.9828	200.0	-23.576452	54.8602	8.473502	-327.45386	624000	-5.2452087e-09	82.15325	-0.0062004267	-38.542103	-0.40241912	0.015594009	0.16575	17.0	572.5703120231628
156	-244.67766	148.8394	-0.78243613	-644.7561	200.0	-28.634085	61.7834	10.331641	-315.82135	628000	2.861023e-09	100.88933	-0.008824487	-47.963478	-0.40294236	0.0025991143	0.04275	79.0	576.2971079349518
157	-287.80283	216.20612	-120.76245	-860.0397	200.0	-36.337154	78.056526	7.1988	-331.80478	632000	1.525879e-08	282.5057	-0.0051044216	-45.218567	-0.3878327	0.0030082418	0.03075	79.0	579.9602117538452
158	-256.8681	123.39025	-122.550964	-565.29224	200.0	-29.804707	63.9038	8.664246	-335.05994	636000	-1.1444092e-08	114.05521	-0.006355924	-21.530266	-0.3759235	0.003686201	0.0445	79.0	583.6187438964844
159	-240.03238	157.8602	-1.1790271	-535.88837	200.0	-29.097439	66.88994	7.876855	-334.26733	640000	1.4305115e-09	73.49889	-0.0079189	-26.671066	-0.37253854	0.0035480177	0.0345	79.0	587.280919790268
160	-199.36957	125.47652	-1.0011994	-482.29816	200.0	-20.934996	50.541275	11.086041	-327.8766	644000	-7.56979e-09	161.31828	-0.0014484656	-35.207573	-0.39064503	0.022828473	0.328	2.0	590.3945419788361
161	-174.49881	123.14616	-0.68897045	-397.66974	200.0	-18.738676	49.09376	9.629932	-319.23343	648000	-3.105402e-08	54.698647	-0.008892694	-32.428604	-0.391022	0.006286102	0.0665	79.0	594.1144161224365
162	-213.75546	107.634445	-0.73669493	-476.42203	200.0	-23.229435	53.5827	12.135653	-315.839	652000	-2.1457673e-08	47.34721	-0.007381716	-17.988497	-0.39695358	0.004054333	0.052	79.0	597.8392817974091
163	-202.62975	121.60294	-0.603067	-468.9191	200.0	-21.870235	52.177803	6.509386	-324.10178	656000	9.059906e-09	29.787312	-0.004093347	-9.027693	-0.443905	0.015926687	0.22875	12.0	601.1206893920898
164	-228.24307	169.03685	-0.50674725	-658.71344	200.0	-25.3135	63.771	9.673721	-321.33786	660000	-6.3180923e-09	76.779	-0.006573502	-28.313797	-0.44499582	0.0065984363	0.095	79.0	604.7371354103088
165	-233.79501	120.843025	-0.688711	-552.46045	200.0	-26.54179	57.72861	11.519561	-327.77905	664000	-7.152557e-09	53.11167	-0.0063196276	-26.047321	-0.4481916	0.002640618	0.031	79.0	608.5459115505219
166	-213.89066	134.92921	-0.57673395	-500.67834	200.0	-23.635063	58.313305	9.847275	-334.99005	668000	4.768372e-10	21.713232	-0.0077112154	-8.141221	-0.4397556	0.0063295565	0.0425	79.0	612.3131401538849
167	-192.41391	150.50452	-0.66664034	-576.8471	200.0	-20.455404	55.857224	9.047728	-333.3915	672000	3.9339065e-09	28.106194	-0.0014982775	-9.369015	-0.45745575	0.015707875	0.226	3.0	615.5944094657898
168	-227.72205	133.57333	-1.618437	-543.49384	200.0	-25.295242	58.391373	7.541404	-335.99335	676000	-1.5497207e-08	34.270256	-0.0009923289	-20.857693	-0.45780075	0.017383104	0.19575	3.0	618.7750053405762
169	-243.05	123.445076	-0.48725244	-476.90457	200.0	-27.467682	62.315548	8.259937	-334.48236	680000	5.4836273e-09	49.728798	-0.0077491854	-32.53972	-0.45812213	0.008234805	0.06925	79.0	622.4599695205688
170	-245.65694	167.40271	-0.6087077	-624.7291	200.0	-27.325342	63.9351	5.467543	-333.50525	684000	-4.6491624e-09	95.915924	-0.008997913	-21.819008	-0.46508303	0.008352412	0.07475	79.0	626.1586260795593
171	-219.83391	90.56758	-119.700356	-371.73727	200.0	-22.652271	50.433372	13.620022	-294.5638	688000	-3.552437e-08	65.15254	-0.00383142	-50.381798	-0.4701968	0.00071974646	0.024	79.0	629.8450043201447
172	-179.70233	107.80007	-0.5366827	-380.89944	200.0	-19.574583	48.2453	5.8643417	-303.04584	692000	1.4305115e-09	29.660606	-0.0047836625	-18.763426	-0.4661636	0.017163087	0.2185	10.0	632.9394958019257
173	-257.0491	92.418564	-121.65042	-381.3086	200.0	-28.30336	57.781544	8.4282675	-294.7548	696000	-1.6093255e-08	44.77183	-0.0012382575	-28.674583	-0.46665677	0.015630558	0.264	5.0	636.023110628128
174	-151.57271	82.33673	-0.41990525	-339.4785	200.0	-13.280902	38.856205	5.104325	-273.47336	700000	-4.148483e-08	30.07582	0.00031064008	-21.678057	-0.46800336	0.016924083	0.28275	5.0	639.112851858139
175	-212.56711	124.14467	-0.7222297	-514.1438	200.0	-23.201641	52.839466	7.21197	-311.8963	704000	2.9981138e-08	32.833015	-0.008917873	-18.811516	-0.4686927	0.008584748	0.058	79.0	642.7358062267303
176	-185.39018	100.91649	-0.36138678	-389.6832	200.0	-18.239222	45.546402	19.543434	-301.4759	708000	-3.695488e-09	36.975586	-0.010467855	-24.356213	-0.47809127	0.007043404	0.0485	79.0	646.3420734405518
177	-186.6461	128.17192	-0.32810584	-392.7307	200.0	-19.995403	52.36365	7.029616	-306.08676	712000	0.0	104.229454	0.0003439386	-88.48365	-0.45166022	0.025865752	0.3415	2.0	649.4268016815186
178	-199.50032	100.335144	-0.8439629	-381.80832	200.0	-19.318632	49.56456	19.481342	-299.68732	716000	-4.673004e-08	22.870659	-0.0015946353	-8.33277	-0.45116425	0.01607673	0.23675	2.0	652.4745140075684
179	-230.28854	144.6016	-0.45124206	-535.71234	200.0	-24.30389	58.49544	8.522524	-325.8433	720000	-1.4305115e-09	28.152729	-0.008716698	-15.641244	-0.45076728	0.0036107546	0.04275	79.0	656.1164944171906
180	-205.6272	114.445915	-119.48476	-420.01126	200.0	-22.080563	53.03906	9.779097	-300.0011	724000	1.6093255e-08	40.59856	-0.0033686885	-11.626574	-0.4373274	0.016000811	0.2255	10.0	659.3490788936615
181	-165.59871	87.82595	-0.7761519	-371.6425	200.0	-15.698196	42.325764	3.3157802	-276.91022	728000	1.8119811e-08	58.89015	-0.007613425	-34.767586	-0.43828294	0.0024086237	0.034	79.0	662.9969913959503
182	-117.652756	72.98273	-0.57068586	-251.3924	200.0	-9.563166	29.845764	15.268906	-212.03319	732000	-4.7683715e-09	52.145374	-0.0014530896	-33.86962	-0.46963114	0.022414746	0.284	2.0	666.1581840515137
183	-206.17664	155.60909	-0.77019024	-435.21472	200.0	-23.980267	58.374016	12.81705	-314.95978	736000	1.0490417e-08	17.072845	0.0018056212	-8.688188	-0.4701948	0.020118263	0.28325	2.0	669.2259755134583
184	-204.97156	154.02797	-0.87271446	-512.17535	200.0	-22.666246	56.90415	12.787054	-323.44867	740000	-3.004074e-08	43.632267	-0.0037012456	-22.235315	-0.4706955	0.01615391	0.26775	16.0	672.3338007926941
185	-265.8508	193.09492	-117.34515	-737.38873	200.0	-26.459852	52.55121	12.680666	-331.24896	744000	-2.1636486e-08	2295.5137	0.005152939	-1056.6107	-0.47352222	0.020572368	0.27025	12.0	675.3912720680237
186	-276.9401	234.83234	-1.4515531	-755.7806	200.0	-41.822746	66.85213	5.752141	-321.30695	748000	2.6941299e-08	2156.3616	-0.004773262	-527.8989	-0.47608104	0.00176064	0.02075	79.0	678.9187150001526
187	-230.36487	109.08412	-118.538185	-505.3183	200.0	-34.476795	66.2952	17.64914	-306.43915	752000	1.180172e-08	793.76337	-0.0086611	-381.37204	-0.44965473	0.0037346282	0.0605	79.0	682.3502745628357
188	-249.453	196.28708	-1.1267186	-741.7679	200.0	-29.757515	62.312824	11.480661	-266.9752	756000	-1.502037e-08	938.25104	-0.007522559	-267.3078	-0.46616748	0.006035802	0.04825	79.0	685.5996205806732
189	-241.38506	173.71878	-0.85237354	-631.2114	200.0	-35.59867	65.679344	2.328753	-300.4648	760000	-2.4318695e-08	845.92975	-0.0012171086	-68.14984	-0.4505512	0.015115915	0.24275	2.0	688.4587206840515
190	-193.16165	117.2938	-2.2900205	-511.26294	200.0	-27.913195	58.780075	7.7411857	-288.64816	764000	4.23193e-09	603.028	0.0026491517	-186.53278	-0.45018768	0.021337818	0.31	1.0	691.3636577129364
191	-178.65926	170.91339	-0.5912144	-542.42676	200.0	-19.199331	51.99074	9.719841	-299.88782	768000	1.1444092e-08	172.15627	0.0018082426	-107.0	-0.45000434	0.015840467	0.23825	2.0	694.253499507904
192	-228.6186	140.91739	-119.837616	-611.0499	200.0	-24.853003	58.070747	15.312404	-307.40796	772000	-1.9073487e-09	94.65591	-0.0095059015	-29.226501	-0.44973394	0.0069263433	0.056	79.0	697.6561272144318
193	-188.95963	115.5513	-0.42626113	-432.6689	200.0	-19.396242	50.09191	16.304365	-306.49838	776000	-2.8133393e-08	65.00414	0.00022014785	-19.724556	-0.43893844	0.020030512	0.21325	2.0	700.5677511692047
194	-241.02547	130.42027	-0.44067037	-531.3435	200.0	-27.703293	61.39236	13.088976	-308.63025	780000	1.07288365e-08	106.0174	-0.00974952	-54.640106	-0.43880105	0.003841298	0.04975	79.0	703.9444651603699
195	-173.40123	120.99006	-0.597146	-388.96625	200.0	-16.389582	43.812195	16.404602	-297.0768	784000	-1.1444092e-08	138.02942	-0.006056428	-59.45292	-0.47042188	0.0020979072	0.034	79.0	707.3305375576019
196	-170.99423	119.30801	-0.4358887	-395.94427	200.0	-17.590511	49.201027	11.634306	-307.91635	788000	-3.9339065e-09	88.90226	-0.0060458328	-57.047707	-0.46551436	0.002962272	0.0435	79.0	710.75572681427
197	-161.84746	82.77772	-0.8731862	-383.79538	200.0	-12.853617	38.873596	13.740685	-279.20255	792000	-1.7642975e-08	10.016623	-0.007090707	-5.242355	-0.49676535	0.0051398547	0.07675	79.0	714.2996034622192
198	-197.9201	127.29087	-0.58874404	-557.1532	200.0	-18.476675	49.70615	10.354856	-299.75656	796000	2.0980835e-08	40.400417	-0.0076790066	-10.937639	-0.5232459	0.0046021077	0.03625	79.0	717.7215611934662
199	-173.54521	135.17587	-0.4279164	-559.1366	200.0	-17.156359	48.813644	5.4824114	-306.54395	800000	-1.4305115e-09	52.52332	-0.0049140486	-20.536499	-0.49856097	0.016091434	0.22425	18.0	720.75559258461
