Epoch	AverageEpRet	StdEpRet	MaxEpRet	MinEpRet	EpLen	AverageVVals	StdVVals	MaxVVals	MinVVals	TotalEnvInteracts	LossPi	LossV	DeltaLossPi	DeltaLossV	Entropy	KL	ClipFrac	StopIter	Time
0	-200.0	0.0	-200.0	-200.0	200.0	-0.13469207	0.0006664749	-0.13288887	-0.13801439	4000	1.9931794e-07	3829.637	-0.0028978586	-963.20996	1.0845158	0.015590394	0.32025	12.0	3.2299437522888184
1	-200.0	0.0	-200.0	-200.0	200.0	-9.42017	0.04304334	-9.139198	-9.527291	8000	2.3078918e-07	2871.7605	-0.0044074436	-538.9758	1.0974759	0.0054514697	0.039	79.0	7.085428953170776
2	-200.0	0.0	-200.0	-200.0	200.0	-15.488159	0.017011823	-15.4161	-15.534778	12000	1.0204315e-07	2336.5789	-0.0030689659	-399.10583	1.0899727	0.012607218	0.2895	79.0	10.84885311126709
3	-200.0	0.0	-200.0	-200.0	200.0	-20.60885	0.011209388	-20.566936	-20.636032	16000	5.722046e-09	1940.0414	-0.002698288	-316.60803	1.0805846	0.009527897	0.06	79.0	14.673019409179688
4	-200.0	0.0	-200.0	-200.0	200.0	-25.228727	0.01095717	-25.189638	-25.250238	20000	6.008148e-08	1626.0222	-0.0023690958	-253.33386	1.0484649	0.007817644	0.00675	79.0	18.43415880203247
5	-200.0	0.0	-200.0	-200.0	200.0	-29.450464	0.008340292	-29.401505	-29.46644	24000	-7.152558e-08	1375.2623	-0.008115658	-201.6073	1.0726972	0.010365259	0.0	79.0	22.138916492462158
6	-200.0	0.0	-200.0	-200.0	200.0	-33.313675	0.005945544	-33.287598	-33.325314	28000	4.005432e-08	1176.075	-0.0013307037	-158.62555	1.0521151	0.010169825	0.022	79.0	25.854795455932617
7	-200.0	0.0	-200.0	-200.0	200.0	-36.834522	0.005089268	-36.81712	-36.845753	32000	1.8119811e-08	1019.7239	-0.0028322267	-122.99744	1.0466936	0.010061712	0.05275	79.0	29.61328935623169
8	-200.0	0.0	-200.0	-200.0	200.0	-40.023834	0.004442541	-40.004166	-40.035103	36000	1.6212464e-08	898.85443	-0.00163204	-93.76178	1.0370413	0.009689083	0.0	79.0	33.26904487609863
9	-200.0	0.0	-200.0	-200.0	200.0	-42.89075	0.005584875	-42.868484	-42.90107	40000	2.2888184e-08	806.99207	-0.0009028692	-70.11261	1.0717225	0.0049233516	0.0005	79.0	37.05061602592468
10	-200.0	0.0	-200.0	-200.0	200.0	-45.444016	0.003267707	-45.42363	-45.45059	44000	-1.525879e-08	738.64594	-0.00093345833	-51.348755	1.0898263	0.009872429	0.02625	79.0	40.78999400138855
11	-200.0	0.0	-200.0	-200.0	200.0	-47.69278	0.0033855573	-47.66801	-47.70094	48000	2.4795533e-08	688.8888	-0.0016573572	-36.776672	1.0772442	0.013402345	0.00675	79.0	44.505155086517334
12	-200.0	0.0	-200.0	-200.0	200.0	-49.651882	0.0038456833	-49.62653	-49.6598	52000	1.7166137e-08	653.5497	-0.0032142573	-25.720581	1.0290868	0.004348222	0.0135	79.0	48.20164966583252
13	-200.0	0.0	-200.0	-200.0	200.0	-51.3388	0.0047878628	-51.306908	-51.34667	56000	3.528595e-08	629.0242	-0.0009875632	-17.529968	1.0315461	0.009910913	0.004	79.0	51.951292276382446
14	-200.0	0.0	-200.0	-200.0	200.0	-52.77339	0.003592428	-52.746918	-52.77935	60000	-3.051758e-08	612.56323	-0.0047603226	-11.62793	1.0604599	0.010551055	0.00825	79.0	55.6598014831543
15	-200.0	0.0	-200.0	-200.0	200.0	-53.974182	0.0032962668	-53.95769	-53.98014	64000	1.9073487e-09	601.8424	-0.002263647	-7.5021973	1.0609753	0.0084341625	0.0345	79.0	59.29468631744385
16	-200.0	0.0	-200.0	-200.0	200.0	-54.96646	0.0032872977	-54.949177	-54.97268	68000	6.6757204e-09	595.08307	-0.0041192328	-4.699585	1.0472211	0.013166237	0.05925	79.0	62.95145344734192
17	-200.0	0.0	-200.0	-200.0	200.0	-55.772827	0.0034524915	-55.75002	-55.779293	72000	-8.5830685e-09	590.9878	-0.0013350301	-2.8573608	0.99298584	0.0014846063	0.01875	79.0	66.58350849151611
18	-200.0	0.0	-200.0	-200.0	200.0	-56.419003	0.003667295	-56.39633	-56.42504	76000	1.1444092e-08	588.6315	-0.004560093	-1.6829834	0.9627466	0.010067091	0.06975	79.0	70.37383341789246
19	-200.0	0.0	-200.0	-200.0	200.0	-56.92901	0.0035110195	-56.906258	-56.935143	80000	1.0490417e-08	587.3414	-0.0040042363	-0.9581299	1.028171	0.01531651	0.0735	28.0	73.61522889137268
20	-200.0	0.0	-200.0	-200.0	200.0	-57.32446	0.0025932167	-57.310623	-57.329647	84000	-1.6212464e-08	586.69727	-0.0029697989	-0.52716064	1.0584599	0.015567878	0.07475	41.0	76.97940444946289
21	-200.0	0.0	-200.0	-200.0	200.0	-57.623825	0.002838591	-57.604	-57.629494	88000	-2.0980835e-08	586.38727	-0.00079742435	-0.2810669	1.0167195	0.0075647403	0.0	79.0	80.75627183914185
22	-200.0	0.0	-200.0	-200.0	200.0	-57.84886	0.0026718103	-57.838997	-57.853832	92000	-8.5830685e-09	586.3064	-0.0067471275	-0.14416504	1.0509064	0.0085638985	0.0105	79.0	84.63913989067078
23	-200.0	0.0	-200.0	-200.0	200.0	-58.014015	0.0031562748	-57.989353	-58.01962	96000	2.002716e-08	586.28436	-0.003063115	-0.07110596	1.0256479	0.01578454	0.13	20.0	87.79299545288086
24	-200.0	0.0	-200.0	-200.0	200.0	-58.1332	0.0032582458	-58.115856	-58.138443	100000	7.629395e-09	586.29346	-0.0023793317	-0.03387451	1.0012549	0.0108953	0.034	79.0	91.4805428981781
25	-200.0	0.0	-200.0	-200.0	200.0	-58.216522	0.00307594	-58.202972	-58.222305	104000	2.193451e-08	586.3396	-0.0015681819	-0.015563965	0.98070306	0.010268151	0.0305	79.0	95.1809401512146
26	-200.0	0.0	-200.0	-200.0	200.0	-58.273853	0.0048376285	-58.21149	-58.280865	108000	3.8146974e-09	586.34827	-0.0032131851	-0.006958008	0.9614704	0.010635532	0.06675	79.0	98.97785949707031
27	-200.0	0.0	-200.0	-200.0	200.0	-58.3142	0.0026477869	-58.300762	-58.319386	112000	-1.0490417e-08	586.3845	-0.006044036	-0.0030517578	0.9226821	0.015521452	0.0	12.0	102.17710518836975
28	-200.0	0.0	-200.0	-200.0	200.0	-58.3393	0.0032440168	-58.326298	-58.345097	116000	5.722046e-09	586.39465	-0.0006302147	-0.0014648438	0.9285448	0.015108706	0.08	25.0	105.36560893058777
29	-200.0	0.0	-200.0	-200.0	200.0	-58.35579	0.0035495842	-58.3346	-58.362293	120000	1.1444092e-08	586.4047	-0.0028069047	-0.0007324219	0.9448603	0.016686149	0.0115	25.0	108.65929436683655
30	-200.0	0.0	-200.0	-200.0	200.0	-58.366085	0.0035916204	-58.33906	-58.372562	124000	-3.8146974e-09	586.4162	-0.0017632837	-0.00030517578	0.88326955	0.008515424	0.002	79.0	112.43383312225342
31	-200.0	0.0	-200.0	-200.0	200.0	-58.373837	0.0036605576	-58.356094	-58.38011	128000	0.0	586.42804	-0.0020288248	-0.00018310547	0.9313849	0.0071033225	0.0	79.0	116.0763726234436
32	-200.0	0.0	-200.0	-200.0	200.0	-58.378292	0.0037971286	-58.355656	-58.38484	132000	5.722046e-09	586.41693	-0.0009972038	-0.0007324219	0.93223315	0.0013958648	0.01175	79.0	119.71949124336243
33	-200.0	0.0	-200.0	-200.0	200.0	-58.380768	0.003694278	-58.360874	-58.387444	136000	-2.861023e-09	586.43164	-0.004157201	-0.0005493164	0.9052095	0.015311496	0.0555	19.0	122.8907539844513
34	-200.0	0.0	-200.0	-200.0	200.0	-58.38282	0.0030916203	-58.369385	-58.388424	140000	-1.1444092e-08	586.4397	-0.002748583	-0.00030517578	0.9278356	0.014195134	0.0735	79.0	126.56699323654175
35	-200.0	0.0	-200.0	-200.0	200.0	-58.382328	0.0037027355	-58.35514	-58.388634	144000	2.861023e-09	586.42096	-0.0036433304	-0.00079345703	0.94798464	0.013501808	0.05225	79.0	130.2806646823883
36	-200.0	0.0	-200.0	-200.0	200.0	-58.38332	0.0037761212	-58.362846	-58.389496	148000	-9.536744e-10	586.4438	-0.0014535075	-0.0004272461	0.96988213	0.009465763	0.04075	79.0	134.09309840202332
37	-200.0	0.0	-200.0	-200.0	200.0	-58.38279	0.003761823	-58.36405	-58.389168	152000	2.861023e-09	586.42615	-0.003585567	-0.00048828125	0.99377185	0.012317952	0.026	79.0	137.87308359146118
38	-200.0	0.0	-200.0	-200.0	200.0	-58.382694	0.00304505	-58.36105	-58.388752	156000	8.5830685e-09	586.4218	-0.006443262	-0.0004272461	1.0080806	0.018213814	0.254	15.0	141.07810926437378
39	-200.0	0.0	-200.0	-200.0	200.0	-58.38192	0.0035702793	-58.36412	-58.388763	160000	1.9073487e-09	586.417	-0.002485156	-0.00048828125	0.9472063	0.008723232	0.00625	79.0	144.86202478408813
40	-200.0	0.0	-200.0	-200.0	200.0	-58.382835	0.004303032	-58.362972	-58.39053	164000	-1.3351441e-08	586.4203	-0.0042405366	-0.00030517578	0.93483186	0.010557694	0.0035	79.0	148.68292713165283
41	-200.0	0.0	-200.0	-200.0	200.0	-58.38378	0.0036919424	-58.35629	-58.3904	168000	0.0	586.4334	-0.0029747658	-0.00018310547	0.9863881	0.015721822	0.193	21.0	151.83822011947632
42	-200.0	0.0	-200.0	-200.0	200.0	-58.38412	0.0042400872	-58.355427	-58.39114	172000	1.9073487e-09	586.42975	-0.0063154185	-0.00061035156	1.0004326	0.018775934	0.08175	11.0	154.92893934249878
43	-200.0	0.0	-200.0	-200.0	200.0	-58.384758	0.0029354866	-58.370293	-58.390144	176000	-1.525879e-08	586.4346	-0.001215785	-0.00048828125	0.9753179	0.005753234	0.11175	79.0	158.5832097530365
44	-200.0	0.0	-200.0	-200.0	200.0	-58.384056	0.0030824365	-58.36809	-58.389793	180000	-7.629395e-09	586.4345	-0.00482831	-0.00048828125	0.9859211	0.015921585	0.0	18.0	161.7116539478302
45	-200.0	0.0	-200.0	-200.0	200.0	-58.38405	0.0031972313	-58.359795	-58.38985	184000	2.861023e-09	586.43274	-0.0019846333	-0.001159668	0.917491	0.015671477	0.00925	30.0	164.93341851234436
46	-200.0	0.0	-200.0	-200.0	200.0	-58.383972	0.003789175	-58.36683	-58.39013	188000	-4.7683715e-09	586.4346	-0.0029604225	-0.0017089844	0.8335128	0.008563688	0.147	79.0	168.59154415130615
47	-200.0	0.0	-200.0	-200.0	200.0	-58.383244	0.0035169157	-58.358135	-58.390347	192000	-1.9073486e-08	586.43445	-0.0018568687	-0.00061035156	0.9056381	0.0031985478	0.09075	79.0	172.27683305740356
48	-200.0	0.0	-200.0	-200.0	200.0	-58.383247	0.003939411	-58.362537	-58.38978	196000	1.9073487e-09	586.42126	-0.0009505167	-0.0013427734	0.9091073	0.0034721287	0.002	79.0	176.02887630462646
49	-200.0	0.0	-200.0	-200.0	200.0	-58.382553	0.005233782	-58.343517	-58.390167	200000	-5.722046e-09	586.40985	-0.0017774277	-0.0024414062	0.89722466	0.011058031	0.0175	79.0	179.69852590560913
50	-200.0	0.0	-200.0	-200.0	200.0	-58.383614	0.003935168	-58.36738	-58.390137	204000	1.9073486e-08	586.4342	-0.0049534687	-0.0012207031	0.831702	0.004766087	0.02925	79.0	183.3554229736328
51	-200.0	0.0	-200.0	-200.0	200.0	-58.383648	0.0037534314	-58.36362	-58.390133	208000	5.722046e-09	586.43115	-0.0014854574	-0.0014038086	0.74947983	0.0050807754	0.0145	79.0	187.00621032714844
52	-200.0	0.0	-200.0	-200.0	200.0	-58.38328	0.004840594	-58.36142	-58.390182	212000	5.722046e-09	586.42944	-0.0021565077	-0.0016479492	0.69894546	0.0039699287	0.03675	79.0	190.6820411682129
53	-200.0	0.0	-200.0	-200.0	200.0	-58.383274	0.0043667075	-58.35417	-58.389378	216000	-1.9073486e-08	586.42773	-0.0024025287	-0.0010986328	0.7014596	0.008244303	0.03975	79.0	194.462810754776
54	-200.0	0.0	-200.0	-200.0	200.0	-58.38272	0.004250545	-58.36554	-58.389587	220000	-3.8146974e-09	586.4276	-0.002665762	-0.0009765625	0.76855624	0.004501848	0.0	79.0	198.2589783668518
55	-200.0	0.0	-200.0	-200.0	200.0	-58.38256	0.004214635	-58.362267	-58.389458	224000	-4.7683715e-09	586.4173	-0.0017491856	-0.0025024414	0.78592634	0.0040954314	0.0	79.0	202.03580927848816
56	-200.0	0.0	-200.0	-200.0	200.0	-58.381966	0.0059921043	-58.343838	-58.391014	228000	-8.5830685e-09	586.3721	-0.0030993475	-0.018981934	0.83231205	0.011955071	0.019	79.0	205.78884863853455
57	-200.0	0.0	-200.0	-200.0	200.0	-58.380547	0.009040205	-58.291378	-58.393837	232000	9.536744e-10	586.3714	-0.0008407917	-0.017700195	0.82949847	0.008391459	0.04125	79.0	209.43565797805786
58	-200.0	0.0	-200.0	-200.0	200.0	-58.379883	0.0103605185	-58.31963	-58.3959	236000	6.6757204e-09	586.3897	-0.00085984805	-0.014770508	0.8232134	0.010558971	0.00725	79.0	213.0902214050293
59	-200.0	0.0	-200.0	-200.0	200.0	-58.382366	0.013244267	-58.302006	-58.402325	240000	1.1444092e-08	586.3799	-0.0019483919	-0.01953125	0.80203843	0.014050606	0.01775	79.0	216.78855562210083
60	-200.0	0.0	-200.0	-200.0	200.0	-58.37754	0.018575251	-58.24919	-58.40391	244000	-1.0490417e-08	586.2822	-0.0033466483	-0.15948486	0.80466187	0.015063081	0.036	17.0	219.9252667427063
61	-200.0	0.0	-200.0	-200.0	200.0	-58.369858	0.032045584	-58.068134	-58.416683	248000	2.861023e-09	586.1621	-0.0045275707	-0.8709717	0.80054015	0.011500721	0.17075	79.0	223.5902533531189
62	-200.0	0.0	-200.0	-200.0	200.0	-58.15629	0.16053233	-57.097374	-58.420444	252000	1.8119811e-08	585.1678	-0.0008040685	-6.0860596	0.8350685	0.0131136095	0.00775	79.0	227.31922912597656
63	-200.0	0.0	-200.0	-200.0	200.0	-57.270554	1.8583311	-34.249428	-59.519768	256000	7.629395e-09	580.62427	-0.0029420024	-7.0685425	0.85530984	0.011960992	0.042	79.0	230.9991590976715
64	-200.0	0.0	-200.0	-200.0	200.0	-58.508415	2.2688088	-42.563274	-60.73016	260000	-4.7683715e-09	581.2029	-0.003661748	-2.0048828	0.87216955	0.012099328	0.092	79.0	234.72495007514954
65	-200.0	0.0	-200.0	-200.0	200.0	-58.223125	2.982199	-42.30404	-60.94869	264000	-1.3351441e-08	573.5215	-0.0025407458	-3.5402832	0.9030305	0.015355685	0.062	50.0	238.17684078216553
66	-200.0	0.0	-200.0	-200.0	200.0	-59.06075	2.3508642	-38.655872	-60.82026	268000	9.536743e-09	570.32513	-0.004044704	-8.081299	0.88496614	0.015116268	0.1985	44.0	241.5613341331482
67	-200.0	0.0	-200.0	-200.0	200.0	-57.03503	7.5425644	5.165007	-61.39063	272000	-1.525879e-08	576.7491	-0.0043081027	-13.984802	0.90980047	0.015036032	0.076	13.0	244.77039504051208
68	-200.0	0.0	-200.0	-200.0	200.0	-58.64474	3.7301116	-27.39493	-60.56925	276000	1.9073487e-09	557.8113	-0.0020616027	-5.2543335	0.8980238	0.015402189	0.13975	11.0	247.95661234855652
69	-200.0	0.0	-200.0	-200.0	200.0	-57.623978	5.9386473	-6.9236317	-61.294174	280000	8.5830685e-09	585.07263	-0.0006284742	-10.751648	0.88032144	0.0050503137	0.015	79.0	251.67973136901855
70	-200.0	0.0	-200.0	-200.0	200.0	-58.134712	4.1430645	-21.151497	-60.133553	284000	-1.9073487e-09	581.99615	-0.0018187333	-5.410095	0.88216424	0.0050110207	0.0045	79.0	255.36860394477844
71	-200.0	0.0	-200.0	-200.0	200.0	-58.60119	2.550094	-31.385975	-59.476727	288000	-3.8146974e-09	581.5108	-0.002114317	-0.65515137	0.86424434	0.0109473225	0.047	79.0	259.08509063720703
72	-200.0	0.0	-200.0	-200.0	200.0	-58.18867	2.4472876	-36.06479	-59.124542	292000	1.9073487e-09	568.25055	-0.0034710902	-11.217285	0.7984655	0.006944069	0.01175	79.0	262.86701941490173
73	-200.0	0.0	-200.0	-200.0	200.0	-57.373734	6.707669	-10.632125	-60.743713	296000	8.5830685e-09	569.67096	-0.0061724912	-9.827759	0.725147	0.009421099	0.033	79.0	266.6634249687195
74	-200.0	0.0	-200.0	-200.0	200.0	-58.5349	4.2536197	-37.222466	-61.064682	300000	-1.525879e-08	585.83734	-0.0033820646	-6.5319214	0.64907336	0.007525367	0.009	79.0	270.4691083431244
75	-200.0	0.0	-200.0	-200.0	200.0	-57.41334	3.6723862	-36.57111	-60.28186	304000	-9.536744e-10	592.95935	-0.0024216585	-11.490112	0.57894933	0.0039246436	0.0645	79.0	274.2229194641113
76	-200.0	0.0	-200.0	-200.0	200.0	-58.210476	2.118994	-45.33241	-60.984837	308000	6.6757204e-09	576.4249	-0.0018078861	-16.197388	0.5068756	0.0029107975	0.01375	79.0	277.89476466178894
77	-200.0	0.0	-200.0	-200.0	200.0	-58.69467	3.3167794	-37.81442	-61.006496	312000	7.629395e-09	581.67786	-0.0016892263	-5.408264	0.51930934	0.005550269	0.001	79.0	281.54722118377686
78	-200.0	0.0	-200.0	-200.0	200.0	-57.835014	3.6734807	-45.783028	-61.009876	316000	7.629395e-09	560.4577	-0.0012989274	-8.748718	0.4910677	0.0054756077	0.0135	79.0	285.31023645401
79	-200.0	0.0	-200.0	-200.0	200.0	-58.361805	4.3953214	-36.06244	-62.20578	320000	1.9073487e-09	548.74786	-0.00047732927	-6.5550537	0.46627042	0.0013754985	0.00425	79.0	289.0629451274872
80	-200.0	0.0	-200.0	-200.0	200.0	-58.09577	5.688586	-33.234764	-62.938244	324000	-5.722046e-09	603.9177	-0.0014165401	-38.150513	0.48440334	0.0015686086	0.02125	79.0	292.85542130470276
81	-200.0	0.0	-200.0	-200.0	200.0	-58.418995	4.2263455	-50.703983	-63.622814	328000	-5.722046e-09	574.55334	-0.00018349552	-11.435486	0.45570904	3.7704467e-05	0.002	79.0	296.6678566932678
82	-200.0	0.0	-200.0	-200.0	200.0	-58.168957	3.555594	-48.028103	-60.71221	332000	1.3351441e-08	573.85944	-0.0014246693	-0.97265625	0.42035374	0.0028570627	0.0	79.0	300.4656677246094
83	-200.0	0.0	-200.0	-200.0	200.0	-57.98483	3.882314	-44.673923	-60.837208	336000	-1.3351441e-08	568.7152	-0.0017991981	-7.2400513	0.4353901	0.00036288102	0.017	79.0	304.16514778137207
84	-200.0	0.0	-200.0	-200.0	200.0	-58.526108	3.5763712	-43.02559	-62.05077	340000	-2.4795533e-08	564.23615	-0.0011193486	-3.065918	0.48035207	0.002015917	0.0105	79.0	307.9107937812805
85	-200.0	0.0	-200.0	-200.0	200.0	-58.81713	3.4657075	-42.53332	-61.65786	344000	-3.8146974e-09	551.35345	-0.0033170867	-10.464661	0.518929	0.0036942423	0.04175	79.0	311.73103642463684
86	-200.0	0.0	-200.0	-200.0	200.0	-57.342014	5.649749	-34.40415	-63.181606	348000	-9.536744e-10	568.1025	-0.00080756284	-18.725952	0.4673734	0.0022011532	0.00325	79.0	315.533887386322
87	-200.0	0.0	-200.0	-200.0	200.0	-58.887783	4.2200136	-49.782314	-65.97759	352000	9.536744e-10	571.7868	-0.0017922153	-23.07544	0.47972172	0.0021126543	0.011	79.0	319.29072403907776
88	-200.0	0.0	-200.0	-200.0	200.0	-56.0542	7.446977	-12.730509	-64.00329	356000	-2.002716e-08	577.4684	-0.0012927022	-30.397766	0.5331556	0.00031527094	0.01325	79.0	323.01768136024475
89	-200.0	0.0	-200.0	-200.0	200.0	-59.179386	4.337354	-36.98287	-63.76822	360000	-3.8146974e-09	545.32135	-0.0012952042	-14.675293	0.5386891	0.0048457687	0.0125	79.0	326.8080177307129
90	-200.0	0.0	-200.0	-200.0	200.0	-59.602955	4.8029184	-31.880398	-63.77654	364000	-1.9073487e-09	529.92236	-0.0016599761	-13.37207	0.4709292	0.0053997147	0.0015	79.0	330.48525285720825
91	-200.0	0.0	-200.0	-200.0	200.0	-56.07142	8.524919	-14.801958	-65.044304	368000	1.9073487e-09	604.2765	-0.0021573086	-41.425964	0.41819665	0.0031577938	0.023	79.0	334.1773581504822
92	-200.0	0.0	-200.0	-200.0	200.0	-57.16013	5.780489	-32.41981	-64.50065	372000	7.629395e-09	544.1826	-0.0014365101	-16.196167	0.3903692	0.0036913624	0.01675	79.0	337.8321976661682
93	-200.0	0.0	-200.0	-200.0	200.0	-59.659054	3.7674146	-47.302654	-64.94514	376000	2.002716e-08	567.5101	-0.0012256537	-40.504456	0.33657563	0.001653295	0.0025	79.0	341.47991156578064
94	-200.0	0.0	-200.0	-200.0	200.0	-56.23638	9.752209	-15.355558	-64.54372	380000	-1.9073487e-09	582.1076	-0.0008126802	-31.820251	0.31536984	0.0024481362	0.02275	79.0	345.11814427375793
95	-200.0	0.0	-200.0	-200.0	200.0	-59.39128	4.5459304	-36.62091	-62.998913	384000	-6.6757204e-09	571.358	-0.0004312649	-7.1783447	0.26708752	0.00027424167	0.0015	79.0	348.7881968021393
96	-200.0	0.0	-200.0	-200.0	200.0	-58.5871	4.734037	-37.36434	-63.184326	388000	-9.536744e-10	574.3467	-0.0021421933	-3.2543335	0.26382297	-0.00021030495	0.036	79.0	352.57432889938354
97	-200.0	0.0	-200.0	-200.0	200.0	-57.110275	4.4989777	-37.151165	-62.098057	392000	-1.1444092e-08	569.2951	-0.0013913817	-9.5095825	0.3042968	0.003225817	0.0195	79.0	356.35602140426636
98	-200.0	0.0	-200.0	-200.0	200.0	-58.517746	4.798733	-43.78434	-64.50628	396000	-2.861023e-09	578.8635	-0.0005652943	-20.638428	0.28468394	0.00012586609	0.00025	79.0	360.1211380958557
99	-200.0	0.0	-200.0	-200.0	200.0	-57.771915	4.0894732	-31.550468	-65.24825	400000	-9.536744e-10	568.32965	-0.0011214991	-14.375305	0.24685162	0.00054853177	0.00775	79.0	363.77583360671997
100	-200.0	0.0	-200.0	-200.0	200.0	-57.04278	6.4030347	-18.27265	-63.32066	404000	1.3351441e-08	554.365	-0.0011345521	-8.230164	0.28052998	0.0011352606	0.04125	79.0	367.59248542785645
101	-200.0	0.0	-200.0	-200.0	200.0	-59.048702	4.5404754	-31.940971	-63.397472	408000	-9.536744e-10	559.2017	-0.00050966075	-6.3772583	0.26423234	0.00069917936	0.01075	79.0	371.3267469406128
102	-200.0	0.0	-200.0	-200.0	200.0	-57.514503	6.638324	-24.228325	-64.14248	412000	-3.8146974e-09	576.5006	-0.00044967557	-17.903076	0.25892836	0.00045690444	0.0085	79.0	375.07556438446045
103	-200.0	0.0	-200.0	-200.0	200.0	-58.369453	3.8522327	-36.403465	-65.22107	416000	-7.629395e-09	572.8058	-0.0017136392	-8.477295	0.25467765	0.00088363397	0.002	79.0	378.75242590904236
104	-200.0	0.0	-200.0	-200.0	200.0	-57.442173	5.488263	-20.582245	-63.564953	420000	1.6212464e-08	556.5928	-0.0026691752	-7.402527	0.29176226	0.0006702959	0.02825	79.0	382.43378043174744
105	-200.0	0.0	-200.0	-200.0	200.0	-59.113346	3.2849805	-51.819664	-64.50093	424000	9.536744e-10	574.5468	-0.0011369133	-5.841919	0.3296489	-0.00044390775	0.01375	79.0	386.11720275878906
106	-200.0	0.0	-200.0	-200.0	200.0	-58.163765	4.43084	-34.093716	-63.495937	428000	-1.525879e-08	561.76965	-0.0008754673	-10.448914	0.32750034	0.0028132955	0.03125	79.0	389.77534651756287
107	-200.0	0.0	-200.0	-200.0	200.0	-57.855797	5.145302	-26.09995	-64.02256	432000	9.536744e-10	587.2796	-0.0015258769	-27.345825	0.33657283	0.0013660571	0.01125	79.0	393.5322062969208
108	-200.0	0.0	-200.0	-200.0	200.0	-58.202225	3.3892865	-49.051495	-65.57477	436000	4.7683715e-09	572.3186	-0.00024169922	-4.1588745	0.28475398	0.001860178	0.0005	79.0	397.2791247367859
109	-200.0	0.0	-200.0	-200.0	200.0	-58.418022	3.5512967	-43.62563	-64.9208	440000	-1.7166137e-08	567.0515	-0.0017870837	-19.494873	0.31881353	0.002230631	0.0055	79.0	400.960800409317
110	-200.0	0.0	-200.0	-200.0	200.0	-59.172478	4.4052615	-38.55872	-67.27132	444000	3.8146974e-09	573.39624	-0.000992855	-5.772339	0.2714164	0.0019243765	0.00525	79.0	404.67427015304565
111	-200.0	0.0	-200.0	-200.0	200.0	-56.224087	8.461934	-8.812515	-65.5268	448000	4.7683715e-09	618.0442	-0.0013101997	-55.246216	0.31140852	0.0030052185	0.0085	79.0	408.3954207897186
112	-200.0	0.0	-200.0	-200.0	200.0	-58.26897	3.8311076	-37.975704	-63.198296	452000	5.722046e-09	566.97723	-0.0013191834	-8.088501	0.2707126	0.001450228	0.00075	79.0	412.08471298217773
113	-200.0	0.0	-200.0	-200.0	200.0	-58.617794	4.018796	-42.85824	-66.99128	456000	9.536744e-10	564.4429	-0.00043540192	-10.132996	0.3054377	0.0009827256	0.0065	79.0	415.848219871521
114	-200.0	0.0	-200.0	-200.0	200.0	-57.481083	7.5499268	-9.031988	-64.114876	460000	-1.9073487e-09	570.01056	-0.0005753374	-19.854004	0.30105743	0.0020764484	0.0135	79.0	419.6278474330902
115	-200.0	0.0	-200.0	-200.0	200.0	-58.44718	5.302132	-3.7160578	-65.409035	464000	3.8146974e-09	549.0977	-0.0014969349	-6.997864	0.34220773	0.0024684516	0.0305	79.0	423.27702355384827
116	-200.0	0.0	-200.0	-200.0	200.0	-58.615322	5.411051	-10.547315	-63.462563	468000	-7.629395e-09	559.48956	-0.0006907568	-6.802124	0.29134274	0.002017025	0.012	79.0	426.94688653945923
117	-200.0	0.0	-200.0	-200.0	200.0	-58.33204	5.043848	-26.095333	-65.98195	472000	1.2397766e-08	565.9195	-0.0005583763	-6.968994	0.27337617	0.00012229642	0.00275	79.0	430.7516739368439
118	-200.0	0.0	-200.0	-200.0	200.0	-58.179523	5.0576057	-17.800419	-63.647972	476000	8.5830685e-09	570.2463	-0.001143322	-8.488586	0.23842895	0.0005194518	0.0355	79.0	434.41167092323303
119	-200.0	0.0	-200.0	-200.0	200.0	-58.459896	3.584066	-37.436512	-63.302517	480000	1.7166137e-08	558.69995	-0.0008141403	-15.592407	0.25302297	0.0010292314	0.0055	79.0	438.2571973800659
120	-200.0	0.0	-200.0	-200.0	200.0	-58.6376	4.436225	-32.72296	-64.82968	484000	-4.7683715e-09	555.7421	-0.0012191391	-4.555542	0.21565925	0.0012516241	0.02075	79.0	441.96532678604126
121	-200.0	0.0	-200.0	-200.0	200.0	-58.765408	3.453721	-48.060295	-63.973854	488000	-5.722046e-09	572.99567	-0.0009822798	-5.454956	0.2479304	0.0018844059	0.008	79.0	445.64293098449707
122	-200.0	0.0	-200.0	-200.0	200.0	-58.442852	3.6718094	-50.729137	-64.44622	492000	5.722046e-09	569.8169	-0.0008662605	-8.520813	0.23826224	0.00060696487	0.00425	79.0	449.3121540546417
123	-200.0	0.0	-200.0	-200.0	200.0	-58.515102	4.2943606	-31.632853	-65.225494	496000	7.629395e-09	558.0269	-0.0011375885	-6.894043	0.22400284	0.00092335104	0.01225	79.0	453.03624415397644
124	-200.0	0.0	-200.0	-200.0	200.0	-58.008064	5.2732916	-21.992006	-63.728	500000	-2.861023e-09	540.4672	-0.00026144218	-10.340759	0.18999673	0.001718267	0.00375	79.0	456.6807544231415
125	-200.0	0.0	-200.0	-200.0	200.0	-58.579018	6.202437	-21.547892	-64.63483	504000	0.0	558.5181	-0.00017140388	-18.02887	0.15982975	0.00058287836	0.001	79.0	460.3056905269623
126	-200.0	0.0	-200.0	-200.0	200.0	-58.206078	5.4746294	-18.100323	-65.100716	508000	-1.0490417e-08	562.96826	-0.0002060461	-7.206848	0.17151712	0.0007246669	0.0025	79.0	463.9664235115051
127	-200.0	0.0	-200.0	-200.0	200.0	-58.160316	4.5064917	-35.20217	-64.74608	512000	-1.3351441e-08	553.94476	-0.00068932725	-12.126404	0.1641954	0.00059498823	0.00375	79.0	467.6222903728485
128	-200.0	0.0	-200.0	-200.0	200.0	-58.87318	3.8190694	-47.26517	-64.516304	516000	3.8146974e-09	568.251	-0.0016854869	-8.871338	0.18702838	0.0012877081	0.01475	79.0	471.3772461414337
129	-200.0	0.0	-200.0	-200.0	200.0	-58.316414	5.4619308	-19.036428	-64.62254	520000	1.1444092e-08	556.7251	-0.00053009036	-18.153625	0.15779366	0.0011443144	0.002	79.0	475.0624144077301
130	-200.0	0.0	-200.0	-200.0	200.0	-59.284008	5.537779	-30.004303	-64.24377	524000	1.9073487e-09	561.0469	-0.0011239137	-9.539612	0.13229644	2.3173272e-05	0.0065	79.0	478.7986867427826
131	-200.0	0.0	-200.0	-200.0	200.0	-59.115044	4.127245	-47.228218	-63.188576	528000	7.629395e-09	578.86224	-0.00070410344	-22.234436	0.11089527	0.00016959345	0.011	79.0	482.5196011066437
132	-200.0	0.0	-200.0	-200.0	200.0	-57.684772	5.18816	-31.14372	-64.67489	532000	-1.9073487e-09	566.4679	-0.00047264097	-5.968506	0.10743927	0.0005595271	0.009	79.0	486.2839117050171
133	-200.0	0.0	-200.0	-200.0	200.0	-58.465984	4.3941884	-33.220913	-65.48936	536000	-9.536744e-10	562.8907	-0.00021589946	-14.951111	0.10644663	0.00018713677	0.0025	79.0	489.9645221233368
134	-200.0	0.0	-200.0	-200.0	200.0	-58.418026	4.2202044	-40.45503	-63.7172	540000	7.629395e-09	569.74725	-0.00022922039	-10.713806	0.106954105	0.00011194432	0.0015	79.0	493.6181650161743
135	-200.0	0.0	-200.0	-200.0	200.0	-58.31993	4.8032765	-30.532925	-65.20485	544000	-5.722046e-09	568.608	-0.00039514923	-11.163635	0.08997995	-1.13266115e-05	0.00525	79.0	497.2619204521179
136	-200.0	0.0	-200.0	-200.0	200.0	-58.13355	4.837672	-37.18379	-66.11811	548000	1.1444092e-08	564.1839	-5.649376e-05	-16.941162	0.10591633	0.00013883	0.0	79.0	500.9201066493988
137	-200.0	0.0	-200.0	-200.0	200.0	-58.52562	4.4255066	-46.457485	-64.37463	552000	6.6757204e-09	577.4247	-0.0005463457	-23.513855	0.116092846	0.00064838835	0.00925	79.0	504.6289060115814
138	-200.0	0.0	-200.0	-200.0	200.0	-57.75779	6.142957	-16.21354	-66.47782	556000	9.536744e-10	582.2828	-0.00048797132	-24.624878	0.09776217	-0.00012972933	0.00125	79.0	508.3549702167511
139	-200.0	0.0	-200.0	-200.0	200.0	-58.786827	4.4181585	-47.421165	-64.34354	560000	-5.722046e-09	562.4489	-0.0005309677	-9.273315	0.103092626	0.00054374867	0.0055	79.0	512.0787465572357
140	-200.0	0.0	-200.0	-200.0	200.0	-57.50229	6.3854194	-23.556488	-68.05902	564000	4.7683715e-09	570.9389	-0.00049534417	-13.014404	0.10253798	0.00039748973	0.004	79.0	515.8107860088348
141	-200.0	0.0	-200.0	-200.0	200.0	-58.260582	8.460588	19.523745	-67.951584	568000	4.7683715e-09	597.25616	-0.00070201396	-43.995667	0.11258724	0.0005198027	0.0045	79.0	519.5323884487152
142	-200.0	0.0	-200.0	-200.0	200.0	-58.603134	4.3149104	-48.23702	-65.67403	572000	5.722046e-09	563.5097	-0.0010231981	-17.284058	0.11282098	0.00022453231	0.015	79.0	523.2557382583618
143	-200.0	0.0	-200.0	-200.0	200.0	-58.520603	4.456946	-48.66261	-66.4339	576000	1.7166137e-08	561.5332	-0.00044884396	-3.2288208	0.1286593	0.00037094796	0.00225	79.0	527.0012378692627
144	-200.0	0.0	-200.0	-200.0	200.0	-57.70914	5.7777014	-12.818855	-68.58594	580000	-3.8146974e-09	544.14606	-0.00049152755	-6.823059	0.10969145	7.1417686e-05	0.00575	79.0	530.7650575637817
145	-200.0	0.0	-200.0	-200.0	200.0	-58.114727	4.417361	-48.24377	-67.372765	584000	-5.722046e-09	565.3471	-0.00041276836	-4.3899536	0.09897459	0.00010962641	0.0025	79.0	534.5027205944061
146	-200.0	0.0	-200.0	-200.0	200.0	-58.372467	5.4621673	-3.6136951	-67.90801	588000	-1.9073486e-08	548.6227	-0.0003669424	-10.582825	0.112656094	0.00022832728	0.0085	79.0	538.2147035598755
147	-200.0	0.0	-200.0	-200.0	200.0	-59.530937	3.7658	-49.868465	-65.2554	592000	9.536744e-10	564.3925	-0.00073347474	-4.718445	0.09373524	-0.00034160053	0.01125	79.0	541.9417850971222
148	-200.0	0.0	-200.0	-200.0	200.0	-58.420506	4.3629193	-47.97511	-66.90148	596000	-9.536744e-10	565.13654	-0.0005744925	-5.2702026	0.10650062	0.00084418285	0.0015	79.0	545.6496658325195
149	-200.0	0.0	-200.0	-200.0	200.0	-57.74815	5.4964914	-9.622089	-67.615746	600000	-1.9073487e-09	547.5354	-0.0007769842	-8.657227	0.12307151	0.00063594035	0.0095	79.0	549.2987730503082
150	-200.0	0.0	-200.0	-200.0	200.0	-58.914104	5.6472545	-13.36612	-66.803314	604000	2.861023e-09	550.2557	-0.0004981241	-9.232849	0.10353122	0.00061241514	0.00325	79.0	552.963859796524
151	-200.0	0.0	-200.0	-200.0	200.0	-57.829845	4.7623916	-33.642185	-66.162155	608000	-1.525879e-08	582.9797	-0.00064097403	-26.794373	0.10172387	0.0003744113	0.0115	79.0	556.7177727222443
152	-200.0	0.0	-200.0	-200.0	200.0	-58.22021	3.7003067	-46.302025	-65.03401	612000	-3.8146974e-09	570.30383	-0.00057521625	-7.4542236	0.11712871	0.00030716072	0.0015	79.0	560.3924264907837
153	-200.0	0.0	-200.0	-200.0	200.0	-58.72675	3.5736835	-46.023514	-64.53209	616000	-4.7683715e-09	570.23267	-0.0008340063	-3.0109863	0.1351974	0.0014302642	0.02575	79.0	564.0543208122253
154	-200.0	0.0	-200.0	-200.0	200.0	-58.224316	3.509839	-44.47264	-63.695778	620000	-1.9073487e-09	571.1746	-0.00035428905	-1.4066772	0.11213802	0.00027165157	0.005	79.0	567.8067684173584
155	-200.0	0.0	-200.0	-200.0	200.0	-58.388664	3.5823092	-44.48632	-63.655434	624000	-6.6757204e-09	566.46625	-0.00018471527	-6.3554077	0.096635796	0.00034167146	0.00225	79.0	571.4772591590881
156	-200.0	0.0	-200.0	-200.0	200.0	-58.71938	3.1373916	-49.647907	-62.33227	628000	-6.6757204e-09	566.8652	-0.00080426026	-7.0144043	0.08656369	0.0012260631	0.008	79.0	575.243861913681
157	-200.0	0.0	-200.0	-200.0	200.0	-58.010235	3.4182632	-46.39112	-66.20602	632000	-9.536744e-10	567.7378	-0.00019109534	-2.1203613	0.07120154	0.00023704839	0.0025	79.0	578.9233157634735
158	-200.0	0.0	-200.0	-200.0	200.0	-58.432823	3.5489917	-43.678715	-65.668495	636000	2.861023e-09	566.1499	-0.00052490615	-1.2404175	0.08099036	0.00014975405	0.00125	79.0	582.5574905872345
159	-200.0	0.0	-200.0	-200.0	200.0	-58.184048	3.967133	-42.8261	-65.436386	640000	2.861023e-09	569.2495	-0.00039748286	-2.918457	0.082966425	0.00055522093	0.00075	79.0	586.2039012908936
160	-200.0	0.0	-200.0	-200.0	200.0	-58.24072	3.7929094	-43.488853	-67.05321	644000	-4.7683715e-09	563.4064	-0.0004579029	-6.4296875	0.08685407	8.771038e-05	0.00075	79.0	589.8806958198547
161	-200.0	0.0	-200.0	-200.0	200.0	-57.979446	4.8324304	-41.266502	-63.580666	648000	-1.9073487e-09	568.6191	-0.00025514697	-6.1591187	0.09803087	0.00019284886	0.00075	79.0	593.5375483036041
162	-200.0	0.0	-200.0	-200.0	200.0	-58.650524	4.352488	-43.150314	-67.31207	652000	0.0	567.0122	-0.00055546477	-5.227844	0.10548496	0.0003055129	0.0065	79.0	597.189772605896
163	-200.0	0.0	-200.0	-200.0	200.0	-58.133106	4.525329	-43.33604	-65.83953	656000	1.1444092e-08	568.05536	-8.494663e-05	-3.1589355	0.10443188	-4.2226435e-05	0.001	79.0	600.913459777832
164	-200.0	0.0	-200.0	-200.0	200.0	-58.60728	4.8437	-43.946293	-67.32603	660000	3.8146974e-09	575.4575	-0.00077904225	-8.607971	0.099912964	0.00051559904	0.0045	79.0	604.6492483615875
165	-200.0	0.0	-200.0	-200.0	200.0	-58.590992	4.6312623	-45.21717	-67.0712	664000	-6.6757204e-09	568.6943	-0.00047024345	-1.5667725	0.08872562	0.00024796324	0.01075	79.0	608.3718659877777
166	-200.0	0.0	-200.0	-200.0	200.0	-58.15962	4.010764	-44.39214	-66.86219	668000	-3.528595e-08	569.6041	-0.0005543604	-7.8478394	0.10064673	0.00037542082	0.00475	79.0	612.0257663726807
167	-200.0	0.0	-200.0	-200.0	200.0	-58.992313	4.4004245	-39.201077	-66.39694	672000	-1.525879e-08	563.56305	-0.0004834862	-7.9661865	0.11466724	-9.916669e-05	0.00275	79.0	615.7616329193115
168	-200.0	0.0	-200.0	-200.0	200.0	-57.98831	4.791973	-43.682785	-65.75699	676000	1.9073487e-09	580.74176	-0.0007046757	-23.990112	0.11606259	0.00015365142	0.0065	79.0	619.5137593746185
169	-200.0	0.0	-200.0	-200.0	200.0	-58.074657	4.859239	-46.809643	-69.79679	680000	-4.7683715e-09	568.22656	-0.0005891056	-8.209778	0.09703356	0.00014160323	0.00925	79.0	623.1564991474152
170	-200.0	0.0	-200.0	-200.0	200.0	-57.48346	5.1720266	-44.631428	-65.63306	684000	0.0	563.3572	-0.00020252037	-3.7590942	0.10102585	0.00070851605	0.0	79.0	626.7936389446259
171	-200.0	0.0	-200.0	-200.0	200.0	-58.61152	4.7403984	-47.749165	-69.028366	688000	5.722046e-09	560.0298	-0.0013076458	-4.8945923	0.11507718	0.0006595973	0.0085	79.0	630.4480557441711
172	-200.0	0.0	-200.0	-200.0	200.0	-58.924065	4.5010877	-42.99259	-64.81609	692000	-1.6212464e-08	571.2551	-0.0005095663	-2.7277222	0.11233507	-0.0005889679	0.0035	79.0	634.0843677520752
173	-200.0	0.0	-200.0	-200.0	200.0	-57.44184	4.61706	-44.8023	-65.67494	696000	6.6757204e-09	573.198	-0.0002458248	-17.420471	0.12566431	-0.00040632885	0.00325	79.0	637.7148125171661
174	-200.0	0.0	-200.0	-200.0	200.0	-57.767982	4.1295266	-47.42146	-66.79238	700000	4.7683715e-09	571.9079	-0.00067554286	-3.4967651	0.12408359	-9.054112e-05	0.0165	79.0	641.3582344055176
175	-200.0	0.0	-200.0	-200.0	200.0	-58.29106	3.8272736	-47.259842	-70.47501	704000	9.536743e-09	565.63214	-0.00037194445	-1.0362549	0.12602413	-0.00019994486	0.004	79.0	644.9836549758911
176	-200.0	0.0	-200.0	-200.0	200.0	-58.296383	4.6713524	-44.996365	-68.32373	708000	-6.6757204e-09	563.0855	-0.00031077003	-2.6138916	0.13132401	0.0005756402	0.002	79.0	648.6188862323761
177	-200.0	0.0	-200.0	-200.0	200.0	-58.430645	4.640591	-44.092014	-70.22123	712000	-7.629395e-09	567.1352	-0.00036250782	-17.33783	0.118647	3.3098637e-05	0.008	79.0	652.272707939148
178	-200.0	0.0	-200.0	-200.0	200.0	-58.79444	3.9350388	-50.061703	-70.93476	716000	-2.4795533e-08	574.11035	-0.00039660645	-5.2996216	0.09897542	0.0010383828	0.003	79.0	656.0474224090576
179	-200.0	0.0	-200.0	-200.0	200.0	-58.40194	4.231162	-44.802563	-66.74845	720000	-2.861023e-09	565.2811	-0.0005012045	-3.7752075	0.08469865	0.00040342362	0.007	79.0	659.8062236309052
180	-200.0	0.0	-200.0	-200.0	200.0	-58.482452	4.312668	-48.926228	-70.52257	724000	-1.4305114e-08	573.66736	-0.0004115963	-19.474976	0.07779941	0.00033370723	0.0015	79.0	663.5202310085297
181	-200.0	0.0	-200.0	-200.0	200.0	-58.777225	4.371657	-43.634033	-65.29064	728000	-1.0490417e-08	568.44604	-0.00046201612	-2.9973755	0.07394208	2.1288693e-05	0.00125	79.0	667.059600353241
182	-200.0	0.0	-200.0	-200.0	200.0	-58.34903	4.2558303	-45.516056	-69.8954	732000	-1.3351441e-08	561.537	-0.0003332882	-14.586731	0.07768189	-7.004124e-05	0.0045	79.0	670.6131117343903
183	-200.0	0.0	-200.0	-200.0	200.0	-58.31821	5.719969	-10.423285	-70.278534	736000	1.3351441e-08	565.8925	-0.0003446808	-7.14563	0.077013	0.00037792147	0.003	79.0	674.147988319397
184	-200.0	0.0	-200.0	-200.0	200.0	-58.596214	4.1453447	-49.67238	-69.12579	740000	6.6757204e-09	570.86786	-0.000713768	-13.517883	0.08067989	0.00046672218	0.00675	79.0	677.7125463485718
185	-200.0	0.0	-200.0	-200.0	200.0	-58.183983	4.2700286	-44.166893	-66.44028	744000	5.722046e-09	569.21185	-0.00062408065	-4.3658447	0.093084045	-0.00024215155	0.01125	79.0	681.1920583248138
186	-200.0	0.0	-200.0	-200.0	200.0	-58.655212	4.177525	-34.605267	-65.3908	748000	1.2397766e-08	564.7532	-0.000468976	-2.6134033	0.10749628	-0.00013496744	0.002	79.0	684.7028298377991
187	-200.0	0.0	-200.0	-200.0	200.0	-58.095875	4.1867604	-37.22233	-67.390915	752000	3.8146974e-09	565.8527	-0.00079329684	-5.3619385	0.11342818	-4.0353e-05	0.02225	79.0	688.2793700695038
188	-200.0	0.0	-200.0	-200.0	200.0	-58.311653	4.1983333	-48.38758	-67.09071	756000	-5.722046e-09	565.2736	-0.00081252865	-2.284607	0.124760486	0.00036567164	0.0145	79.0	691.7986259460449
189	-200.0	0.0	-200.0	-200.0	200.0	-58.610317	4.7129793	-36.945843	-69.911125	760000	0.0	557.6615	-0.0006041594	-1.697876	0.13818741	0.0017764597	0.01925	79.0	695.3662803173065
190	-200.0	0.0	-200.0	-200.0	200.0	-57.371086	4.3423357	-46.746105	-68.98833	764000	6.6757204e-09	569.809	-0.0006175909	-12.989014	0.11657398	0.00022520381	0.00475	79.0	698.9820911884308
191	-200.0	0.0	-200.0	-200.0	200.0	-58.008778	4.8194027	-29.35211	-65.84806	768000	9.536743e-09	560.34717	-0.0009804983	-4.205078	0.13330516	0.0010762208	0.0285	79.0	702.6013464927673
192	-200.0	0.0	-200.0	-200.0	200.0	-57.08139	7.646361	4.3224263	-69.72884	772000	-2.861023e-09	567.5968	-0.0003999033	-15.778076	0.11092233	0.000903649	0.00425	79.0	706.1771674156189
193	-200.0	0.0	-200.0	-200.0	200.0	-59.042873	3.7536943	-47.405155	-66.331085	776000	1.9073486e-08	569.0921	-0.00016012955	-15.990112	0.09359072	0.00013804412	0.0	79.0	709.7568018436432
194	-200.0	0.0	-200.0	-200.0	200.0	-58.002785	5.2572017	-25.981909	-67.60983	780000	2.0980835e-08	591.8044	-0.00046720696	-30.97522	0.10275218	0.00020995719	0.007	79.0	713.3078632354736
195	-200.0	0.0	-200.0	-200.0	200.0	-58.62606	4.5187182	-45.805702	-71.0444	784000	1.9073487e-09	564.5166	-0.00012951088	-3.515564	0.08556114	4.134488e-05	0.0005	79.0	716.827520608902
196	-200.0	0.0	-200.0	-200.0	200.0	-58.305687	4.0333	-48.163113	-67.096855	788000	1.1444092e-08	569.4234	-0.00012656307	-8.110535	0.098432586	0.0003228556	0.003	79.0	720.3035774230957
197	-200.0	0.0	-200.0	-200.0	200.0	-58.02068	5.5999784	-7.106059	-67.73927	792000	-3.8146974e-09	566.61145	-0.00047652246	-9.980469	0.08353511	0.0003353744	0.00575	79.0	723.7321648597717
198	-200.0	0.0	-200.0	-200.0	200.0	-58.5623	4.9766808	-38.684628	-68.94741	796000	-1.9073486e-08	558.0681	-0.0006577501	-1.7392578	0.073633	0.00026434916	0.00275	79.0	727.1466591358185
199	-200.0	0.0	-200.0	-200.0	200.0	-58.472393	4.446656	-42.223724	-68.06395	800000	-1.9073487e-09	567.619	-0.00036504457	-6.9613037	0.073308766	0.00019973743	0.0005	79.0	730.6130118370056
