Epoch	AverageEpRet	StdEpRet	MaxEpRet	MinEpRet	EpLen	AverageVVals	StdVVals	MaxVVals	MinVVals	TotalEnvInteracts	LossPi	LossV	DeltaLossPi	DeltaLossV	Entropy	KL	ClipFrac	StopIter	Time
0	-498.375	4.299346	-487.0	-500.0	498.5	-0.09294288	0.11380651	0.18219382	-0.35154992	4000	-2.1219254e-08	7004.045	-0.008198158	-1341.8745	1.0916328	0.0032472482	0.102	79.0	4.221511125564575
1	-496.5	9.26013	-472.0	-500.0	496.625	-9.254707	0.81473905	-0.51470023	-9.642604	8000	-2.0503998e-08	5578.3545	-0.010332128	-887.52	1.0907366	0.0101006515	0.104	79.0	8.523747444152832
2	-408.77777	85.94802	-275.0	-500.0	409.44446	-15.28735	2.7090628	6.5681314	-16.158356	12000	-4.7683717e-08	4286.0444	-0.0102021545	-636.95996	1.0748962	0.009276672	0.117	79.0	12.803393840789795
3	-343.36365	68.79914	-245.0	-462.0	344.36365	-21.046274	1.1865308	-5.061086	-21.401382	16000	7.18832e-08	3221.665	-0.010173513	-443.8733	1.0537801	0.00809705	0.094	79.0	17.048779010772705
4	-305.92307	51.55499	-202.0	-376.0	306.92307	-25.761366	0.699348	-18.381834	-25.965132	20000	6.520748e-08	2536.9902	-0.006572164	-338.4497	1.029814	0.0070539704	0.08525	79.0	21.26345705986023
5	-274.92856	91.47791	-191.0	-500.0	275.85715	-29.554008	2.3883612	3.612424	-30.067522	24000	-3.886223e-08	2024.6793	-0.010216228	-258.71814	1.024436	0.0085295625	0.07725	79.0	25.4303138256073
6	-228.94118	80.509026	-139.0	-500.0	229.88235	-31.306269	7.827379	20.112665	-33.749943	28000	6.198883e-08	1656.2668	-0.013617235	-369.4546	0.9985164	0.006950233	0.09525	79.0	29.687223196029663
7	-225.64706	68.90739	-131.0	-431.0	226.64706	-35.88563	4.427145	30.117125	-36.800735	32000	1.2874604e-08	1256.5741	-0.011262009	-143.50122	0.97472584	0.009552308	0.08775	79.0	33.962876319885254
8	-196.1	49.241142	-116.0	-310.0	197.1	-38.519413	4.718657	18.639973	-39.68123	36000	-5.6028364e-09	894.55615	-0.0117408335	-95.37671	0.90006334	0.0047511575	0.0815	79.0	38.11370849609375
9	-189.19048	45.961285	-117.0	-275.0	190.19048	-39.07617	9.687782	32.31524	-42.004105	40000	3.194809e-08	779.5179	-0.0050210212	-137.92798	0.86314034	0.016130812	0.1325	9.0	41.677292585372925
10	-144.48148	30.350266	-99.0	-230.0	145.48148	-37.082565	11.114321	4.0892835	-44.17667	44000	2.002716e-08	415.4036	-0.0049993154	-62.591125	0.8145254	0.015256708	0.2305	8.0	45.27139925956726
11	-122.96774	19.936161	-85.0	-169.0	123.96774	-37.13196	12.215499	13.610384	-45.710373	48000	2.6226044e-09	268.90448	-0.008261617	-53.857574	0.72363317	0.008775627	0.12075	79.0	49.44138026237488
12	-131.3	28.393837	-97.0	-212.0	132.3	-37.36639	11.984811	10.672596	-46.728462	52000	-3.939867e-08	297.56134	-0.008722918	-30.886047	0.70043296	0.0092731835	0.10575	79.0	53.742390394210815
13	-115.32353	27.64238	-82.0	-216.0	116.32353	-38.62142	11.450226	3.7537615	-47.801414	56000	-2.4557114e-08	223.90755	-0.007410314	-22.253357	0.64207244	0.0053628953	0.0845	79.0	57.94858264923096
14	-110.314285	35.006752	-80.0	-286.0	111.314285	-37.08822	12.588527	2.5488064	-48.580193	60000	-7.629395e-09	237.35023	-0.0075444817	-28.579544	0.6075334	0.004347781	0.0605	79.0	62.78587460517883
15	-107.10811	15.090329	-71.0	-139.0	108.10811	-36.867657	13.535846	15.14105	-49.246975	64000	-1.001358e-08	105.91614	-0.0076235537	-13.26503	0.5783066	0.0050807134	0.08625	79.0	67.00444149971008
16	-109.27778	55.951675	-75.0	-381.0	110.27778	-34.567623	14.160146	4.6151786	-49.81016	68000	2.2649764e-09	565.5025	-0.0067275865	-182.07758	0.47975355	0.0037451452	0.05125	79.0	71.20347094535828
17	-101.53846	41.593174	-67.0	-294.0	102.53846	-36.362904	13.345329	11.819535	-50.386013	72000	2.1100044e-08	333.74017	-0.0059664194	-74.37338	0.44463575	0.004092827	0.059	79.0	75.38677740097046
18	-106.10811	72.252106	-65.0	-500.0	107.08108	-38.06805	12.434752	12.554488	-50.86143	76000	3.8146974e-09	423.7081	-0.009160947	-40.827118	0.42049745	0.014710173	0.0855	79.0	79.58110165596008
19	-96.04878	29.314901	-64.0	-215.0	97.04878	-37.37489	13.623688	3.627365	-51.62965	80000	4.053116e-09	230.79886	-0.0074340384	-36.202667	0.4191124	0.0018565452	0.03975	79.0	83.75197911262512
20	-98.875	34.16664	-63.0	-210.0	99.875	-34.8724	14.612408	5.495112	-51.862885	84000	1.9550324e-08	322.9133	-0.007018835	-67.97693	0.3708047	0.0039990256	0.052	79.0	87.92709994316101
21	-89.65909	24.514322	-66.0	-220.0	90.65909	-37.82221	12.249537	1.708511	-52.13659	88000	-1.1205673e-08	162.55228	-0.0075671948	-26.929626	0.35808566	0.0066080345	0.05175	79.0	92.15223050117493
22	-95.21951	32.10312	-63.0	-218.0	96.21951	-33.67636	14.354012	4.9593406	-52.183525	92000	-7.629395e-09	248.46881	-0.005686983	-23.806564	0.32946706	0.0042359345	0.037	79.0	96.387455701828
23	-96.097565	33.761578	-65.0	-214.0	97.097565	-36.418404	12.654683	6.918729	-52.45005	96000	1.66893e-08	234.26196	-0.00620015	-11.429672	0.30837086	0.0032738775	0.04	79.0	100.5633385181427
24	-85.95652	15.175719	-62.0	-124.0	86.95652	-37.367645	13.295059	0.44266284	-52.72307	100000	7.033348e-09	105.55436	-0.005560437	-24.77575	0.30627355	0.0035617987	0.03825	79.0	104.83339262008667
25	-86.86667	29.16436	-62.0	-219.0	87.86667	-32.511024	14.705954	6.002389	-52.619183	104000	0.0	238.3171	-0.0026286207	-55.455948	0.25751904	-1.7800838e-05	0.027	79.0	109.05425596237183
26	-88.545456	44.147194	-63.0	-367.0	89.545456	-33.489315	13.824107	3.415146	-52.646168	108000	-1.0251999e-08	351.9168	-0.0063332897	-155.70103	0.24933337	0.0043728068	0.02325	79.0	113.36501502990723
27	-89.568184	27.907635	-64.0	-196.0	90.568184	-32.84935	16.25589	34.06945	-53.08364	112000	4.768372e-10	255.87569	-0.00550948	-71.95619	0.24829875	0.0051299967	0.025	79.0	117.60796213150024
28	-83.106384	14.5283785	-61.0	-143.0	84.106384	-35.49517	13.997452	6.852409	-53.125973	116000	1.0251999e-08	87.99161	-0.005486979	-14.895607	0.25526938	0.002733757	0.01925	79.0	121.7623975276947
29	-94.65854	38.66467	-63.0	-274.0	95.65854	-31.653269	14.180737	7.1126204	-52.94438	120000	-6.0796737e-09	271.4559	-0.0065462603	-50.90387	0.23871249	0.0012934597	0.0345	79.0	126.03006196022034
30	-80.061226	17.51665	-62.0	-163.0	81.061226	-37.770367	14.005946	8.707282	-53.567646	124000	1.5497208e-09	142.07025	-0.0073166	-46.612213	0.21679154	0.00803584	0.0345	79.0	130.33576273918152
31	-79.67347	10.654859	-63.0	-104.0	80.67347	-32.55141	14.269529	4.955965	-52.986053	128000	1.1920929e-08	44.977776	-0.0039292094	-4.092663	0.24889928	0.0025442	0.0235	79.0	134.62972974777222
32	-87.82222	27.609411	-61.0	-222.0	88.82222	-29.943495	14.981451	3.0801172	-52.789482	132000	3.5762786e-09	241.69252	-0.0040481267	-59.28401	0.21787068	0.0038965591	0.03325	79.0	138.8560631275177
33	-88.47727	24.844505	-64.0	-188.0	89.47727	-33.686874	14.347516	4.5184007	-53.39411	136000	-4.6491624e-09	176.49043	-0.0046278657	-34.16977	0.20973928	0.0044198167	0.0235	79.0	143.07024788856506
34	-83.80851	15.400523	-64.0	-142.0	84.80851	-34.948917	14.13254	5.721998	-53.641483	140000	9.536743e-09	87.974205	-0.0047390526	-11.217796	0.20760398	0.0065474645	0.03675	79.0	147.25735449790955
35	-89.545456	27.254236	-62.0	-177.0	90.545456	-32.451923	14.741285	10.903895	-53.424664	144000	-6.437302e-09	202.71657	-0.007678339	-25.882706	0.21654305	0.015321533	0.04675	78.0	151.4453043937683
36	-84.934784	26.284729	-62.0	-235.0	85.934784	-35.414047	14.177242	7.9836807	-53.832363	148000	2.1100044e-08	149.92421	-0.0055114212	-20.803833	0.22998585	0.002063989	0.0315	79.0	155.6756558418274
37	-87.48889	24.336185	-64.0	-185.0	88.48889	-33.07253	14.996761	23.468613	-53.785835	152000	1.66893e-08	170.11974	-0.006415568	-16.742706	0.223735	0.0036310893	0.03325	79.0	159.90237259864807
38	-86.6	40.543747	-64.0	-344.0	87.6	-35.570683	13.774231	2.538794	-53.972305	156000	-1.4305115e-09	220.15062	-0.0065124845	-21.441223	0.22219744	0.0018274888	0.02875	79.0	164.09928011894226
39	-83.82979	17.905567	-63.0	-156.0	84.82979	-33.73618	14.523561	10.818172	-54.162174	160000	6.0796737e-09	107.62487	-0.007370337	-13.262466	0.2052098	0.0025857713	0.0235	79.0	168.37041687965393
40	-93.07143	65.65436	-64.0	-500.0	94.04762	-33.00691	13.803047	5.301584	-54.16751	164000	3.5762787e-10	494.49268	-0.015349262	-218.87979	0.18200219	0.015740633	0.06575	63.0	172.42751741409302
41	-83.59574	19.840492	-64.0	-178.0	84.59574	-34.064514	15.341138	31.782831	-55.364716	168000	-3.218651e-09	132.99828	-0.008585945	-12.906052	0.21390387	0.006363431	0.04325	79.0	176.71329545974731
42	-91.81396	33.42903	-64.0	-243.0	92.81396	-32.80538	14.637334	8.060422	-55.04272	172000	-1.168251e-08	239.80627	-0.0067939414	-24.16449	0.21904136	0.003733211	0.0405	79.0	180.9677062034607
43	-98.925	51.97037	-62.0	-334.0	99.925	-34.77569	13.833699	2.8133543	-55.711063	176000	2.8371812e-08	440.4552	-0.01095181	-85.768585	0.2127098	0.009690634	0.039	79.0	185.1221125125885
44	-89.36364	31.339846	-64.0	-230.0	90.36364	-37.98262	13.229838	17.11317	-56.332302	180000	5.00679e-09	231.84648	-0.010788085	-53.154602	0.22305204	0.015029712	0.059	75.0	189.31198716163635
45	-86.17778	22.124184	-63.0	-174.0	87.17778	-35.40883	14.055267	8.685785	-56.008377	184000	1.7166137e-08	143.5743	-0.0066399933	-17.803886	0.24006484	0.0030483631	0.02625	79.0	193.58435893058777
46	-87.04444	20.052105	-60.0	-175.0	88.04444	-33.83461	15.097535	10.418468	-55.809704	188000	-4.4703485e-09	127.54103	-0.0075153047	-8.326401	0.22399792	0.0022077078	0.03425	79.0	197.83541989326477
47	-84.085106	21.990164	-60.0	-200.0	85.085106	-34.896408	14.032957	2.3163826	-55.83581	192000	-1.0967255e-08	124.27153	-0.006769657	-13.661308	0.20082721	0.0023198125	0.02275	79.0	202.0561661720276
48	-84.347824	22.095856	-63.0	-201.0	85.347824	-32.793507	14.812173	6.4649124	-55.494667	196000	9.536744e-10	135.68628	-0.0072882003	-19.40422	0.18696773	0.0076199914	0.042	79.0	206.35670256614685
49	-83.723404	13.2387295	-64.0	-124.0	84.723404	-32.96876	14.90446	7.5190473	-55.60321	200000	4.7683715e-09	75.172356	-0.007018004	-11.849701	0.18875061	0.0043016346	0.032	79.0	210.61859941482544
50	-91.72093	43.458252	-62.0	-321.0	92.72093	-32.038605	14.876802	5.166999	-55.56159	204000	-1.3113022e-09	352.2892	-0.013088265	-96.44469	0.21668062	0.008868243	0.04675	79.0	214.8693664073944
51	-84.45652	19.928904	-60.0	-190.0	85.45652	-36.498375	13.83073	15.25901	-56.329826	208000	1.4305115e-09	149.62102	-0.0074478285	-28.63012	0.19345856	0.0023897965	0.0345	79.0	219.04682755470276
52	-83.3617	14.250683	-60.0	-149.0	84.3617	-33.760994	14.039876	13.279112	-55.700554	212000	2.861023e-09	78.779945	-0.007025369	-9.834946	0.18996948	9.61954e-05	0.03925	79.0	223.21216583251953
53	-88.681816	49.308292	-61.0	-402.0	89.681816	-33.85893	14.301713	5.301358	-55.619743	216000	5.722046e-09	246.4292	-0.008184834	-54.45691	0.23293497	0.0035648895	0.053	79.0	227.4982988834381
54	-80.791664	12.885649	-63.0	-123.0	81.791664	-33.645267	15.036568	16.336376	-56.32332	220000	-8.5830685e-09	67.16828	-0.0067001726	-6.609104	0.16417173	0.00094185024	0.02125	79.0	231.66164827346802
55	-82.333336	12.585265	-63.0	-130.0	83.333336	-31.653696	14.954114	12.800094	-54.96582	224000	-2.503395e-09	60.691402	-0.0058015026	-3.220951	0.15524277	0.003289342	0.03	79.0	235.85684418678284
56	-86.62222	32.231308	-61.0	-281.0	87.62222	-32.076164	14.822483	6.787512	-55.799545	228000	-1.7642975e-08	217.3813	-0.010312349	-46.36783	0.16110419	0.0067090183	0.03875	79.0	240.1239631175995
57	-81.75	9.1935215	-61.0	-107.0	82.75	-33.958233	14.670463	7.314914	-56.58908	232000	1.0490417e-08	41.28646	-0.004868773	-8.758385	0.13682805	0.0025389898	0.0215	79.0	244.34510374069214
58	-84.04256	13.715897	-63.0	-148.0	85.04256	-31.401344	15.669857	9.138319	-55.594135	236000	1.66893e-08	67.16922	-0.0048667635	-7.281048	0.13123006	0.0028775777	0.0225	79.0	248.57817339897156
59	-85.32609	25.409733	-61.0	-241.0	86.32609	-33.68803	14.984823	14.859761	-56.222717	240000	2.384186e-10	120.28592	-0.0053894124	-7.4329834	0.14543445	0.0017179296	0.02025	79.0	252.79233026504517
60	-93.5	69.33502	-63.0	-494.0	94.5	-33.007923	14.839498	10.201428	-56.237366	244000	-2.8371812e-08	564.29834	-0.008963725	-221.45996	0.16191672	0.005885834	0.04075	79.0	257.0639235973358
61	-86.422226	23.932766	-63.0	-185.0	87.422226	-34.465076	15.633417	36.742207	-59.969288	248000	6.437302e-09	194.32484	-0.007614546	-65.37628	0.14213516	0.005206495	0.0395	79.0	261.35537815093994
62	-81.8125	11.220621	-63.0	-123.0	82.8125	-34.07104	15.121134	12.336193	-57.20687	252000	-2.6226044e-09	56.51451	-0.005338575	-9.766132	0.1334559	0.001251168	0.023	79.0	265.5767786502838
63	-81.3125	15.936275	-62.0	-141.0	82.3125	-32.37858	15.131623	11.720181	-55.87776	256000	-1.7642975e-08	90.87932	-0.0073896702	-6.07666	0.13448912	0.003821962	0.02975	79.0	269.7703711986542
64	-81.020836	12.54075	-62.0	-120.0	82.020836	-32.095535	14.627001	7.8826838	-55.756004	260000	2.384186e-10	59.697414	-0.005670208	-3.5600128	0.1320573	0.001570274	0.02	79.0	273.95901370048523
65	-78.22	11.578066	-61.0	-115.0	79.22	-32.654247	14.880435	1.0761473	-55.776802	264000	3.2633543e-09	57.076267	-0.004944133	-4.682247	0.11812437	0.004112032	0.0295	79.0	278.27654576301575
66	-78.3	11.610771	-61.0	-128.0	79.3	-31.174953	14.715339	4.818169	-53.788376	268000	4.053116e-09	50.436577	-0.0070022433	-2.624302	0.13622706	0.0035763942	0.028	79.0	282.4944152832031
67	-80.875	13.5533285	-62.0	-143.0	81.875	-30.69088	14.804744	5.9925575	-54.416824	272000	-1.0251999e-08	69.38285	-0.004394758	-6.203228	0.1281191	0.001822709	0.01975	79.0	286.7544710636139
68	-84.82609	25.688185	-63.0	-195.0	85.82609	-31.906746	14.658877	4.281336	-55.48042	276000	-5.2452087e-09	153.3354	-0.009396241	-28.838654	0.14274813	0.009614817	0.0345	79.0	291.0206310749054
69	-78.44	12.414765	-62.0	-152.0	79.44	-34.031956	15.060932	7.339401	-56.19335	280000	1.07288365e-08	71.09241	-0.0074713053	-18.922104	0.13792652	0.00090582954	0.0365	79.0	295.259245634079
70	-85.652176	30.430403	-63.0	-242.0	86.652176	-30.650719	15.013896	4.1428633	-53.958424	284000	4.053116e-09	207.88406	-0.0051645455	-51.59967	0.13592257	0.0012940263	0.0225	79.0	299.52642273902893
71	-88.59091	35.384457	-63.0	-299.0	89.59091	-34.149323	14.91963	9.12972	-56.79362	288000	-1.7285346e-09	169.91411	-0.005868879	-20.583588	0.13750546	0.003940383	0.0265	79.0	303.65862369537354
72	-83.80851	27.522245	-63.0	-244.0	84.80851	-36.094734	14.910996	5.6100836	-59.918503	292000	1.66893e-08	147.41881	-0.0072224615	-10.957779	0.13572179	0.0053863632	0.033	79.0	308.0200743675232
73	-82.297874	20.148294	-62.0	-166.0	83.297874	-32.347866	14.892264	12.874956	-55.884968	296000	-1.0371208e-08	114.250336	-0.0055571767	-12.094299	0.13557844	0.0038963973	0.02325	79.0	312.18353295326233
74	-79.77551	10.492496	-60.0	-108.0	80.77551	-32.80948	14.832724	6.7911773	-55.97068	300000	1.7881393e-09	50.788483	-0.0042144507	-7.0306854	0.121395186	0.0037719554	0.018	79.0	316.3226797580719
75	-79.918365	7.542632	-69.0	-101.0	80.918365	-31.893015	14.925889	14.505083	-54.613346	304000	-5.6028364e-09	27.516857	-0.006719892	-3.6594772	0.12164232	0.0043873657	0.036	79.0	320.58345913887024
76	-87.53333	36.48659	-62.0	-232.0	88.53333	-30.808018	15.252853	5.0556755	-55.142784	308000	5.9604646e-09	304.47433	-0.013467643	-85.06958	0.13286097	0.015291889	0.05325	74.0	324.79251766204834
77	-87.22222	39.191204	-62.0	-325.0	88.22222	-35.345066	14.577906	4.8816805	-56.710632	312000	1.6212464e-08	194.75317	-0.006929548	-26.320023	0.16147141	0.00021634219	0.02425	79.0	329.0152938365936
78	-82.97872	25.008501	-60.0	-207.0	83.97872	-33.791077	14.789158	13.906028	-58.96829	316000	1.0967255e-08	156.69908	-0.007424624	-13.659424	0.13107236	0.0036727632	0.03625	79.0	333.2682030200958
79	-79.69388	14.471935	-62.0	-157.0	80.69388	-32.973915	14.56101	8.8017435	-55.827	320000	-6.9141386e-09	76.51468	-0.0053264955	-10.740456	0.13202259	0.0008756103	0.0245	79.0	337.5385477542877
80	-84.86957	21.529158	-64.0	-197.0	85.86957	-31.052319	14.778308	8.333253	-54.709538	324000	-4.768372e-10	139.9164	-0.005093846	-22.926697	0.12924114	0.00064278924	0.01725	79.0	341.77106642723083
81	-81.645836	9.84143	-69.0	-110.0	82.645836	-33.710743	14.637832	6.80386	-56.80334	328000	-7.033348e-09	46.636513	-0.0059428257	-9.760433	0.1250182	0.0026821748	0.03025	79.0	346.03175139427185
82	-81.791664	24.447187	-62.0	-235.0	82.791664	-32.380314	15.110688	8.826589	-56.14186	332000	1.168251e-08	148.51216	-0.0055319653	-32.20533	0.1311925	0.003154368	0.0335	79.0	350.2696211338043
83	-100.84615	74.08953	-61.0	-500.0	101.82051	-30.07892	14.538524	4.914208	-55.706226	336000	9.179115e-09	721.7083	-0.011317914	-340.51733	0.1605831	0.015133391	0.06	57.0	354.2527713775635
84	-89.045456	44.666416	-63.0	-299.0	90.045456	-40.000423	15.682969	13.34145	-64.35702	340000	7.599592e-09	231.72025	-0.006837318	-23.229767	0.18364148	0.0039198394	0.0335	79.0	358.52494382858276
85	-82.76596	25.910824	-63.0	-230.0	83.76596	-34.213287	14.710751	20.17977	-57.622047	344000	-6.0796737e-09	180.76357	-0.008178484	-36.751465	0.15177158	0.0022237326	0.02725	79.0	362.72004199028015
86	-80.081635	9.391349	-63.0	-112.0	81.081635	-32.717144	14.5624485	6.073278	-56.3098	348000	-6.6757204e-09	45.472607	-0.0064686327	-10.128529	0.14304098	0.0020131422	0.0325	79.0	367.01183438301086
87	-81.854164	18.998892	-62.0	-171.0	82.854164	-31.767902	15.065986	7.61938	-57.28522	352000	5.9604646e-09	116.40621	-0.007807299	-11.374207	0.15319036	0.004467767	0.02975	79.0	371.2797496318817
88	-78.14	9.816333	-60.0	-117.0	79.14	-33.15914	14.459164	12.956551	-56.358612	356000	1.6510487e-08	46.13351	-0.0062725954	-8.424953	0.13870037	0.001390672	0.025	79.0	375.5040285587311
89	-81.0	27.455267	-61.0	-260.0	82.0	-31.325386	14.572303	9.694739	-55.081654	360000	8.8214875e-09	144.82426	-0.007635543	-32.489845	0.13380118	0.0015736326	0.027	79.0	379.62954115867615
90	-85.934784	30.390503	-61.0	-249.0	86.934784	-32.62109	15.20297	19.265865	-55.769146	364000	6.0796737e-09	176.63843	-0.005812894	-17.227463	0.13768531	0.0036425882	0.02325	79.0	383.91069197654724
91	-84.652176	24.242628	-69.0	-216.0	85.652176	-33.974644	14.442158	3.3455122	-56.465233	368000	-4.172325e-09	134.03717	-0.007272713	-22.309029	0.14292362	0.0021825293	0.02475	79.0	388.0588083267212
92	-87.6	29.8808	-61.0	-237.0	88.6	-34.174576	15.122473	10.044131	-61.882717	372000	4.2915342e-09	163.81372	-0.0071059326	-16.4057	0.14928769	0.003677825	0.03725	79.0	392.30909490585327
93	-79.12245	12.3959055	-62.0	-133.0	80.12245	-35.009468	14.771823	10.388631	-57.44854	376000	1.7523766e-08	72.19337	-0.0054478636	-20.857452	0.12256755	0.0028545696	0.0245	79.0	396.55817699432373
94	-87.8	62.636726	-62.0	-500.0	88.77778	-32.197475	14.512	4.531087	-55.15532	380000	-1.9252301e-08	379.6632	-0.006295989	-178.82336	0.14127795	0.0017821097	0.023	79.0	400.73272824287415
95	-90.093025	35.52321	-63.0	-259.0	91.093025	-33.921772	17.196238	14.636046	-68.167786	384000	1.8119811e-08	272.93787	-0.0063075023	-56.103577	0.13955477	0.0028610264	0.0275	79.0	405.0027244091034
96	-78.7	10.194606	-63.0	-125.0	79.7	-36.17788	14.360862	4.261409	-58.710266	388000	1.3828277e-08	70.07615	-0.0050001577	-29.788193	0.12298905	0.0021977033	0.02025	79.0	409.22543382644653
97	-77.76	8.410851	-63.0	-101.0	78.76	-31.425102	14.87203	6.9458055	-54.7834	392000	-9.775162e-09	32.494926	-0.005768262	-3.0199165	0.12051922	0.003922138	0.03125	79.0	413.4207887649536
98	-78.42	10.620904	-62.0	-117.0	79.42	-30.47238	15.213611	7.988109	-54.409763	396000	5.3644182e-09	46.14736	-0.0075443857	-2.6045341	0.12074155	0.0041431016	0.02825	79.0	417.57788157463074
99	-77.8	9.736529	-61.0	-104.0	78.8	-31.769598	14.719764	7.056802	-54.48848	400000	9.179115e-09	39.004944	-0.0056006648	-3.6417313	0.12785959	0.00023305771	0.02425	79.0	421.78114652633667
100	-86.977776	19.769209	-69.0	-166.0	87.977776	-29.400118	15.07863	6.148328	-54.157112	404000	2.9802323e-09	136.1978	-0.006227676	-29.48684	0.12118358	0.00254175	0.02425	79.0	426.0139491558075
101	-85.478264	28.282534	-63.0	-230.0	86.478264	-34.76763	14.459352	8.463227	-57.97681	408000	1.4960765e-08	185.51222	-0.0056339814	-28.893982	0.12557088	0.005288996	0.02625	79.0	430.5168957710266
102	-84.91304	23.889988	-62.0	-214.0	85.91304	-34.20361	15.289427	6.4884415	-65.50654	412000	2.8014182e-09	118.581924	-0.007418564	-9.578659	0.12805317	0.003555082	0.03025	79.0	434.7223358154297
103	-87.34091	34.56019	-63.0	-284.0	88.34091	-33.70082	15.06872	5.728111	-63.32148	416000	3.2663344e-08	218.0993	-0.009411223	-21.9124	0.13380884	0.004030723	0.0395	79.0	439.0644302368164
104	-83.87234	19.951662	-63.0	-173.0	84.87234	-34.959747	14.430093	9.905125	-60.598217	420000	-5.00679e-09	126.05066	-0.005988274	-18.46611	0.13290325	0.001847001	0.01975	79.0	443.28470826148987
105	-85.891304	18.387411	-63.0	-155.0	86.891304	-32.797726	14.893222	9.482414	-56.396175	424000	-8.8214875e-09	103.70661	-0.006358583	-11.835587	0.12990041	0.0009920758	0.021	79.0	447.52402567863464
106	-82.893616	15.94036	-62.0	-146.0	83.893616	-34.355373	14.733445	13.835952	-58.057323	428000	-2.6941299e-08	82.09355	-0.007555204	-10.143715	0.121540785	0.004186249	0.0345	79.0	451.77430486679077
107	-83.085106	17.595732	-62.0	-170.0	84.085106	-32.61368	15.186774	8.305711	-56.8286	432000	2.2232532e-08	101.30903	-0.004722218	-15.141441	0.11241009	0.0025028419	0.0195	79.0	456.00358748435974
108	-79.71429	12.729526	-62.0	-136.0	80.71429	-33.623253	14.638965	4.1153407	-57.04187	436000	1.6212464e-08	62.26895	-0.0060882196	-8.422562	0.11998614	0.0021184538	0.033	79.0	460.19679498672485
109	-79.65306	12.367751	-62.0	-135.0	80.65306	-31.795519	14.802295	4.7234755	-55.744267	440000	7.629395e-09	52.507416	-0.006361133	-3.8704643	0.114815995	0.006129126	0.038	79.0	464.40945768356323
110	-81.3617	12.291539	-63.0	-136.0	82.3617	-30.58234	15.393957	8.739382	-55.077232	444000	2.9802323e-09	83.52662	-0.0067524877	-11.14595	0.11611832	0.0054992223	0.035	79.0	468.59787368774414
111	-81.625	16.825855	-62.0	-151.0	82.625	-33.186535	14.901287	2.94348	-56.489597	448000	-1.3351441e-08	96.278404	-0.007988097	-11.198677	0.13252407	0.010564866	0.0485	79.0	472.87755608558655
112	-79.77551	13.312976	-62.0	-145.0	80.77551	-32.54566	14.877302	3.7847314	-56.210495	452000	-2.3841857e-09	62.459538	-0.006794078	-6.33881	0.13684392	0.0049190917	0.0325	79.0	477.6372003555298
113	-79.18367	11.417269	-62.0	-108.0	80.18367	-31.92027	14.7506485	3.1400244	-55.14658	456000	-7.152557e-09	48.55406	-0.008059213	-4.65839	0.13183236	0.006927807	0.03725	79.0	481.9131009578705
114	-79.57143	15.933536	-62.0	-168.0	80.57143	-31.632046	14.658896	4.2359486	-54.8337	460000	-8.106232e-09	70.506775	-0.0053736665	-5.370064	0.11125845	0.0046950392	0.03425	79.0	486.1395173072815
115	-89.068184	33.92465	-62.0	-233.0	90.068184	-30.462755	14.687022	6.181994	-54.793293	464000	1.8954276e-08	283.12323	-0.0072404006	-64.80023	0.1328133	0.0022445633	0.02875	79.0	490.30140256881714
116	-93.57143	68.69537	-62.0	-500.0	94.54762	-37.282322	13.8062525	1.7415531	-57.82012	468000	-1.9550324e-08	366.90936	-0.0061980733	-93.52356	0.12104414	0.0011940838	0.0305	79.0	494.42205452919006
117	-77.04	8.173029	-62.0	-92.0	78.04	-34.91465	14.72868	7.8387723	-57.81621	472000	3.051758e-08	57.280697	-0.0064367754	-23.258408	0.11774162	0.004178631	0.02825	79.0	498.575603723526
118	-78.42	16.974205	-60.0	-180.0	79.42	-31.937073	14.693275	7.723113	-67.78325	476000	7.1525574e-10	74.93175	-0.006417838	-6.312149	0.11933942	0.0043948325	0.02425	79.0	502.73311138153076
119	-85.28261	45.357357	-61.0	-376.0	86.28261	-32.32841	14.717481	7.0926976	-61.32645	480000	-3.695488e-09	224.20363	-0.0070997267	-44.951263	0.12562045	0.004726389	0.03125	79.0	506.86238622665405
120	-80.63265	15.519171	-62.0	-143.0	81.63265	-32.949295	14.668721	7.3146205	-70.2498	484000	5.9604646e-09	95.48411	-0.0071389256	-19.861969	0.12485007	0.0016432857	0.02725	79.0	510.99521470069885
121	-80.265305	15.8909235	-61.0	-142.0	81.265305	-32.300137	14.681031	4.804496	-56.214966	488000	-3.33786e-08	89.71577	-0.0072007175	-6.986328	0.12984157	0.0036734839	0.029	79.0	515.1460161209106
122	-76.13725	8.041607	-62.0	-98.0	77.13725	-32.649323	14.609595	9.122109	-54.867348	492000	-1.6212464e-08	32.914635	-0.0071618794	-7.6140976	0.12329009	0.0047905813	0.0375	79.0	519.5066125392914
123	-82.0625	24.206926	-61.0	-210.0	83.0625	-29.633848	14.829867	8.946882	-53.703335	496000	-1.7642975e-08	159.73872	-0.0047006914	-34.040543	0.12161848	-0.0007421333	0.0235	79.0	523.7782075405121
124	-89.204544	66.007774	-63.0	-500.0	90.181816	-34.404392	14.198843	5.8623285	-58.888077	500000	1.8119811e-08	367.84058	-0.009992985	-131.2076	0.11751158	0.013897457	0.04925	79.0	528.06298995018
125	-85.891304	21.710775	-61.0	-169.0	86.891304	-32.30089	15.123063	22.521473	-66.02512	504000	-9.536743e-09	167.48973	-0.007435483	-37.359924	0.1257168	0.0037958766	0.035	79.0	532.1954023838043
126	-80.4898	20.667555	-62.0	-197.0	81.4898	-35.572235	14.789332	5.918028	-75.42959	508000	-1.2397766e-08	122.28645	-0.00722105	-22.917633	0.12389763	0.00501395	0.02925	79.0	536.3287127017975
127	-88.931816	63.586876	-62.0	-500.0	89.90909	-35.490097	17.004847	11.597541	-69.18412	512000	-3.0994416e-09	222.28535	-0.0062686554	-25.995087	0.12621765	0.0014668588	0.02675	79.0	540.4564933776855
128	-78.0	20.846376	-61.0	-199.0	79.0	-35.442844	15.777274	5.1960588	-76.189964	516000	1.2159347e-08	205.51343	-0.00831679	-35.194168	0.121188134	0.0034024836	0.035	79.0	544.6945562362671
129	-86.35555	24.79261	-61.0	-231.0	87.35555	-32.087215	15.120051	14.72405	-69.00061	520000	-8.8214875e-09	124.11115	-0.0073125903	-19.061447	0.1280758	0.00278962	0.03	79.0	548.9522559642792
130	-78.5	13.679547	-62.0	-134.0	79.5	-34.691196	15.174561	9.832152	-61.453148	524000	-2.9802323e-09	74.117485	-0.0073779994	-18.480572	0.12370548	0.004012094	0.02775	79.0	553.2007057666779
131	-84.73913	19.97328	-63.0	-156.0	85.73913	-30.485594	14.914471	14.443037	-57.790554	528000	-1.3828277e-08	124.31578	-0.007901942	-19.77443	0.12143139	0.003815367	0.029	79.0	557.4296097755432
132	-79.36735	23.081661	-62.0	-205.0	80.36735	-34.98579	13.823901	2.2380683	-56.925285	532000	1.1920929e-08	151.32436	-0.00855321	-22.076065	0.12929405	0.0037661493	0.02525	79.0	561.6770970821381
133	-83.91304	24.827076	-62.0	-191.0	84.91304	-30.69963	14.7730665	12.456163	-55.58234	536000	-2.2888184e-08	178.70267	-0.007213689	-43.792908	0.11949227	0.0019808945	0.02375	79.0	565.8994197845459
134	-84.0	26.085978	-62.0	-230.0	85.0	-33.902077	14.595893	13.756607	-61.636955	540000	7.1525574e-10	134.4165	-0.0066416026	-10.998825	0.11393553	0.0040114233	0.02875	79.0	570.086418390274
135	-83.106384	21.437922	-62.0	-175.0	84.106384	-34.107964	14.313924	10.316285	-65.30323	544000	-6.0796737e-09	115.89832	-0.008284488	-9.821251	0.120739095	0.0015379556	0.03275	79.0	574.3069705963135
136	-78.44	11.491144	-62.0	-119.0	79.44	-33.254807	14.886224	11.233776	-56.30498	548000	-5.4836273e-09	56.407063	-0.00641251	-11.587383	0.11173609	0.0014239383	0.027	79.0	578.4356427192688
137	-77.07843	10.729917	-62.0	-107.0	78.07843	-31.768991	14.927379	9.350751	-54.968697	552000	5.00679e-09	41.77157	-0.0065778485	-3.3527756	0.11317639	0.0032938386	0.02625	79.0	582.5789914131165
138	-79.85714	12.715088	-61.0	-112.0	80.85714	-30.288473	15.1568575	8.090476	-54.458996	556000	9.059906e-09	60.790276	-0.007983814	-6.0459824	0.11211875	0.0047315815	0.039	79.0	586.8292915821075
139	-77.09804	11.579656	-61.0	-115.0	78.09804	-31.960651	14.784098	5.343909	-55.269527	560000	-9.775162e-09	50.04239	-0.007421421	-4.876541	0.11494182	0.0059057153	0.03275	79.0	591.1076037883759
140	-74.245285	11.308546	-62.0	-120.0	75.245285	-31.530046	14.773591	9.071331	-53.911285	564000	-5.00679e-09	53.098244	-0.0069851	-6.0793533	0.11516121	0.0046646763	0.02775	79.0	595.3763966560364
141	-81.729164	32.04732	-62.0	-285.0	82.729164	-28.777784	14.327408	8.032691	-52.728714	568000	-4.7683715e-09	226.02008	-0.016279824	-81.05905	0.11198015	0.015118271	0.0545	77.0	599.5318124294281
142	-93.07143	45.038815	-62.0	-322.0	94.07143	-28.787386	16.370827	19.453684	-58.450703	572000	6.0796737e-09	523.0717	-0.016415875	-263.31537	0.13632557	0.015097238	0.06475	66.0	603.5713582038879
143	-82.93617	27.285257	-62.0	-200.0	83.93617	-38.65314	14.394359	7.291631	-75.905785	576000	-2.026558e-09	179.64218	-0.0091059115	-43.620956	0.13718332	0.003565519	0.03525	79.0	607.6914582252502
144	-77.84	16.18068	-62.0	-151.0	78.84	-33.811703	14.480163	10.453108	-62.14354	580000	1.2397766e-08	78.89061	-0.0071084625	-13.223442	0.13038532	0.0025424277	0.03225	79.0	611.8117172718048
145	-79.46939	17.710947	-62.0	-151.0	80.46939	-30.645683	14.717789	10.248963	-53.690727	584000	1.2040139e-08	106.634346	-0.0077671953	-11.944199	0.1248748	0.0014940912	0.0315	79.0	615.964501619339
146	-78.26	13.138965	-62.0	-115.0	79.26	-32.11114	14.268932	4.732311	-55.34714	588000	-1.5974045e-08	66.90983	-0.008182499	-6.533642	0.12797731	0.00071618654	0.0245	79.0	620.0950186252594
147	-76.72549	17.285467	-62.0	-177.0	77.72549	-31.663496	14.4585	3.4323673	-54.73263	592000	5.2452087e-09	91.933876	-0.009572298	-9.711243	0.11911627	0.0033094056	0.03125	79.0	624.2220072746277
148	-80.28571	44.412262	-62.0	-381.0	81.28571	-31.514116	13.728121	8.158327	-53.66458	596000	1.1324882e-08	271.85507	-0.009774127	-119.51192	0.13520822	0.0029057222	0.033	79.0	628.351273059845
149	-80.19149	19.780325	-62.0	-141.0	81.19149	-32.95072	16.971252	18.297318	-75.27126	600000	-7.033348e-09	225.66595	-0.01045342	-36.924164	0.12865508	0.002650252	0.03525	79.0	632.484566450119
150	-74.67308	12.802827	-62.0	-119.0	75.67308	-33.931168	14.189775	3.5617795	-57.759388	604000	-6.6757204e-09	79.01829	-0.008390147	-22.076714	0.118838735	0.00088888645	0.03125	79.0	636.650468826294
151	-75.75	12.305213	-62.0	-112.0	76.75	-29.8261	14.517375	12.922075	-53.027534	608000	6.437302e-09	53.904953	-0.0059417365	-6.860199	0.112024136	0.0026599774	0.0225	79.0	640.8915321826935
152	-80.081635	23.239513	-62.0	-203.0	81.081635	-30.748518	14.513423	6.370011	-58.50892	612000	2.7418137e-09	128.06529	-0.008705691	-13.54554	0.123054914	0.003880454	0.0325	79.0	645.1213212013245
153	-82.893616	28.253588	-62.0	-238.0	83.893616	-31.221212	14.526536	10.586186	-54.948524	616000	-1.9073486e-08	209.37123	-0.008772686	-49.776016	0.12590618	0.0035636527	0.03575	79.0	649.3810172080994
154	-78.74	12.006349	-63.0	-103.0	79.74	-33.581394	13.801035	6.040273	-56.411255	620000	1.9073486e-08	67.82269	-0.0076757516	-17.017685	0.117562234	0.0015160623	0.02725	79.0	653.5246183872223
155	-89.13636	48.265175	-62.0	-284.0	90.13636	-31.35346	14.593502	6.708289	-55.453148	624000	9.536744e-10	396.38916	-0.012261794	-133.94873	0.13821432	0.008976118	0.0445	79.0	657.6519792079926
156	-75.94	12.720707	-61.0	-118.0	76.94	-35.087852	14.276092	3.6844935	-64.04823	628000	2.3722649e-08	127.83972	-0.0095796995	-24.235207	0.12754945	0.0018380022	0.032	79.0	661.7937619686127
157	-80.38298	23.789461	-61.0	-218.0	81.38298	-32.890373	14.407959	8.558844	-68.14874	632000	-1.0967255e-08	161.96785	-0.008545151	-20.678955	0.13727328	0.0038292701	0.03575	79.0	665.9536163806915
158	-88.954544	43.364708	-62.0	-329.0	89.954544	-32.62485	14.732155	5.530781	-63.227936	636000	-3.8146974e-09	273.12817	-0.008554918	-50.258453	0.13393582	0.005145791	0.03475	79.0	670.0260627269745
159	-78.26	19.688381	-62.0	-167.0	79.26	-34.984516	14.653044	12.271286	-56.805077	640000	2.861023e-09	141.91203	-0.0067836256	-31.085747	0.11818024	0.0020702744	0.028	79.0	674.0567796230316
160	-79.63265	18.835154	-61.0	-163.0	80.63265	-31.919338	13.589825	10.526827	-55.701447	644000	-5.722046e-09	111.3664	-0.008370071	-10.281746	0.122332826	0.0035612858	0.03025	79.0	678.1444430351257
161	-81.0	27.678963	-61.0	-204.0	82.0	-32.449635	14.496246	6.150144	-66.84472	648000	-8.165836e-09	163.39317	-0.008104964	-15.773315	0.121319994	0.0053751753	0.035	79.0	682.1772587299347
162	-78.62	14.876679	-61.0	-144.0	79.62	-33.059498	13.744025	2.9025939	-54.786556	652000	-1.7166137e-08	80.36976	-0.008460208	-11.215881	0.11896258	0.003018353	0.04275	79.0	686.2903633117676
163	-77.82	20.56277	-62.0	-187.0	78.82	-31.73757	14.339902	7.437875	-54.352062	656000	9.536744e-10	122.9329	-0.0069718924	-16.252129	0.11347844	0.0035330157	0.0305	79.0	690.4624750614166
164	-81.5625	23.940819	-62.0	-175.0	82.5625	-30.477465	14.361808	7.675793	-54.220356	660000	-1.4424324e-08	172.21768	-0.0077383355	-34.682724	0.11634503	0.0031544794	0.0345	79.0	694.5393080711365
165	-82.78723	18.393959	-62.0	-143.0	83.78723	-31.946207	14.414583	7.1853137	-55.05236	664000	-1.45435335e-08	109.32616	-0.009386576	-12.372742	0.10947903	0.0044440273	0.03375	79.0	698.6430027484894
166	-78.08696	15.609119	-62.0	-119.0	79.08696	-35.28435	14.388056	5.1509714	-63.974476	668000	5.3644182e-09	252.33972	-0.0132980095	-85.08298	0.1103588	0.008913759	0.04875	79.0	702.6846029758453
167	-77.98	21.771072	-61.0	-201.0	78.98	-32.988205	14.272537	12.204387	-78.497536	672000	1.9550324e-08	144.42169	-0.010438368	-31.772255	0.10501758	0.00766323	0.0405	79.0	706.7162160873413
168	-73.754715	11.338539	-61.0	-103.0	74.754715	-31.88538	13.965124	10.396647	-55.632915	676000	-1.66893e-08	56.08598	-0.0065856394	-10.617435	0.10697878	0.0007978999	0.02775	79.0	710.6924104690552
169	-78.72	25.525705	-62.0	-234.0	79.72	-29.63122	14.629695	11.889346	-69.65744	680000	-2.157688e-08	135.21725	-0.010574487	-26.196892	0.11157441	0.0071677477	0.0425	79.0	714.6242418289185
170	-83.510635	33.831165	-61.0	-276.0	84.510635	-33.613922	16.147142	11.106538	-81.056404	684000	-3.4570693e-09	198.03175	-0.010115092	-30.544968	0.12908813	0.0053748647	0.03475	79.0	718.6177604198456
171	-80.32653	17.520119	-61.0	-145.0	81.32653	-32.490788	14.675121	8.405001	-58.21365	688000	1.525879e-08	98.212944	-0.0074121496	-11.289787	0.10978678	0.0048278053	0.0355	79.0	722.5268411636353
172	-82.333336	25.496185	-62.0	-224.0	83.333336	-32.012745	14.79906	22.227938	-57.112225	692000	3.3378602e-09	133.22653	-0.009087619	-17.006828	0.11411309	0.0036747952	0.03625	79.0	726.4606552124023
173	-89.704544	39.1353	-62.0	-239.0	90.704544	-33.709534	14.717558	9.679106	-74.85195	696000	-2.384186e-10	261.52795	-0.008409843	-30.811218	0.12374945	0.0036058803	0.0355	79.0	730.3560044765472
174	-80.44898	22.779387	-62.0	-173.0	81.44898	-37.39239	14.404822	10.247642	-77.96749	700000	-1.7642975e-08	161.80966	-0.0068985377	-44.56163	0.11950253	0.001796398	0.0275	79.0	734.2415337562561
175	-74.169815	11.818974	-62.0	-124.0	75.169815	-32.662968	14.616215	5.1866035	-55.928715	704000	3.0755995e-08	59.721737	-0.009004018	-12.777348	0.11243538	0.013408598	0.04775	79.0	738.0664446353912
176	-78.61224	15.720539	-62.0	-135.0	79.61224	-29.747156	14.153131	5.662526	-60.835304	708000	2.7418137e-08	103.11601	-0.007818427	-14.348671	0.11840998	0.0027858443	0.032	79.0	741.694278717041
177	-78.56	15.736785	-62.0	-150.0	79.56	-31.978973	14.651555	14.146721	-60.629745	712000	-1.1920929e-09	68.36228	-0.009296396	-5.8228035	0.12452665	0.0032038458	0.035	79.0	745.1647772789001
178	-79.30612	11.208969	-62.0	-104.0	80.30612	-31.390032	14.687237	4.861168	-57.43489	716000	-8.5830685e-09	45.57751	-0.007903769	-5.2931595	0.109094	0.0017442827	0.034	79.0	748.6290030479431
179	-75.11539	15.1817875	-61.0	-123.0	76.11539	-32.596485	14.706928	7.580275	-56.555984	720000	1.001358e-08	77.24428	-0.00680797	-11.418983	0.11251873	0.002742025	0.03275	79.0	752.1305463314056
180	-78.5102	20.224377	-61.0	-160.0	79.5102	-29.985695	14.142211	8.008043	-54.529472	724000	1.4305115e-09	138.64577	-0.008406801	-17.419006	0.112517275	0.0076644183	0.036	79.0	755.6576507091522
181	-76.09804	13.958279	-61.0	-123.0	77.09804	-32.30313	14.101697	5.1782126	-56.984936	728000	-5.1259996e-09	68.84227	-0.008824802	-7.997383	0.123339824	0.0034105466	0.0355	79.0	758.9954831600189
182	-79.14286	18.944603	-62.0	-161.0	80.14286	-30.152634	14.343811	4.734212	-56.10092	732000	2.3841857e-09	115.58652	-0.011530646	-19.631897	0.117247336	0.00745142	0.038	79.0	762.4219751358032
183	-76.803925	17.356718	-61.0	-138.0	77.803925	-32.324497	14.631804	14.686607	-56.546467	736000	1.7642975e-08	101.026695	-0.008394541	-13.352333	0.11785496	0.003855493	0.03025	79.0	765.8684592247009
184	-78.24	17.13308	-62.0	-163.0	79.24	-31.125555	14.000864	6.3775063	-55.083813	740000	2.2649764e-09	86.66203	-0.0073055234	-8.741203	0.10765779	0.0025334973	0.029	79.0	769.3217628002167
185	-82.106384	34.94691	-62.0	-254.0	83.106384	-32.046608	14.469336	11.078253	-61.682686	744000	-7.1525574e-10	215.68896	-0.009320506	-31.130463	0.11379801	0.0043955925	0.03875	79.0	772.7550480365753
186	-74.71154	12.85322	-62.0	-115.0	75.71154	-33.37675	14.1070175	11.170576	-58.87972	748000	2.1457671e-09	68.70889	-0.008614984	-17.53527	0.104881726	0.003505281	0.03375	79.0	776.1433987617493
187	-75.30769	12.249865	-62.0	-106.0	76.30769	-29.560022	14.831012	6.464338	-54.155853	752000	-3.5762787e-10	52.944065	-0.0074601285	-5.4543533	0.10894042	0.0045923064	0.03825	79.0	779.591655254364
188	-74.98077	18.818455	-62.0	-192.0	75.98077	-30.555212	14.6339655	8.800997	-54.83664	756000	-6.198883e-09	111.53041	-0.007985941	-25.73246	0.108440995	0.0035649005	0.02425	79.0	783.0542531013489
189	-77.333336	12.453312	-61.0	-107.0	78.333336	-30.368969	14.191553	5.75411	-65.78271	760000	2.861023e-09	58.335438	-0.008089248	-12.894035	0.11305964	0.001925987	0.029	79.0	786.5244917869568
190	-76.09804	15.367722	-61.0	-123.0	77.09804	-30.799559	14.433271	5.3261433	-56.479076	764000	3.5762787e-10	67.38564	-0.009259357	-4.7996864	0.11180085	0.005581228	0.03875	79.0	790.0490491390228
191	-73.71698	12.547837	-62.0	-108.0	74.71698	-31.339844	14.346528	6.8821006	-56.358772	768000	1.1444092e-08	54.421127	-0.008082657	-6.619175	0.103684135	0.0026154015	0.03675	79.0	793.5835559368134
192	-76.39216	24.952568	-61.0	-237.0	77.39216	-29.715141	14.075015	10.124808	-54.550793	772000	5.364418e-10	152.4312	-0.00831842	-42.706657	0.10691461	0.002042638	0.033	79.0	797.0529499053955
193	-75.44231	22.996164	-61.0	-218.0	76.44231	-30.230137	14.14978	5.535112	-55.68602	776000	-6.0796737e-09	161.72153	-0.009528062	-48.878624	0.098798156	0.01555293	0.04175	37.0	800.2166862487793
194	-74.75	12.928613	-62.0	-116.0	75.75	-31.350529	13.420816	2.852455	-54.82318	780000	8.8214875e-09	71.15864	-0.0068141394	-18.686275	0.1075942	0.0030029158	0.03075	79.0	803.6803863048553
195	-73.79245	10.644086	-62.0	-95.0	74.79245	-30.090425	14.487382	9.060115	-54.270058	784000	1.1563301e-08	36.356857	-0.00744057	-5.345459	0.11147241	0.0077371965	0.035	79.0	807.2142467498779
196	-72.14815	13.895652	-62.0	-138.0	73.14815	-29.583725	14.73967	4.451709	-55.218582	788000	2.1457671e-09	67.27781	-0.01092515	-8.912277	0.10545259	0.005907611	0.0345	79.0	810.7131881713867
197	-73.528305	11.55888	-62.0	-107.0	74.528305	-29.229822	13.927701	3.6697793	-54.575165	792000	1.26361845e-08	50.30828	-0.007972653	-5.0770607	0.10173417	0.0035405082	0.035	79.0	814.1507141590118
198	-74.15094	11.784858	-61.0	-102.0	75.15094	-29.77933	14.116846	9.536134	-54.947308	796000	-1.835823e-08	47.59862	-0.007996662	-4.142948	0.10716452	0.0014376638	0.03025	79.0	817.601238489151
199	-70.87273	11.212094	-62.0	-104.0	71.87273	-30.803793	14.222074	7.8096237	-55.999157	800000	-6.0200693e-09	50.328026	-0.007938212	-7.668789	0.10182125	0.0057243714	0.0305	79.0	820.9993984699249
