Epoch	AverageEpRet	StdEpRet	MaxEpRet	MinEpRet	EpLen	AverageVVals	StdVVals	MaxVVals	MinVVals	TotalEnvInteracts	LossPi	LossV	DeltaLossPi	DeltaLossV	Entropy	KL	ClipFrac	StopIter	Time
0	-1427.7288	231.15088	-1093.8701	-1857.8014	200.0	-0.023078945	0.14064331	0.26317888	-0.3393622	4000	-3.576279e-08	211455.92	-0.0028382319	-6819.25	0.91893786	0.002519409	0.04	79.0	3.954212188720703
1	-1407.2664	299.66974	-1011.87665	-1878.5745	200.0	-8.097375	1.3292315	-2.7392523	-9.216924	8000	2.07901e-07	201425.83	-0.0015565696	-6275.047	0.90155774	0.00033578606	0.0085	79.0	7.739674806594849
2	-1366.692	219.38663	-973.5821	-1864.632	200.0	-16.002989	0.29211855	-13.965117	-16.209782	12000	1.001358e-07	179489.88	-0.002528657	-4604.3125	0.91930604	0.0032864814	0.025	79.0	11.478971004486084
3	-1392.4534	278.53116	-981.81494	-1837.2213	200.0	-22.065254	0.13492323	-21.353176	-22.15986	16000	1.1062622e-07	182295.22	-0.0040425733	-4299.797	0.920036	0.00268243	0.03525	79.0	15.268731832504272
4	-1462.275	230.17648	-973.02954	-1852.9858	200.0	-27.789602	0.059107017	-27.33907	-27.816366	20000	-1.2016297e-07	194134.92	-0.005013274	-4465.0312	0.9222891	0.0048149917	0.041	79.0	19.084790468215942
5	-1365.6871	261.3327	-791.18866	-1759.9185	200.0	-33.469906	0.077773385	-32.916622	-33.50747	24000	-7.9154965e-08	164127.6	-0.0025082077	-3701.7031	0.92376715	0.0016017535	0.01675	79.0	22.811575651168823
6	-1193.5317	223.40929	-747.65826	-1597.3951	200.0	-38.655594	0.0567337	-38.42401	-38.698116	28000	-7.629395e-09	120296.29	-0.004426894	-2756.5625	0.9173732	0.002765015	0.0495	79.0	26.463237524032593
7	-1181.4216	235.1538	-759.88025	-1740.8792	200.0	-43.201397	0.032563467	-43.06041	-43.22699	32000	-6.008148e-08	117244.914	-0.0037523727	-2679.9453	0.8796382	0.0019492541	0.037	79.0	30.202620267868042
8	-1276.1089	351.74792	-752.3057	-1849.2197	200.0	-47.69654	0.022967624	-47.57057	-47.71409	36000	-2.1457673e-08	140395.86	-0.0042301794	-3073.4688	0.85170984	0.004373356	0.0355	79.0	33.84319806098938
9	-1216.5492	341.41284	-646.609	-1873.8168	200.0	-52.526566	0.019214373	-52.451874	-52.54023	40000	-1.2111664e-07	120637.98	-0.0034834952	-2648.1016	0.86020446	0.0019298289	0.04025	79.0	37.57446002960205
10	-1276.4941	312.27658	-858.21466	-1876.5197	200.0	-57.083256	0.014253571	-57.006027	-57.093307	44000	-1.859665e-08	129895.28	-0.0064442786	-2923.8281	0.8218842	0.0033151035	0.054	79.0	41.349534034729004
11	-1293.9352	382.47946	-625.77185	-1731.0786	200.0	-61.864735	0.014383879	-61.805042	-61.87433	48000	1.0251999e-07	133532.42	-0.0025469994	-2898.2812	0.79684436	0.00297845	0.02175	79.0	45.0713951587677
12	-1266.2606	318.95184	-711.07086	-1847.421	200.0	-66.669205	0.008773281	-66.63944	-66.675186	52000	-3.7670137e-08	122371.01	-0.003257068	-2745.4531	0.78612524	0.0024956667	0.036	79.0	48.75480127334595
13	-1170.3584	369.76297	-748.2554	-1797.9385	200.0	-71.37041	0.010290267	-71.327515	-71.37924	56000	-2.002716e-08	105483.32	-0.004588228	-2270.8047	0.76953673	0.0052647386	0.05325	79.0	52.57330536842346
14	-1124.175	299.8394	-746.25446	-1769.4082	200.0	-75.702896	0.0076287705	-75.67066	-75.70961	60000	-1.525879e-08	88284.73	-0.0060468996	-1965.4141	0.74811	0.004563466	0.0635	79.0	56.26990532875061
15	-1209.1775	354.3878	-756.6821	-1853.1008	200.0	-79.770226	0.0075978893	-79.73123	-79.77587	64000	-3.004074e-08	105908.63	-0.0061939443	-2316.539	0.7142335	0.001821608	0.04175	79.0	59.9248833656311
16	-1224.953	375.6829	-623.66113	-1827.8788	200.0	-84.18879	0.005949979	-84.168144	-84.193214	68000	1.3351441e-08	108060.54	-0.004453405	-2388.1875	0.7022349	0.0027266373	0.02425	79.0	63.63904619216919
17	-1236.6069	268.48343	-745.029	-1731.1094	200.0	-88.72529	0.0043936726	-88.69811	-88.728325	72000	-1.2016297e-07	100262.84	-0.0047897385	-2366.7578	0.70660686	0.007399886	0.05475	79.0	67.36551403999329
18	-1293.8612	230.73248	-867.55133	-1661.6532	200.0	-93.27406	0.003052609	-93.250404	-93.27604	76000	5.4359436e-08	106528.34	-0.0036253142	-2582.1562	0.69931567	0.0004680236	0.0175	79.0	71.06051206588745
19	-1267.3262	347.89676	-626.74066	-1761.2941	200.0	-98.03389	0.004798746	-98.01055	-98.03686	80000	-1.9073487e-09	105281.6	-0.005111233	-2433.3281	0.69780236	0.004539883	0.04425	79.0	74.86695909500122
20	-1149.0682	272.96655	-691.09344	-1587.8732	200.0	-102.696144	0.005507226	-102.673004	-102.70001	84000	6.6757204e-09	77564.62	-0.0052481163	-1806.3125	0.7014493	0.0032873442	0.056	79.0	78.62455534934998
21	-1134.605	281.6038	-750.1265	-1653.8546	200.0	-106.77539	0.0046968707	-106.75884	-106.77924	88000	-8.5830685e-09	73734.73	-0.0038827185	-1673.8359	0.6799288	0.002879454	0.044	79.0	82.27182841300964
22	-1130.3512	296.87747	-740.74194	-1833.7947	200.0	-110.71441	0.003721812	-110.70098	-110.71773	92000	7.8201296e-08	72668.17	-0.006605248	-1599.7578	0.6637032	0.006117685	0.059	79.0	85.9446530342102
23	-1191.4563	252.31805	-742.0955	-1590.3939	200.0	-114.60499	0.003260234	-114.59331	-114.60735	96000	-4.1007997e-08	77244.93	-0.0041875695	-1850.4688	0.6643067	0.0037515082	0.0295	79.0	89.70932078361511
24	-1247.2794	281.32864	-745.8137	-1679.2137	200.0	-118.80488	0.0026442108	-118.79152	-118.80661	100000	-7.43866e-08	85160.375	-0.004782756	-2008.0312	0.6658172	0.00070719194	0.055	79.0	93.51844191551208
25	-1124.07	274.29013	-743.44025	-1692.957	200.0	-123.21879	0.0028550948	-123.20816	-123.221085	104000	2.2888184e-08	64969.562	-0.007460466	-1442.1484	0.6434404	0.006177419	0.07125	79.0	97.15851020812988
26	-1112.0775	318.9177	-634.0668	-1694.3882	200.0	-127.0411	0.0036465356	-127.02623	-127.04395	108000	2.002716e-08	63325.152	-0.0047946777	-1395.8008	0.6089484	1.6943157e-05	0.0385	79.0	100.8674681186676
27	-1113.033	292.0065	-747.37366	-1674.9276	200.0	-130.80563	0.002827668	-130.79561	-130.808	112000	6.484986e-08	61250.215	-0.006507019	-1341.6289	0.59534013	0.004242054	0.05575	79.0	104.57158207893372
28	-1199.7952	286.31842	-660.0937	-1675.9009	200.0	-134.54042	0.002366163	-134.52986	-134.54192	116000	7.343292e-08	72347.73	-0.00679278	-1700.2734	0.5884661	0.006119999	0.05125	79.0	108.33910059928894
29	-1109.0852	297.78433	-632.66754	-1557.0082	200.0	-138.74863	0.002661929	-138.73979	-138.75081	120000	-3.1471252e-08	56660.445	-0.003083026	-1264.8555	0.5815932	0.0017364419	0.02975	79.0	111.99370384216309
30	-1098.1824	242.69629	-745.29236	-1549.2778	200.0	-142.47334	0.002252152	-142.46423	-142.47517	124000	3.4332274e-08	52221.887	-0.0048575276	-1186.0234	0.56194746	0.0030907602	0.0425	79.0	115.64805579185486
31	-992.1332	260.01334	-622.9712	-1410.5806	200.0	-146.09007	0.0025790322	-146.08041	-146.09253	128000	-3.8146974e-09	40070.406	-0.0045838477	-792.03906	0.564748	0.0055627376	0.04775	79.0	119.57292699813843
32	-1142.4434	225.87741	-734.4832	-1450.5833	200.0	-149.12148	0.0019893048	-149.11227	-149.1229	132000	-1.2874604e-07	54097.47	-0.0074528493	-1261.6367	0.5477899	0.0069152797	0.06125	79.0	123.27391695976257
33	-1136.6135	270.41818	-769.1726	-1683.9838	200.0	-152.89467	0.0020326795	-152.88683	-152.89632	136000	5.9127807e-08	54214.836	-0.0057071755	-1189.6992	0.53201973	0.004184227	0.0495	79.0	127.0605058670044
34	-1015.1582	238.83975	-636.22955	-1581.6703	200.0	-156.6515	0.0024526224	-156.64264	-156.65381	140000	2.861023e-09	37664.312	-0.0059929634	-742.46094	0.5101433	0.0045494335	0.04225	79.0	130.8864405155182
35	-998.4919	227.20148	-735.049	-1544.8303	200.0	-159.69603	0.0022860917	-159.68861	-159.69832	144000	-9.536744e-10	34573.89	-0.0053144274	-694.8008	0.5125152	0.006607298	0.05825	79.0	134.87655425071716
36	-1058.1981	240.47656	-673.58655	-1489.8212	200.0	-162.6431	0.001835074	-162.63708	-162.64474	148000	9.536743e-09	40696.742	-0.0050546615	-826.39453	0.50139624	0.004823177	0.04025	79.0	138.70394325256348
37	-1055.5955	200.67244	-652.991	-1368.3796	200.0	-165.88141	0.0016175128	-165.87523	-165.88287	152000	3.528595e-08	37886.598	-0.00639217	-797.125	0.47856158	0.0053418283	0.06825	79.0	142.50146198272705
38	-945.57764	220.64084	-633.5506	-1444.7281	200.0	-169.12209	0.002174038	-169.11525	-169.12436	156000	7.629395e-09	28053.035	-0.004477506	-458.02734	0.4514836	0.0041964855	0.057	79.0	146.20297384262085
39	-1033.5929	226.31268	-750.1686	-1526.5585	200.0	-171.65909	0.0019969672	-171.6513	-171.66086	160000	4.7683715e-09	34971.566	-0.004620655	-697.8086	0.42416853	0.0041927616	0.04225	79.0	149.9278597831726
40	-1085.6669	256.11865	-730.4039	-1537.7789	200.0	-174.74202	0.0020423948	-174.73277	-174.74359	164000	1.2397766e-08	40577.22	-0.0052182074	-892.4414	0.41030535	0.0068459143	0.0535	79.0	153.65815806388855
41	-1056.8597	235.0258	-668.2524	-1582.1637	200.0	-178.29037	0.0020322634	-178.28174	-178.29202	168000	1.3351441e-08	36513.91	-0.0071110334	-763.8867	0.395531	0.007501362	0.08775	79.0	157.3264410495758
42	-1030.1277	217.6782	-776.5858	-1664.4585	200.0	-181.64885	0.0016615718	-181.6421	-181.65042	172000	-3.528595e-08	32370.725	-0.00570848	-645.4004	0.36655077	0.006607931	0.04975	79.0	161.02023196220398
43	-989.18506	189.3662	-669.33167	-1402.2539	200.0	-184.77469	0.0018112665	-184.7688	-184.77652	176000	-3.051758e-08	27692.527	-0.004926231	-537.96484	0.384818	0.0031806522	0.043	79.0	164.75254917144775
44	-1119.3711	271.1528	-750.6261	-1592.0854	200.0	-187.67094	0.0014574622	-187.66524	-187.67204	180000	9.536744e-10	43232.766	-0.0042043296	-860.4961	0.3616728	0.0037698601	0.044	79.0	168.50616812705994
45	-995.10657	224.21068	-635.0924	-1412.5079	200.0	-191.31242	0.0017928539	-191.3057	-191.31404	184000	-4.196167e-08	27148.076	-0.0038505606	-491.89844	0.35422266	0.004983982	0.0295	79.0	172.16183304786682
46	-1254.268	288.31595	-609.24274	-1816.6855	200.0	-194.19174	0.0013533506	-194.18512	-194.1925	188000	3.9100648e-08	54766.902	-0.0053582075	-1435.3047	0.35332522	0.0043340838	0.041	79.0	175.81845498085022
47	-1116.8176	241.5391	-745.95483	-1457.5554	200.0	-198.93207	0.0015163285	-198.92627	-198.93318	192000	-5.6266785e-08	37825.168	-0.0064147776	-790.79297	0.3460807	0.0039463285	0.06275	79.0	179.56699657440186
48	-1010.6078	244.6908	-635.2107	-1370.8239	200.0	-202.64189	0.0019522766	-202.63489	-202.64355	196000	-6.2942505e-08	28473.695	-0.006164153	-431.31055	0.32193136	0.005980663	0.062	79.0	183.2856183052063
49	-1029.9946	256.6616	-628.5294	-1410.9552	200.0	-205.41005	0.0020155893	-205.40071	-205.41167	200000	-1.9073486e-08	29301.045	-0.0061533726	-421.06055	0.305323	0.0069677653	0.067	79.0	187.0420742034912
50	-1005.14514	277.26257	-645.91223	-1630.8456	200.0	-208.13351	0.0029968917	-208.11894	-208.13582	204000	-4.196167e-08	28478.314	-0.005154914	-351.5703	0.29344022	0.008902948	0.0525	79.0	190.78656244277954
51	-1025.8512	250.40813	-629.68915	-1439.3448	200.0	-210.67531	0.004519965	-210.64944	-210.67822	208000	2.3841858e-08	29587.736	-0.0069806366	-479.74414	0.32133448	0.009125608	0.0615	79.0	194.4474391937256
52	-1009.612	214.16705	-626.864	-1435.2579	200.0	-210.61588	10.882015	-94.1301	-213.29169	212000	1.3351441e-08	25975.668	-0.0060334704	-953.7285	0.31258997	0.0052751806	0.0415	79.0	198.1004354953766
53	-1123.3867	208.20496	-767.8492	-1557.3807	200.0	-209.37202	17.80938	-73.611305	-216.04694	216000	-2.4795533e-08	32776.082	-0.005603468	-1305.1426	0.3218232	0.0035596383	0.05875	79.0	201.8980004787445
54	-951.2832	275.39847	-629.77423	-1543.9381	200.0	-171.47992	47.444492	-44.54449	-219.90628	220000	-2.861023e-09	23673.137	-0.005072272	-2270.4766	0.29699963	0.006212991	0.0625	79.0	205.53965401649475
55	-1009.4982	274.1677	-643.0336	-1534.7815	200.0	-206.32614	26.510584	-32.788513	-222.5058	224000	2.4795533e-08	25710.477	-0.00700969	-638.3125	0.2934303	0.0059368685	0.071	79.0	209.21414041519165
56	-952.96387	200.03337	-587.2778	-1301.3569	200.0	-205.72826	25.296963	-125.70282	-225.47253	228000	1.4305114e-08	19150.217	-0.0044356426	-640.55273	0.28099662	0.0020208145	0.0455	79.0	212.84199786186218
57	-959.36115	239.31139	-631.4619	-1455.7766	200.0	-195.42978	39.848816	-64.435486	-228.13681	232000	-1.4305114e-08	20466.232	-0.006759135	-848.9121	0.26874205	0.0038997144	0.0605	79.0	216.4918384552002
58	-934.7121	123.42064	-759.01825	-1185.0339	200.0	-203.27797	29.094152	-132.23825	-230.67844	236000	7.629395e-09	15283.835	-0.004404859	-394.2041	0.26966524	0.005531601	0.0495	79.0	220.16003370285034
59	-990.3545	169.87437	-761.93427	-1344.165	200.0	-208.5463	30.022608	-124.56849	-233.05374	240000	1.2397766e-08	19425.168	-0.004244525	-514.40234	0.24572325	0.0054134666	0.044	79.0	223.9743688106537
60	-965.8201	180.50182	-644.29645	-1380.0093	200.0	-203.58818	32.729797	-128.46292	-235.98987	244000	2.193451e-08	17692.307	-0.00401633	-499.0039	0.24936672	0.0024399634	0.04125	79.0	227.75582909584045
61	-1047.8219	203.70068	-649.811	-1448.2161	200.0	-217.75221	26.88205	-128.78108	-238.6358	248000	-2.002716e-08	23946.4	-0.0042694598	-522.93164	0.23632035	0.005613288	0.0345	79.0	231.56985473632812
62	-894.47394	139.17357	-634.76013	-1223.3123	200.0	-207.14165	31.66127	-130.63326	-241.93987	252000	1.1444092e-08	14541.976	-0.005204864	-530.6992	0.24874698	0.0043514357	0.038	79.0	235.22814321517944
63	-938.235	207.59323	-759.79846	-1488.5234	200.0	-208.9999	32.71118	-131.94048	-243.96269	256000	2.861023e-09	18656.266	-0.0034650033	-826.46875	0.2507968	0.002587132	0.02875	79.0	238.98789358139038
64	-972.506	231.73438	-699.47656	-1474.7239	200.0	-225.77223	24.36535	-170.76233	-246.02347	260000	-3.8146974e-09	19660.926	-0.004508377	-308.3203	0.25806856	0.0049684253	0.039	79.0	242.73416209220886
65	-950.7668	155.46855	-759.9809	-1330.3888	200.0	-226.01393	25.632286	-172.07031	-248.53806	264000	-1.0490417e-08	14994.158	-0.0037813159	-918.874	0.2556267	0.002862866	0.0285	79.0	246.3919117450714
66	-998.5798	216.39603	-630.9788	-1403.3096	200.0	-223.72025	35.856647	-123.39312	-251.04526	268000	1.6212464e-08	19032.926	-0.0040939352	-923.0449	0.26654017	0.0043935375	0.05275	79.0	250.16430258750916
67	-974.954	218.02832	-629.8192	-1367.3341	200.0	-217.06728	37.09443	-116.32861	-253.98627	272000	3.1471252e-08	18193.312	-0.0060875113	-603.50586	0.22986452	0.006744901	0.05925	79.0	253.86467146873474
68	-901.68506	148.1776	-679.1521	-1241.8717	200.0	-216.07628	34.844364	-141.97957	-256.83334	276000	-1.9073487e-09	11513.163	-0.00556472	-751.6162	0.19802476	0.007114408	0.06525	79.0	257.65329003334045
69	-940.37225	163.24893	-752.5592	-1238.7997	200.0	-217.23888	39.444622	-140.2392	-258.9853	280000	-1.525879e-08	13775.019	-0.007680796	-427.8418	0.17166449	0.010217808	0.08425	79.0	261.2836594581604
70	-920.41327	169.70055	-633.6735	-1425.0819	200.0	-203.07181	49.430218	-111.61438	-261.67752	284000	-7.629395e-09	14884.462	-0.005309573	-1075.167	0.15796924	0.0052692974	0.0525	79.0	265.1563506126404
71	-905.76843	156.50761	-649.2019	-1242.1807	200.0	-222.75594	36.942497	-154.46681	-263.93787	288000	1.6212464e-08	13376.128	-0.0061574196	-226.4414	0.14227931	0.0060448973	0.05275	79.0	268.84279704093933
72	-1057.3533	225.17264	-528.95844	-1406.2557	200.0	-241.73166	31.610622	-171.0019	-265.8699	292000	4.7683715e-09	21026.53	-0.006278005	-1060.3184	0.13603301	0.0037955518	0.055	79.0	272.5858998298645
73	-975.46466	190.77007	-753.7553	-1487.7604	200.0	-213.02042	48.35988	-105.84787	-269.59723	296000	1.6212464e-08	16526.047	-0.005629386	-736.92676	0.11790473	0.0054164925	0.078	79.0	276.2381737232208
74	-1014.3965	199.40254	-635.2772	-1426.6681	200.0	-232.53835	39.43778	-158.34778	-272.59857	300000	2.861023e-09	17379.348	-0.0045843483	-501.66992	0.08130445	0.0028976698	0.04	79.0	279.90465211868286
75	-983.3551	201.23375	-743.6811	-1392.1497	200.0	-231.87282	39.392296	-157.38046	-275.8828	304000	1.9073486e-08	15817.672	-0.004637267	-1008.06836	0.08266926	0.0036855054	0.05	79.0	283.69824981689453
76	-1015.5218	207.94284	-754.316	-1539.9277	200.0	-224.16106	51.22641	-98.73324	-278.92276	308000	-9.536743e-09	18280.672	-0.0072542443	-1293.8008	0.06780518	0.008515878	0.04975	79.0	287.5208294391632
77	-1051.9824	221.07423	-777.3045	-1663.9441	200.0	-246.68723	36.964092	-170.20546	-281.99652	312000	-1.9073487e-09	18964.322	-0.0052412106	-491.60352	0.081729546	0.0032298146	0.04	79.0	291.22323989868164
78	-964.8989	151.20976	-764.2078	-1445.168	200.0	-225.4745	40.132233	-164.00476	-285.57968	316000	2.5749207e-08	13619.59	-0.005497757	-970.2549	0.06492426	0.0072924304	0.064	79.0	294.93904423713684
79	-966.71826	145.86772	-777.3334	-1348.2178	200.0	-247.40512	34.171883	-173.22081	-288.0533	320000	2.002716e-08	13061.265	-0.0048112213	-422.0205	0.04528029	0.005121156	0.04575	79.0	298.56088733673096
80	-984.14246	170.31348	-756.0118	-1501.8419	200.0	-256.8994	35.007824	-178.54181	-290.25656	324000	1.9073487e-09	14773.089	-0.0050031785	-1079.6416	0.044157464	0.0044811596	0.03325	79.0	302.2274327278137
81	-1034.5576	163.93507	-773.0066	-1334.2684	200.0	-245.1865	49.9476	-139.67989	-293.03983	328000	-1.4305114e-08	16218.208	-0.005188612	-592.334	0.043094154	0.005030562	0.03775	79.0	305.9624128341675
82	-997.30164	158.36649	-817.576	-1518.3842	200.0	-232.02707	52.771103	-153.48547	-296.61227	332000	-9.536743e-09	14780.998	-0.0035968209	-733.6582	0.035636846	0.004768985	0.035	79.0	309.6451768875122
83	-995.5797	141.79892	-877.062	-1455.0299	200.0	-245.24074	42.996475	-162.99704	-299.34604	336000	2.2888184e-08	14141.723	-0.0051372615	-413.7168	0.022931578	0.0059767496	0.06675	79.0	313.38450598716736
84	-971.0619	130.30861	-846.83	-1311.1421	200.0	-250.99303	40.221245	-171.79251	-301.85733	340000	-2.002716e-08	13703.423	-0.0060955808	-658.542	0.009763955	0.006474009	0.056	79.0	317.1263802051544
85	-1033.1451	151.00145	-859.133	-1374.8204	200.0	-249.33072	57.663418	-68.32375	-304.08185	344000	1.8119811e-08	15844.664	-0.0046816263	-1665.2627	0.0053937435	0.00386031	0.05225	79.0	320.8862316608429
86	-1000.2718	142.18736	-856.38293	-1449.5828	200.0	-240.76262	55.0457	-152.36235	-307.4355	348000	1.4305114e-08	13907.3	-0.005897705	-1907.8467	-0.01903534	0.004821864	0.0675	79.0	324.7221703529358
87	-1000.25165	156.6941	-762.57794	-1379.1614	200.0	-231.81563	69.48413	-40.577087	-310.2633	352000	1.8119811e-08	15413.666	-0.0051519335	-2215.4727	-0.035389952	0.0077751526	0.04475	79.0	328.4898409843445
88	-1000.9059	137.71266	-778.5964	-1360.4979	200.0	-259.932	45.959232	-164.04587	-312.93506	356000	-2.4795533e-08	13608.529	-0.007289902	-496.68945	-0.041533656	0.00835243	0.06875	79.0	332.1736011505127
89	-922.57556	76.03819	-755.2409	-1100.2137	200.0	-231.48312	43.611603	-167.30623	-315.49695	360000	-3.8146974e-09	10967.037	-0.00422782	-939.9658	-0.04983612	0.0014420853	0.0415	79.0	335.8714601993561
90	-969.3709	123.168045	-841.9288	-1351.3033	200.0	-264.65994	44.54435	-192.74802	-317.2534	364000	-6.6757204e-09	10628.32	-0.004778337	-369.02637	-0.055922642	0.008857793	0.05225	79.0	339.62198877334595
91	-977.4098	111.78331	-880.2507	-1288.9435	200.0	-251.52489	53.316757	-169.9416	-319.3165	368000	-2.6702882e-08	10490.732	-0.0048211734	-213.57031	-0.077598475	0.004204263	0.03675	79.0	343.342901468277
92	-955.4255	110.49276	-797.6624	-1359.1099	200.0	-249.37697	48.83312	-174.32614	-321.6105	372000	-1.1444092e-08	11049.153	-0.0071774167	-348.54785	-0.078837425	0.007120932	0.0785	79.0	347.11461758613586
93	-1034.659	159.28288	-874.7855	-1361.8414	200.0	-274.41678	49.581036	-182.14444	-323.58762	376000	2.7656554e-08	14174.761	-0.006068399	-834.4043	-0.10834413	0.0018714841	0.04575	79.0	350.853107213974
94	-960.1305	122.89037	-824.0193	-1338.4027	200.0	-250.52925	54.447186	-127.06002	-326.76694	380000	4.7683715e-09	11046.74	-0.0057109026	-755.99414	-0.11960976	0.005954266	0.05525	79.0	354.6501479148865
95	-981.27795	83.83501	-878.25995	-1138.548	200.0	-254.32916	53.41985	-153.59561	-328.75198	384000	-9.536743e-09	11323.287	-0.003465556	-392.8828	-0.14345424	0.004461333	0.0355	79.0	358.33114790916443
96	-1013.45996	148.05418	-871.39954	-1361.3066	200.0	-269.16498	52.320656	-187.81602	-330.98602	388000	-4.7683715e-09	12949.82	-0.0050895824	-384.44434	-0.12921312	0.008778293	0.054	79.0	362.04862570762634
97	-921.4966	104.647545	-758.15436	-1156.1487	200.0	-256.18973	53.03215	-180.76717	-333.9862	392000	-2.6702882e-08	8936.846	-0.005376683	-324.48438	-0.13143626	0.0016089707	0.05275	79.0	365.7012939453125
98	-1006.23114	121.50109	-883.07196	-1281.7782	200.0	-259.26306	62.184452	-170.58842	-335.69125	396000	6.6757204e-09	11224.109	-0.0042380225	-307.65918	-0.15237157	0.005584423	0.03	79.0	369.3398733139038
99	-1031.2688	126.39012	-879.06525	-1442.269	200.0	-268.609	59.77228	-170.54149	-338.206	400000	4.7683715e-09	10428.628	-0.00477332	-589.1582	-0.15184766	0.0071215522	0.05125	79.0	373.10916662216187
100	-967.38684	116.209274	-761.7284	-1225.8652	200.0	-233.79022	67.83518	-131.94887	-341.62753	404000	-1.9073487e-09	10974.157	-0.00571418	-1202.956	-0.16487621	0.005806776	0.045	79.0	376.8658411502838
101	-1065.7126	165.86035	-876.8939	-1399.4647	200.0	-281.0511	61.128468	-142.32494	-344.02985	408000	1.3351441e-08	14151.454	-0.003944051	-848.23926	-0.17266722	0.0023896715	0.032	79.0	380.63772082328796
102	-1004.76886	118.15777	-878.69904	-1336.7958	200.0	-240.04903	71.83073	-103.18544	-348.04282	412000	-2.861023e-09	13209.473	-0.0045166775	-2606.747	-0.17336462	0.005800085	0.035	79.0	384.39634919166565
103	-951.1589	101.40305	-769.0211	-1231.5303	200.0	-257.9881	57.474102	-171.1235	-350.85773	416000	-9.536744e-10	10224.88	-0.0049589463	-571.0371	-0.18049815	0.0044678445	0.0395	79.0	388.16486978530884
104	-1001.6429	175.64954	-878.06055	-1683.9346	200.0	-267.4659	60.983	-183.85889	-352.7216	420000	-2.2888184e-08	10718.021	-0.0050353575	-461.2627	-0.1900171	0.0045643826	0.04675	79.0	391.8016240596771
105	-976.5211	112.98981	-855.94275	-1217.3168	200.0	-261.6364	68.01524	-164.73831	-355.3077	424000	1.0490417e-08	10184.543	-0.0072056055	-473.59766	-0.20950072	0.008287538	0.08625	79.0	395.493332862854
106	-983.32043	127.3909	-860.4224	-1333.1696	200.0	-257.66364	66.12043	-151.18747	-357.298	428000	-1.525879e-08	9895.577	-0.0051606065	-437.70312	-0.24303246	0.0042124703	0.0495	79.0	399.13596296310425
107	-1007.5495	215.24059	-880.64764	-1776.9281	200.0	-261.6298	66.427315	-160.73047	-359.7098	432000	2.3841858e-08	13439.211	-0.004900442	-505.37012	-0.24986461	0.00038072176	0.03875	79.0	402.7551929950714
108	-1037.5691	160.53441	-880.1382	-1481.3588	200.0	-285.35007	66.75613	-127.56405	-363.12906	436000	2.002716e-08	12186.5	-0.005018115	-837.08594	-0.25213256	0.0072754673	0.048	79.0	406.4350554943085
109	-973.35986	117.11868	-769.82495	-1251.4343	200.0	-258.17163	65.965866	-164.20795	-366.04425	440000	-3.8146974e-09	10613.765	-0.0062684785	-249.06934	-0.2706931	0.0036332645	0.05525	79.0	410.1977961063385
110	-1007.9178	134.64314	-880.56445	-1401.0383	200.0	-268.78418	66.73077	-186.85774	-368.13766	444000	-5.722046e-09	11203.558	-0.00412085	-413.9619	-0.27487606	0.0040499447	0.0485	79.0	413.8833005428314
111	-993.9468	129.86392	-870.22595	-1310.1238	200.0	-257.33832	64.30743	-155.73688	-370.72098	448000	2.5749207e-08	11413.053	0.009522382	-619.5039	-0.2974446	0.022938889	0.27225	6.0	417.1504557132721
112	-1003.68994	167.60663	-833.0602	-1337.3809	200.0	-276.8833	58.28166	-191.78665	-373.10553	452000	1.0490417e-08	11152.803	-0.0069167926	-363.48535	-0.29797208	0.006984444	0.05625	79.0	420.9303843975067
113	-1013.28577	156.40884	-852.1296	-1377.9138	200.0	-276.85626	62.447666	-190.73524	-375.75717	456000	-1.9073487e-09	10789.035	-0.0052574347	-375.44727	-0.303455	0.004710686	0.0595	79.0	424.59442806243896
114	-1015.3792	175.10716	-827.46045	-1469.9059	200.0	-265.30457	68.45819	-172.31749	-378.71585	460000	2.861023e-09	10972.434	-0.005338298	-462.49512	-0.32894126	0.007404116	0.05725	79.0	428.25113916397095
115	-966.56036	92.660416	-858.8949	-1136.0327	200.0	-267.4755	67.80652	-166.76408	-381.9426	464000	-5.722046e-09	9440.806	-0.005246053	-862.7119	-0.33066288	0.006376401	0.0655	79.0	432.0879137516022
116	-960.7328	152.47101	-804.5341	-1422.777	200.0	-247.34064	69.99475	-165.95988	-384.14258	468000	5.722046e-09	11832.216	-0.004271468	-769.73926	-0.36383715	0.0028632486	0.05125	79.0	435.7542471885681
117	-986.12616	135.5067	-828.9229	-1379.4631	200.0	-261.60098	62.470016	-162.37485	-386.05573	472000	2.4795533e-08	10824.954	-0.006880302	-510.86035	-0.36516675	0.0077180658	0.077	79.0	439.49829936027527
118	-942.16815	70.85727	-883.39667	-1120.734	200.0	-251.43341	59.455673	-176.88448	-388.68643	476000	-6.6757204e-09	10541.898	-0.006046243	-878.53906	-0.37570536	0.006773294	0.06125	79.0	443.2566514015198
119	-1025.2976	181.94266	-857.17645	-1417.4182	200.0	-283.6565	73.18487	-185.77113	-390.8445	480000	-1.525879e-08	13518.678	-0.0053725312	-1035.9941	-0.39072776	0.005894829	0.053	79.0	446.9505572319031
120	-969.3778	132.70032	-856.8111	-1297.9166	200.0	-264.9106	60.555275	-180.34279	-393.4224	484000	-4.7683715e-09	9583.746	-0.0070705223	-469.75488	-0.3902371	0.0037591755	0.06225	79.0	450.72886967658997
121	-955.9414	136.35196	-883.9151	-1491.1245	200.0	-242.58391	64.65386	-173.0668	-395.92096	488000	-3.8146974e-09	11632.7	-0.005522924	-1300.8076	-0.38918406	0.006898377	0.065	79.0	454.4458930492401
122	-1022.2438	189.13484	-864.1955	-1482.1558	200.0	-293.56863	69.4542	-195.0621	-397.84412	492000	3.8146974e-09	11040.132	-0.0066919927	-1119.79	-0.39260456	0.0070418715	0.0495	79.0	458.18207836151123
123	-1075.0023	187.6414	-866.7647	-1558.895	200.0	-289.54303	78.444496	-160.60951	-401.01498	496000	1.525879e-08	11154.524	-0.004179513	-467.75195	-0.39368054	0.0026438273	0.038	79.0	461.9016020298004
124	-1015.1821	184.61995	-763.6378	-1436.7968	200.0	-255.6283	82.14129	-160.39156	-405.20123	500000	1.2397766e-08	11028.1	-0.0068723415	-527.65137	-0.41094112	0.009495843	0.08625	79.0	465.60130882263184
125	-1052.7551	220.76776	-889.93555	-1699.8276	200.0	-271.73602	83.9049	-142.788	-409.15863	504000	-1.8119811e-08	13549.875	-0.0060145766	-788.3506	-0.42470062	0.0062574116	0.061	79.0	469.2765941619873
126	-1056.6924	175.79933	-878.84344	-1456.433	200.0	-285.9145	75.11251	-139.4798	-412.9746	508000	-7.629395e-09	13373.991	0.011136448	-1750.5137	-0.45262426	0.0200462	0.344	10.0	472.44211196899414
127	-970.81036	144.6558	-811.53436	-1361.4696	200.0	-260.644	66.27056	-163.99539	-416.04297	512000	-9.536744e-10	9844.906	0.010975379	-859.9346	-0.45306784	0.02425895	0.26825	1.0	475.6293776035309
128	-909.826	106.28554	-757.15295	-1287.8186	200.0	-274.8763	61.240627	-178.95097	-418.48404	516000	6.6757204e-09	8327.481	-0.0057485867	-1265.5181	-0.4530955	0.0060959496	0.0715	79.0	479.30903720855713
129	-1073.0756	214.21991	-830.1403	-1579.2606	200.0	-289.2845	98.29178	-126.17026	-419.5703	520000	-1.3351441e-08	12779.385	-0.0064760363	-1932.8164	-0.45795798	0.0024058756	0.05725	79.0	483.0991861820221
130	-979.1714	205.20297	-768.93445	-1508.6003	200.0	-261.68417	79.17574	-106.99676	-422.7494	524000	-5.722046e-09	10346.355	-0.005123256	-558.59863	-0.4817095	0.003846705	0.03775	79.0	486.82363629341125
131	-941.9632	120.86418	-768.4609	-1284.7543	200.0	-255.01141	67.14858	-146.21295	-426.11673	528000	1.525879e-08	8728.088	-0.00533158	-655.4077	-0.48421073	0.003648954	0.06675	79.0	490.49723076820374
132	-967.60266	169.78365	-749.9804	-1409.6537	200.0	-272.40894	81.58956	-151.69855	-428.04803	532000	1.6212464e-08	9108.707	-0.0043441225	-733.4912	-0.51477444	0.0046171	0.06	79.0	494.1838490962982
133	-925.2467	177.7459	-745.29254	-1434.0927	200.0	-240.15834	87.40848	-109.624054	-429.8765	536000	-2.002716e-08	9088.864	-0.0042935046	-729.50977	-0.5215071	0.00889838	0.05375	79.0	497.85126185417175
134	-1010.0619	288.9516	-658.3819	-1854.6177	200.0	-269.01117	85.909225	-154.38275	-431.84824	540000	3.8146974e-09	12673.041	-0.0052422057	-452.2129	-0.5148325	0.008983897	0.06725	79.0	501.49575209617615
135	-1007.1007	197.17772	-759.43256	-1514.0566	200.0	-283.12088	95.060814	-147.37518	-435.80905	544000	7.629395e-09	10047.681	-0.0061789006	-688.4297	-0.5407181	0.0031784358	0.04325	79.0	505.2765083312988
136	-968.53094	182.908	-736.28235	-1400.173	200.0	-257.15933	84.009254	-118.07689	-438.1364	548000	7.629395e-09	9664.174	-0.004881024	-514.87695	-0.53653365	0.0032215375	0.04975	79.0	508.98801493644714
137	-1091.6171	317.77094	-752.9726	-1815.928	200.0	-295.86514	104.45047	-146.22893	-441.33847	552000	1.525879e-08	14845.764	-0.0050907577	-1452.4893	-0.5362778	0.005013136	0.06275	79.0	512.8018596172333
138	-1004.03046	219.06577	-753.0752	-1502.1636	200.0	-255.42957	89.263084	-97.24216	-446.68213	556000	2.4795533e-08	10195.227	-0.0048985444	-701.12305	-0.5607756	0.004234808	0.12575	79.0	516.4936473369598
139	-1056.2861	322.59625	-760.0967	-1869.3158	200.0	-269.15146	95.91492	-140.72336	-451.12848	560000	-1.525879e-08	16024.437	-0.0045456807	-1451.4023	-0.59626836	0.0074168593	0.056	79.0	520.2415173053741
140	-944.9549	140.88193	-627.2299	-1244.4341	200.0	-264.80518	67.77415	-146.1918	-451.79346	564000	-1.3351441e-08	8532.775	0.0044525857	-1047.1079	-0.6152237	0.017672596	0.2195	6.0	523.4444897174835
141	-979.30066	186.47044	-768.06305	-1700.4977	200.0	-253.68158	90.21572	-141.5639	-458.871	568000	-2.4795533e-08	10143.727	-0.0028752547	-750.2998	-0.6153406	0.0009874717	0.02025	79.0	527.0919353961945
142	-1016.9149	200.42664	-769.4685	-1543.0504	200.0	-289.01102	95.89658	-162.80963	-460.19125	572000	-2.002716e-08	12360.157	-0.006153292	-1074.4287	-0.61360186	0.005051006	0.05875	79.0	530.7742702960968
143	-954.74524	197.97763	-752.2658	-1559.0676	200.0	-264.0638	70.6388	-162.56926	-460.77753	576000	3.33786e-08	10136.089	-0.004030487	-130.46875	-0.6078339	0.0054830704	0.04125	79.0	534.3756799697876
144	-1036.8239	199.51765	-779.59875	-1526.3716	200.0	-284.58868	80.69144	-168.60062	-463.3609	580000	4.7683715e-09	10360.659	-0.006318011	-206.93848	-0.59720343	0.0067984783	0.06975	79.0	537.9938688278198
145	-945.39746	102.9875	-756.8159	-1200.4819	200.0	-254.549	61.77177	-176.14359	-466.6982	584000	9.536744e-10	8327.162	-0.0058747367	-838.7461	-0.60876215	0.007578086	0.0655	79.0	541.7139027118683
146	-979.9713	227.95842	-761.19305	-1914.2225	200.0	-261.60544	85.548294	-172.96135	-469.5226	588000	1.9073487e-09	11982.524	-0.004696448	-761.58203	-0.61327106	0.0045710728	0.05925	79.0	545.4411447048187
147	-945.9671	121.66895	-757.4259	-1278.4341	200.0	-282.89133	80.742935	-179.5114	-472.1491	592000	-1.0967255e-08	8775.76	-0.0055433237	-528.41895	-0.6274721	0.002595026	0.058	79.0	549.2142136096954
148	-976.73	92.109856	-850.3194	-1153.6125	200.0	-266.291	81.69561	-171.60379	-471.80652	596000	-1.6212464e-08	8394.577	-0.0052016247	-362.7202	-0.64780706	0.0035586138	0.0465	79.0	552.9114439487457
149	-919.783	74.12292	-776.6764	-1067.5098	200.0	-254.38966	68.90114	-162.2484	-472.6605	600000	5.722046e-09	9157.056	0.0077729938	-475.04492	-0.681289	0.017353468	0.24825	30.0	556.1939382553101
150	-990.75525	86.283775	-881.371	-1149.1677	200.0	-277.64566	89.14694	-158.80116	-473.0078	604000	-6.6757204e-09	7638.9097	0.005740214	-460.89355	-0.6898803	0.015690105	0.19525	3.0	559.381903886795
151	-992.16473	104.23535	-870.8171	-1223.1376	200.0	-285.5728	82.684616	-171.46931	-473.28745	608000	-6.6757204e-09	7891.154	-0.0054210997	-337.69873	-0.69025356	0.00571503	0.07025	79.0	563.0275633335114
152	-1125.173	349.95566	-766.32855	-1928.3877	200.0	-303.54706	111.47487	-157.92647	-473.84814	612000	-6.6757204e-09	16702.639	-0.0036079378	-456.9043	-0.7120215	0.004074724	0.051	79.0	566.6731770038605
153	-1033.2107	183.46436	-835.4806	-1617.9506	200.0	-293.33615	89.55528	-162.70569	-479.29956	616000	3.8146974e-09	10018.534	-0.005909168	-392.583	-0.7285939	0.0046339165	0.0565	79.0	570.340948343277
154	-1057.0265	224.60915	-763.0097	-1739.2062	200.0	-289.54044	96.12663	-165.57529	-481.8461	620000	3.242493e-08	12863.051	-0.005682559	-565.3164	-0.73068947	0.0043208944	0.05525	79.0	574.0108075141907
155	-1046.7053	230.7129	-864.39856	-1890.5206	200.0	-281.53268	93.02939	-162.32071	-484.30716	624000	-3.8146974e-09	12781.388	-0.0062122704	-740.85547	-0.7301859	0.0035873738	0.0515	79.0	577.671715259552
156	-1041.7407	146.28484	-868.82733	-1464.4812	200.0	-287.54132	94.9645	-144.10544	-492.31	628000	3.8146974e-09	9999.13	0.006761891	-1035.6143	-0.7482676	0.026590893	0.297	6.0	580.814483165741
157	-1116.4727	257.37213	-885.23224	-1777.1528	200.0	-294.80087	113.496414	-139.58836	-494.64035	632000	-1.9073487e-09	14442.582	0.0058637	-1864.3145	-0.7478463	0.015138483	0.2185	1.0	583.9451427459717
158	-1018.8251	103.44602	-865.2975	-1279.7697	200.0	-265.08826	66.677986	-188.048	-492.81015	636000	-1.1444092e-08	9716.479	0.009709227	-1195.206	-0.7477473	0.022889381	0.22675	3.0	587.0865278244019
159	-992.0407	120.39879	-890.2475	-1427.8094	200.0	-279.04587	84.111084	-181.43367	-501.79306	640000	-9.536743e-09	9922.962	0.0002011156	-208.38184	-0.7476119	0.015782708	0.13875	17.0	590.4167790412903
160	-1001.8582	92.93243	-886.0261	-1156.5929	200.0	-283.91165	76.0292	-193.34917	-502.13596	644000	1.7166137e-08	9611.955	0.0051091183	-408.33008	-0.7483041	0.015785	0.22975	21.0	593.699295759201
161	-1023.26184	234.55984	-858.29596	-1891.6068	200.0	-281.3366	93.57747	-171.64996	-503.10052	648000	1.1444092e-08	11212.941	-0.0047156517	-442.3955	-0.7541601	0.0025288537	0.04425	79.0	597.4676883220673
162	-993.87756	224.91681	-876.13525	-1877.9995	200.0	-275.32043	85.96068	-171.05067	-505.4583	652000	-8.5830685e-09	12049.644	-0.005645538	-510.5957	-0.76087	0.004496031	0.04725	79.0	601.1610035896301
163	-955.6821	98.66243	-868.7649	-1305.7963	200.0	-272.56528	72.68154	-170.08138	-507.22675	656000	-7.629395e-09	9075.997	-0.005263251	-495.2412	-0.77032465	0.0059237694	0.0515	79.0	604.808351278305
164	-1036.7351	195.28023	-816.92474	-1678.7288	200.0	-306.40906	98.42967	-182.47792	-508.1076	660000	1.9073487e-09	12314.924	-0.0075999335	-1291.1514	-0.76919574	0.0064417846	0.07975	79.0	608.5227084159851
165	-966.338	92.73331	-836.39636	-1133.0507	200.0	-251.6955	70.12541	-163.84323	-478.46167	664000	-3.6239623e-08	9337.248	-0.005971017	-1403.873	-0.7808782	0.007427549	0.059	79.0	612.2603993415833
166	-944.8495	90.44013	-865.06995	-1157.4663	200.0	-273.04987	78.071106	-172.00404	-510.17056	668000	-1.7166137e-08	9007.522	-0.0039199633	-357.0752	-0.7926655	0.004336469	0.038	79.0	616.0488877296448
167	-982.03235	160.00388	-875.3745	-1534.1254	200.0	-274.79672	84.2037	-187.03558	-509.83005	672000	-6.6757204e-09	10247.782	-0.0047040996	-956.50684	-0.79389006	0.0026870698	0.0435	79.0	619.7943603992462
168	-984.12	111.73107	-880.48395	-1276.8376	200.0	-276.70563	75.11971	-170.5504	-510.3962	676000	-2.2888184e-08	9188.963	0.0032480573	-379.75098	-0.8246825	0.015868505	0.2175	21.0	623.1172254085541
169	-1003.3452	112.36902	-882.77484	-1395.085	200.0	-283.9521	84.00782	-176.98099	-511.85904	680000	-1.9073487e-09	8764.903	-0.0042243446	-289.77246	-0.8305683	0.004979962	0.05325	79.0	626.8448405265808
170	-1043.0974	114.69662	-894.62695	-1344.6819	200.0	-292.26624	96.52625	-158.12474	-512.5427	684000	-9.536744e-10	10626.576	-0.0043807267	-503.2422	-0.8452154	0.005420765	0.083	79.0	630.6111507415771
171	-1054.5568	187.47026	-897.7292	-1702.9277	200.0	-289.82407	91.06538	-180.85638	-511.85693	688000	6.6757204e-09	12868.321	-0.0044174343	-482.40527	-0.86674553	0.004571509	0.0895	79.0	634.3361299037933
172	-992.3524	174.51743	-782.39777	-1690.2578	200.0	-270.29282	67.50889	-197.37856	-514.8109	692000	6.6757204e-09	10937.022	-0.005906907	-813.81836	-0.8674774	0.0037489466	0.065	79.0	638.085351228714
173	-1077.9624	215.67201	-901.638	-1759.683	200.0	-298.4613	90.63862	-187.76964	-520.0058	696000	1.9073486e-08	12842.7	-0.004995614	-432.56055	-0.8880674	0.005812334	0.04225	79.0	641.7920734882355
174	-1018.7223	152.87071	-889.64307	-1375.1371	200.0	-286.14178	73.062294	-208.4394	-521.7992	700000	6.6757204e-09	10521.949	-0.0034542365	-340.67773	-0.8915941	0.0036491423	0.042	79.0	645.5068442821503
175	-1007.6051	104.00918	-883.78955	-1289.2767	200.0	-283.99976	73.91649	-193.46504	-526.19415	704000	1.7166137e-08	10396.293	0.002560662	-499.29297	-0.9031011	0.017429046	0.203	36.0	648.9328811168671
176	-1051.0507	154.51047	-877.26886	-1585.038	200.0	-294.23367	95.62252	-186.25446	-527.50037	708000	-2.002716e-08	10934.828	0.0046464643	-422.16504	-0.9075411	0.017793654	0.21775	5.0	652.1483359336853
177	-1053.7538	142.30733	-927.1455	-1615.4657	200.0	-289.53583	73.52638	-185.95328	-528.0813	712000	-1.0490417e-08	10420.82	0.012406877	-826.5957	-0.9077071	0.01896465	0.24525	3.0	655.2559108734131
178	-997.77325	91.74529	-898.52985	-1292.4008	200.0	-292.7443	76.45412	-181.60272	-533.08295	716000	2.7656554e-08	10403.98	0.003641898	-972.7031	-0.9079132	0.0166718	0.2355	47.0	658.6563410758972
179	-1060.1968	202.98405	-917.0632	-1889.6929	200.0	-290.88226	92.215385	-194.03812	-534.97186	720000	1.4305114e-08	13157.315	-0.006332758	-577.3574	-0.9013808	0.0010082019	0.06125	79.0	662.2048115730286
180	-1060.4792	165.5034	-896.53503	-1543.183	200.0	-305.4436	86.01919	-188.5995	-536.1223	724000	-8.5830685e-09	12011.898	-0.0044534784	-499.84277	-0.9135377	0.0067142756	0.04875	79.0	665.8287155628204
181	-1037.3999	87.5374	-898.4293	-1266.656	200.0	-297.91083	67.44575	-213.19633	-535.18	728000	4.7683715e-09	11247.7	0.0119553385	-448.24414	-0.933401	0.022432698	0.31625	6.0	668.9770245552063
182	-1104.2751	125.4077	-953.19934	-1480.8461	200.0	-309.7593	90.72952	-211.62755	-537.4344	732000	-2.4795533e-08	11476.845	-0.0062661483	-445.22363	-0.9347154	0.0072798	0.07875	79.0	672.5865936279297
183	-1059.0692	82.21125	-1001.24963	-1287.5736	200.0	-289.26587	71.969864	-208.8689	-538.43475	736000	-2.8610229e-08	10494.296	0.0030086173	-468.87402	-0.9442198	0.016689349	0.232	18.0	675.6812808513641
184	-1018.03674	60.989784	-924.8132	-1171.5592	200.0	-286.80167	70.43695	-194.68993	-538.9201	740000	1.7166137e-08	10414.473	-0.004357014	-1311.0566	-0.9507521	0.0048687262	0.063	79.0	679.2482542991638
185	-1007.0257	67.293755	-871.0678	-1178.6472	200.0	-287.9236	68.06403	-181.75812	-540.5411	744000	-2.8610229e-08	9664.579	-0.0041842167	-439.99316	-0.9705123	0.0074310536	0.05725	79.0	682.7286841869354
186	-1053.7178	124.095116	-899.4915	-1343.3269	200.0	-326.39154	92.464455	-214.09389	-542.98425	748000	1.4305114e-08	10790.614	-0.005946628	-1389.2129	-0.9712524	0.0070103584	0.0795	79.0	686.290568113327
187	-1024.6567	91.029	-762.4989	-1152.121	200.0	-272.68567	84.194824	-167.43002	-539.2621	752000	9.536743e-09	9933.639	-0.0042857933	-778.0371	-1.0148834	0.004397291	0.0545	79.0	689.7318093776703
188	-1107.1321	229.10844	-923.1219	-1882.5552	200.0	-320.99887	105.27215	-193.5563	-541.2878	756000	-2.861023e-09	12554.314	-0.0057273707	-647.8711	-1.019186	0.00478776	0.05825	79.0	693.2745337486267
189	-958.24646	53.94405	-868.4417	-1022.28796	200.0	-235.40569	62.322296	-137.59428	-425.1772	760000	2.5272369e-08	12626.041	-0.0032975578	-2698.334	-1.0449374	0.0028671497	0.031	79.0	696.8192212581635
190	-1014.95605	60.625214	-930.144	-1138.939	200.0	-304.04077	77.623856	-207.04633	-544.03	764000	-1.9073487e-09	8977.873	0.010155571	-800.31006	-1.0444872	0.023893932	0.289	8.0	699.9126541614532
191	-1063.1469	168.58871	-897.504	-1586.8708	200.0	-315.30844	100.254295	-197.97626	-544.3064	768000	1.1444092e-08	11309.209	0.02957687	-969.9209	-1.0450131	0.038063686	0.396	1.0	702.9796240329742
192	-1122.9271	290.90027	-896.84985	-1891.3864	200.0	-325.97287	106.66929	-195.03555	-542.0212	772000	1.9073486e-08	14372.704	0.013803159	-782.8877	-1.0451032	0.018921878	0.27525	1.0	705.9904079437256
193	-988.1512	141.10464	-881.36145	-1495.6819	200.0	-286.57437	68.9589	-188.4227	-538.3138	776000	1.9073486e-08	9509.51	0.016404927	-1035.4395	-1.0451964	0.023958934	0.2925	1.0	709.020126581192
194	-991.7582	152.65443	-772.64557	-1559.8385	200.0	-247.89	102.7273	-115.05316	-547.654	780000	-1.7166137e-08	9273.563	0.0071167	-1430.8848	-1.0452726	0.0190834	0.23575	23.0	712.1694395542145
195	-947.6704	69.1517	-831.64777	-1144.9565	200.0	-263.15707	72.3564	-157.75641	-523.9972	784000	9.536744e-10	8324.68	0.0011542845	-372.9331	-1.0505201	0.016594842	0.17525	4.0	715.2400708198547
196	-996.7798	153.05693	-878.3142	-1473.4647	200.0	-275.7482	94.214294	-154.56126	-551.48303	788000	0.0	10186.724	0.011535579	-1192.7607	-1.0515064	0.021465367	0.29825	1.0	718.2902467250824
197	-1067.9519	244.17577	-892.12085	-1850.806	200.0	-302.33176	104.288315	-162.27359	-551.646	792000	1.7166137e-08	11493.978	0.013333501	-829.3906	-1.0517812	0.022856042	0.304	1.0	721.2303998470306
198	-1016.2243	107.4473	-811.05835	-1310.3159	200.0	-272.53073	79.902916	-165.52129	-528.853	796000	-2.193451e-08	9409.79	0.017882105	-585.88477	-1.0520265	0.022524847	0.339	1.0	724.1083498001099
199	-994.38477	71.2802	-898.9514	-1139.8254	200.0	-276.87457	76.63719	-187.24342	-557.1403	800000	2.6226044e-08	11105.6	0.008208559	-385.01172	-1.0522059	0.018717244	0.2505	3.0	726.971780538559
