Epoch	AverageEpRet	StdEpRet	MaxEpRet	MinEpRet	EpLen	AverageVVals	StdVVals	MaxVVals	MinVVals	TotalEnvInteracts	LossPi	LossV	DeltaLossPi	DeltaLossV	Entropy	KL	ClipFrac	StopIter	Time
0	23.945122	13.22749	93.0	8.0	23.945122	-0.07789379	0.06982543	0.16723837	-0.27697653	4000	-1.3422967e-07	328.6437	-0.016826384	-169.2424	0.6913026	0.0066030696	0.07675	79.0	3.384425163269043
1	28.4	15.693402	99.0	9.0	28.4	7.9220095	0.15485106	8.179795	6.9544916	8000	1.835823e-08	211.41768	-0.015338613	-66.775345	0.6819311	0.0064384327	0.0555	79.0	6.730596303939819
2	38.32039	23.713179	134.0	11.0	38.32039	13.102026	1.7920732	13.902716	-7.991953	12000	-6.6757204e-09	312.93924	-0.016681489	-69.625824	0.66572565	0.0070655583	0.0625	79.0	10.10637879371643
3	54.47222	31.538324	135.0	10.0	54.47222	18.57978	1.5085434	19.1453	-6.529659	16000	-1.990795e-08	416.59506	-0.013775412	-86.4816	0.6464365	0.015029445	0.1135	16.0	12.827356338500977
4	111.82353	51.94707	211.0	15.0	111.82353	24.495539	1.3467968	24.960304	1.8771093	20000	-4.1246413e-08	981.0082	-0.01050678	-325.0113	0.6304071	0.0036903964	0.03475	79.0	16.052210807800293
5	127.645164	66.4115	277.0	23.0	127.645164	32.9476	5.2830224	34.36558	-22.019905	24000	2.193451e-08	808.76984	-0.011013958	-171.93494	0.6088738	0.007348195	0.04475	79.0	19.983864068984985
6	248.9375	96.868126	500.0	142.0	248.9375	39.77675	4.83054	40.97207	-0.78972614	28000	9.775162e-09	1243.0035	-0.008572344	-364.31665	0.6061079	0.004533684	0.0325	79.0	23.275851726531982
7	200.0	106.37716	405.0	17.0	200.0	49.155533	3.1372316	49.679325	17.1681	32000	-1.1920929e-09	886.5448	-0.006323424	-112.71106	0.5966347	0.0033003583	0.0215	79.0	26.65459680557251
8	305.83334	96.470055	460.0	165.0	305.83334	50.16413	11.734399	54.55527	-10.835802	36000	2.8729438e-08	944.972	-0.0078547755	-328.53345	0.5925928	0.0076152845	0.082	79.0	30.28427743911743
9	442.1111	95.484085	500.0	203.0	442.1111	59.97833	3.677996	61.01829	34.66066	40000	2.2530555e-08	878.50226	-0.0038869164	-247.232	0.58205557	0.004946013	0.0465	79.0	33.73264455795288
10	489.625	27.44967	500.0	417.0	489.625	66.07678	5.9083185	67.36475	27.484682	44000	3.004074e-08	737.78284	-0.0019599732	-115.47595	0.5751176	0.0055376645	0.03825	79.0	37.03379225730896
11	500.0	0.0	500.0	500.0	500.0	71.77563	0.030517386	71.788994	71.51097	48000	1.3113022e-08	657.6139	-0.0026120911	-58.917664	0.5719384	0.004808622	0.0355	79.0	40.36204481124878
12	498.0	3.5	500.0	491.0	498.0	74.93188	2.582584	75.24345	42.773094	52000	-5.722046e-09	596.7129	-0.0034147261	-33.574097	0.579299	0.005781597	0.03725	79.0	43.67866611480713
13	411.77777	134.50963	500.0	136.0	411.77777	77.223	1.0478601	77.34052	60.349228	56000	-4.2915342e-09	637.4392	-0.004070196	-4.7214966	0.57745993	0.0027427368	0.01575	79.0	46.984153032302856
14	500.0	0.0	500.0	500.0	500.0	77.69089	0.896405	77.79426	56.2862	60000	-1.6689301e-09	574.4536	-0.0018664788	-13.4453125	0.5727032	0.008892295	0.0335	79.0	50.18828058242798
15	493.625	16.866665	500.0	449.0	493.625	79.15425	1.3015535	79.38246	61.95985	64000	-6.198883e-09	576.6366	-0.0027354395	-50.29663	0.57183564	0.0051642866	0.02175	79.0	53.50221562385559
16	500.0	0.0	500.0	500.0	500.0	80.43123	0.0591826	80.45007	79.45226	68000	3.0994416e-09	556.52765	-0.0017508614	-27.203674	0.572779	0.0047319573	0.0315	79.0	56.87143397331238
17	396.4	83.87872	500.0	257.0	396.4	68.51606	21.002192	81.31789	25.43256	72000	2.5391579e-08	342.92334	-0.0041032317	-111.4718	0.5751767	0.006418125	0.04825	79.0	60.17730236053467
18	500.0	0.0	500.0	500.0	500.0	81.31562	7.457132	83.051765	19.174957	76000	0.0	448.73248	-0.0020103694	-23.049896	0.5608352	0.006535407	0.035	79.0	63.51626753807068
19	484.125	42.0013	500.0	373.0	484.125	78.910034	14.770688	84.24522	10.903984	80000	-3.5762786e-09	433.75763	-0.0029605187	-115.615204	0.55959004	0.0064282645	0.04025	79.0	66.76030898094177
20	462.0	100.53855	500.0	196.0	462.0	82.75185	8.654477	86.131424	35.805614	84000	7.867813e-09	650.61426	-0.0021331504	-66.380615	0.54778147	0.0029906926	0.01225	79.0	70.0317280292511
21	500.0	0.0	500.0	500.0	500.0	79.99236	3.8281884	83.25258	38.65178	88000	-5.722046e-09	556.2366	-0.002505143	-18.082703	0.548785	0.0034318557	0.0365	79.0	73.32954335212708
22	500.0	0.0	500.0	500.0	500.0	80.76574	2.7235096	84.99007	65.366165	92000	9.536744e-10	535.58905	-0.0030773652	-15.1623535	0.54910976	0.0038046164	0.02475	79.0	76.56861066818237
23	500.0	0.0	500.0	500.0	500.0	82.890175	2.5887308	85.48749	77.20166	96000	-1.7881393e-09	549.9562	-0.0012682044	-8.332336	0.5443887	0.0007727664	0.025	79.0	79.8986086845398
24	500.0	0.0	500.0	500.0	500.0	81.53808	2.0593038	85.63445	77.43934	100000	-4.2915342e-09	534.0878	-0.0012928307	-10.405945	0.559157	0.0037922913	0.032	79.0	83.26842474937439
25	448.625	135.92548	500.0	89.0	448.625	81.1989	2.9745078	86.63504	77.900604	104000	-3.695488e-09	583.07434	-0.0019765203	-3.7158203	0.55347776	0.005306343	0.04825	79.0	86.61001586914062
26	500.0	0.0	500.0	500.0	500.0	80.55938	3.0884097	86.641464	77.55162	108000	6.6757204e-09	511.67902	-0.0037282587	-13.551056	0.56239086	0.0054496527	0.0535	79.0	89.93461227416992
27	500.0	0.0	500.0	500.0	500.0	81.227234	3.6947236	87.0057	75.01065	112000	-5.00679e-09	505.31873	-0.0017890263	-11.286163	0.5622899	0.0015117835	0.04525	79.0	93.27516198158264
28	500.0	0.0	500.0	500.0	500.0	80.20824	5.4664345	88.243546	63.385242	116000	-2.384186e-10	432.55026	-0.0023665503	-123.66107	0.54525864	0.0012016942	0.01225	79.0	96.61792325973511
29	500.0	0.0	500.0	500.0	500.0	77.45435	16.170424	90.681175	32.010395	120000	-5.6028364e-09	354.80212	-0.0017185546	-53.189545	0.5482778	0.0036557247	0.04025	79.0	99.91008472442627
30	498.375	4.299346	500.0	487.0	498.375	71.49056	19.60231	92.949776	31.847706	124000	-2.861023e-09	425.06912	-0.0017508375	-98.63129	0.55887574	0.0041663568	0.01425	79.0	103.19513750076294
31	387.8	78.560555	500.0	228.0	387.8	79.34572	15.325922	94.732	54.23137	128000	8.3446505e-10	281.96274	-0.004117665	-121.75357	0.5657798	0.004569701	0.06625	79.0	106.5482349395752
32	457.5	65.60488	500.0	336.0	457.5	79.544014	16.860588	94.21295	37.810253	132000	-6.6757204e-09	161.3496	-0.0026033155	-30.117645	0.54852325	0.008631476	0.08375	79.0	110.55672144889832
33	500.0	0.0	500.0	500.0	500.0	93.746704	2.6657968	94.98898	76.62344	136000	-9.775162e-09	667.9608	-0.003797255	-255.53458	0.5240037	0.003635355	0.0505	79.0	114.31551146507263
34	500.0	0.0	500.0	500.0	500.0	89.40698	5.551387	95.13508	70.173065	140000	-7.1525574e-10	511.8078	-0.002624217	-107.898895	0.5113146	0.0027633833	0.038	79.0	117.61992025375366
35	500.0	0.0	500.0	500.0	500.0	88.02094	8.397001	95.99023	66.39359	144000	-2.026558e-09	463.7274	-0.0040246784	-42.245422	0.50889814	0.005750931	0.0335	79.0	120.94826531410217
36	500.0	0.0	500.0	500.0	500.0	87.41706	7.7975135	95.69273	66.55499	148000	8.3446505e-10	521.30975	-0.000856001	-50.57361	0.50501007	0.0015266646	0.006	79.0	124.30582237243652
37	500.0	0.0	500.0	500.0	500.0	86.66792	6.9025583	96.27929	68.01552	152000	-5.4836273e-09	575.35077	-0.0027702828	-48.720276	0.49851432	0.0017583201	0.041	79.0	127.58985042572021
38	500.0	0.0	500.0	500.0	500.0	80.98055	6.1434216	96.20714	68.75676	156000	2.384186e-10	502.5968	-0.0020211234	-7.5818787	0.5275629	0.0019409069	0.03475	79.0	130.89244532585144
39	500.0	0.0	500.0	500.0	500.0	80.27897	9.26361	97.11444	64.64042	160000	6.198883e-09	537.67847	-0.0023148241	-60.6131	0.5145594	0.0046734847	0.05125	79.0	134.1475703716278
40	500.0	0.0	500.0	500.0	500.0	88.68218	7.1483717	97.66789	75.83136	164000	-3.8146974e-09	473.9343	-0.0027854943	-44.207947	0.51575255	0.001058762	0.034	79.0	137.63146924972534
41	500.0	0.0	500.0	500.0	500.0	83.83472	6.9387813	94.5457	72.25127	168000	6.9141386e-09	500.918	-0.0025198036	-11.368317	0.5260356	0.0040492173	0.0195	79.0	140.95053434371948
42	485.25	39.024834	500.0	382.0	485.25	82.8405	11.395098	93.32151	17.207933	172000	-4.053116e-09	467.96494	-0.0022013446	-45.118988	0.5243758	0.006237448	0.0245	79.0	144.19161653518677
43	491.5	15.02498	500.0	460.0	491.5	80.94211	12.722636	90.947784	17.478054	176000	-8.106232e-09	376.52625	-0.0051730825	-94.947876	0.540364	0.0033992175	0.045	79.0	147.42767238616943
44	500.0	0.0	500.0	500.0	500.0	90.02172	7.314828	93.19417	63.050415	180000	-6.437302e-09	609.4541	-0.0025159896	-166.83713	0.53052723	0.0023884627	0.021	79.0	150.7587685585022
45	500.0	0.0	500.0	500.0	500.0	76.69574	11.854084	93.62407	61.9902	184000	8.46386e-09	630.1561	-0.0029189512	-183.16751	0.5402589	0.0063142274	0.0435	79.0	154.05980348587036
46	500.0	0.0	500.0	500.0	500.0	85.80995	6.919859	90.96978	68.27578	188000	3.8146974e-09	449.08356	-0.0023713887	-39.869995	0.5227125	0.0066435863	0.04975	79.0	157.35796809196472
47	500.0	0.0	500.0	500.0	500.0	86.03556	9.786677	91.06232	38.400143	192000	-7.2717667e-09	470.2195	-0.0017817831	-46.615692	0.51275414	0.0019615274	0.02325	79.0	160.59215569496155
48	493.25	13.62672	500.0	459.0	493.25	78.44791	18.267714	89.26815	14.118805	196000	-1.704693e-08	479.51794	-0.0019345182	-100.51489	0.5257656	0.001724902	0.027	79.0	163.98195576667786
49	467.5	43.471256	500.0	388.0	467.5	81.328575	15.999131	87.752266	4.2860136	200000	5.9604643e-10	362.56726	-0.004011734	-15.38266	0.51759565	0.0057966127	0.051	79.0	168.0145924091339
50	477.0	24.366985	500.0	435.0	477.0	74.723366	20.159626	86.48442	2.8011072	204000	1.7166137e-08	165.30498	-0.0013698735	-55.92714	0.5145283	0.0004633002	0.01225	79.0	171.47194266319275
51	496.5	9.26013	500.0	472.0	496.5	81.948364	16.319973	91.88698	6.765325	208000	-8.46386e-09	207.13535	-0.0021419628	-27.472122	0.51961833	0.0077948254	0.0425	79.0	174.79891800880432
52	402.22223	34.421497	466.0	337.0	402.22223	66.62049	27.363993	92.40671	2.8127785	212000	-2.193451e-08	143.27615	-0.0070231613	-130.54614	0.52735525	0.011176146	0.12575	79.0	178.06138849258423
53	492.375	14.035112	500.0	460.0	492.375	84.6933	17.61733	94.601074	5.487718	216000	-8.5830685e-09	295.07144	-0.0018721819	-71.6346	0.52982754	0.0034918394	0.03775	79.0	181.37937188148499
54	500.0	0.0	500.0	500.0	500.0	87.74216	8.051834	93.86639	55.40708	220000	-2.384186e-10	421.0096	-0.0016456306	-111.66147	0.5256773	0.0022221208	0.01875	79.0	184.63674926757812
55	496.625	8.929411	500.0	473.0	496.625	67.20589	26.546778	92.9204	-3.4053044	224000	-3.0994414e-08	345.52585	-0.0042148144	-207.83968	0.52444726	0.006487995	0.0595	79.0	187.94692659378052
56	500.0	0.0	500.0	500.0	500.0	91.85966	7.453805	96.443596	59.170853	228000	-4.2915342e-09	519.78156	-0.0025760583	-121.395355	0.5196889	0.005051753	0.026	79.0	191.19157814979553
57	500.0	0.0	500.0	500.0	500.0	81.36967	13.400924	91.1165	31.58901	232000	5.2452087e-09	388.42447	-0.002063104	-79.662506	0.52291346	0.0024327496	0.02275	79.0	194.46132588386536
58	500.0	0.0	500.0	500.0	500.0	88.60234	4.7523837	90.45524	57.20472	236000	-4.529953e-09	535.1	-0.0023498186	-73.5495	0.51142085	0.002883471	0.0215	79.0	197.72955441474915
59	500.0	0.0	500.0	500.0	500.0	83.77952	3.1296992	86.304214	64.46333	240000	-2.026558e-09	588.3643	-0.0021165416	-147.32831	0.519396	0.003234777	0.02475	79.0	201.14337182044983
60	500.0	0.0	500.0	500.0	500.0	80.280106	8.2050085	86.74608	51.824245	244000	3.5762786e-09	512.06244	-0.0022336014	-45.757202	0.51986647	0.0044741766	0.0385	79.0	204.45626544952393
61	500.0	0.0	500.0	500.0	500.0	86.23123	4.3829236	90.16516	67.21055	248000	-7.1525574e-10	553.3291	-0.0034953903	-30.363403	0.5049044	0.004831294	0.05175	79.0	207.70103788375854
62	500.0	0.0	500.0	500.0	500.0	80.66412	6.479082	90.90445	70.45685	252000	-2.2649764e-09	600.4143	-0.002185081	-97.06503	0.5026206	0.0027143024	0.00975	79.0	210.98420691490173
63	500.0	0.0	500.0	500.0	500.0	80.59325	9.4577265	86.93691	39.435394	256000	1.168251e-08	449.19537	-0.004380323	-69.68329	0.50853807	0.0051715127	0.02725	79.0	214.31829047203064
64	500.0	0.0	500.0	500.0	500.0	81.39681	12.437302	89.00787	48.103657	260000	-1.3113022e-09	494.9295	-0.002092648	-84.61243	0.5082073	0.0027135396	0.0245	79.0	217.66072821617126
65	500.0	0.0	500.0	500.0	500.0	81.174484	11.206783	86.31472	44.356483	264000	1.7404556e-08	371.59686	-0.0019925844	-25.156677	0.5223074	0.0011673996	0.03425	79.0	220.9831190109253
66	500.0	0.0	500.0	500.0	500.0	80.275795	14.314448	88.607635	27.635014	268000	1.8954276e-08	233.07718	-0.0025465216	-35.226868	0.5197241	0.004296931	0.0425	79.0	224.27081656455994
67	500.0	0.0	500.0	500.0	500.0	91.46803	3.9884384	92.405785	46.925896	272000	4.172325e-09	578.98834	-0.0033649108	-131.38156	0.51179343	0.00070355926	0.04325	79.0	227.5092442035675
68	500.0	0.0	500.0	500.0	500.0	82.216675	9.91928	89.34551	40.10966	276000	3.4570693e-09	532.34485	-0.0020261663	-44.75589	0.52866924	0.007026939	0.048	79.0	230.8519148826599
69	500.0	0.0	500.0	500.0	500.0	87.99959	2.8859332	90.183304	69.85649	280000	2.861023e-09	548.0791	-0.0018494299	-82.93814	0.5221113	0.0034591334	0.02175	79.0	234.10512781143188
70	500.0	0.0	500.0	500.0	500.0	82.274925	5.1516104	87.85853	61.8191	284000	-2.6226044e-09	534.2091	-0.0028662884	-35.172882	0.5055157	0.0046863644	0.0235	79.0	237.40503811836243
71	500.0	0.0	500.0	500.0	500.0	77.78033	8.19738	86.86687	49.649906	288000	-1.7762185e-08	459.3029	-0.0018751594	-60.079895	0.5075405	0.0031233116	0.0185	79.0	240.63483142852783
72	500.0	0.0	500.0	500.0	500.0	78.48752	13.41205	94.08532	41.759975	292000	1.3828277e-08	325.16302	-0.0025061998	-17.47229	0.5011902	0.005126764	0.053	79.0	243.96543049812317
73	500.0	0.0	500.0	500.0	500.0	92.53477	8.297458	97.17025	65.27045	296000	7.7486035e-09	629.4591	-0.00086067297	-142.41718	0.50869167	0.0027038842	0.01075	79.0	247.32609915733337
74	500.0	0.0	500.0	500.0	500.0	81.4585	5.5351057	88.00849	64.73821	300000	-7.390976e-09	496.92487	-0.0019944736	-6.8960876	0.51219916	0.0052562496	0.03425	79.0	250.61735081672668
75	500.0	0.0	500.0	500.0	500.0	78.67173	7.44949	90.4864	60.949913	304000	4.768372e-10	544.7316	-0.0007706822	-39.69876	0.50392973	0.0025991506	0.0115	79.0	253.94871497154236
76	500.0	0.0	500.0	500.0	500.0	84.99416	4.855247	92.984566	73.43218	308000	-2.1457671e-09	483.81076	-0.0012159501	-41.181244	0.50411767	0.00042406152	0.00925	79.0	257.5815098285675
77	500.0	0.0	500.0	500.0	500.0	85.45791	7.146827	93.61685	64.496414	312000	1.4305115e-09	522.7536	-0.0022393186	-28.13263	0.48636985	0.0012264532	0.01475	79.0	260.80115365982056
78	500.0	0.0	500.0	500.0	500.0	84.98597	4.928808	91.667274	58.16038	316000	-1.4305115e-09	600.15765	-0.0013282133	-38.234802	0.47758058	0.0020602948	0.0215	79.0	264.0414788722992
79	500.0	0.0	500.0	500.0	500.0	80.814156	2.1588454	86.71783	75.47888	320000	5.9604646e-09	533.45776	-0.00256959	-19.908508	0.4902142	0.003763927	0.0335	79.0	267.29598927497864
80	500.0	0.0	500.0	500.0	500.0	81.03044	4.197604	92.02303	70.555	324000	2.861023e-09	577.7635	-0.0008827388	-20.347778	0.4870823	0.00013598723	0.0125	79.0	270.66251158714294
81	500.0	0.0	500.0	500.0	500.0	82.03594	1.6633649	90.94441	79.08927	328000	-1.4305115e-09	545.0463	-0.0022267539	-3.571167	0.49426472	0.004223589	0.026	79.0	273.91594886779785
82	500.0	0.0	500.0	500.0	500.0	85.38055	3.3326244	92.391136	79.860985	332000	-8.5830685e-09	598.7958	-0.0005699759	-42.11377	0.49752882	0.004186483	0.009	79.0	277.20733428001404
83	500.0	0.0	500.0	500.0	500.0	82.81829	0.34891865	84.0189	81.74126	336000	7.152557e-09	554.2963	-0.00080133654	-1.3294067	0.4888349	0.00069727877	0.00325	79.0	280.48417019844055
84	500.0	0.0	500.0	500.0	500.0	82.500916	0.38475433	83.45317	81.313194	340000	-2.2649764e-09	553.77356	-0.0025138995	-0.9159546	0.4878107	0.0016511475	0.0225	79.0	283.7934284210205
85	500.0	0.0	500.0	500.0	500.0	82.39984	0.36946857	83.163055	80.9835	344000	6.0796737e-09	557.0142	-0.002072159	-2.5200195	0.47631145	0.0034476514	0.02475	79.0	287.107182264328
86	500.0	0.0	500.0	500.0	500.0	82.44767	0.07929366	82.533936	80.67024	348000	2.026558e-09	554.1207	-0.0023689037	-0.18115234	0.47033036	0.0039281235	0.03075	79.0	290.33538246154785
87	500.0	0.0	500.0	500.0	500.0	82.33429	0.097936064	82.45306	81.700874	352000	-7.7486035e-09	554.278	-0.001535553	-0.85028076	0.46651134	0.0013977668	0.02275	79.0	293.62457180023193
88	500.0	0.0	500.0	500.0	500.0	82.341835	0.08433672	82.44004	81.47146	356000	9.417534e-09	554.6901	-0.0032695518	-0.3279419	0.47098434	0.004506921	0.0455	79.0	296.92131543159485
89	500.0	0.0	500.0	500.0	500.0	82.23052	0.2087031	82.43233	80.21903	360000	8.3446505e-10	555.77954	-0.0006536032	-7.650818	0.4646546	0.0013831913	0.0095	79.0	300.15776896476746
90	500.0	0.0	500.0	500.0	500.0	82.2344	1.495397	93.48052	80.896194	364000	-1.2159347e-08	554.1105	-0.0034473054	-1.5814819	0.4744591	0.003807136	0.03475	79.0	303.4017481803894
91	500.0	0.0	500.0	500.0	500.0	82.50984	0.8353332	88.09792	81.031044	368000	4.768372e-10	567.8988	-0.0034045405	-13.444092	0.47125494	0.0041076667	0.04825	79.0	306.6683826446533
92	500.0	0.0	500.0	500.0	500.0	82.36834	0.10795745	82.47485	81.15794	372000	6.437302e-09	553.0402	-0.0023828147	-44.32956	0.46886775	0.00174215	0.03525	79.0	309.98311614990234
93	500.0	0.0	500.0	500.0	500.0	80.04808	5.1490827	86.43119	57.538387	376000	7.152557e-09	529.2836	-0.0025171328	-9.588257	0.46649927	0.004105724	0.02275	79.0	313.3355646133423
94	500.0	0.0	500.0	500.0	500.0	83.306175	4.2989182	88.956245	62.063633	380000	8.3446505e-10	550.7483	-0.0019935037	-3.6774292	0.46199584	0.002382805	0.03875	79.0	316.6510076522827
95	486.125	36.7098	500.0	389.0	486.125	84.06517	2.5418632	87.13756	71.55316	384000	-1.0728836e-09	600.4557	-0.0031496217	-27.263062	0.46643323	0.0056122397	0.0515	79.0	319.9668288230896
96	500.0	0.0	500.0	500.0	500.0	81.945404	2.1962833	85.4404	73.59145	388000	-4.768372e-10	561.81464	-0.0018011122	-7.83197	0.45777497	0.0032500734	0.03325	79.0	323.22499227523804
97	500.0	0.0	500.0	500.0	500.0	83.29819	1.3995287	85.59056	78.604195	392000	7.390976e-09	556.9138	-0.0015703561	-5.8897705	0.46510956	0.0020686465	0.0295	79.0	326.49060344696045
98	500.0	0.0	500.0	500.0	500.0	82.84426	1.9471617	84.44889	62.166954	396000	1.1444092e-08	559.8241	-0.0005618816	-13.790588	0.465178	0.0009742485	0.0055	79.0	329.7245376110077
99	500.0	0.0	500.0	500.0	500.0	82.22222	1.3402107	84.13059	75.51076	400000	-7.629395e-09	547.78784	-0.0017578016	-9.097595	0.46971276	0.00072582887	0.031	79.0	332.96553444862366
100	500.0	0.0	500.0	500.0	500.0	82.37216	2.5349884	86.81585	74.758514	404000	-2.3841857e-09	572.37396	-0.0028563486	-18.929993	0.4873242	0.0036538139	0.04075	79.0	336.2275559902191
101	500.0	0.0	500.0	500.0	500.0	82.55174	0.6973831	86.22804	81.85637	408000	4.887581e-09	556.4054	-0.0010366382	-2.7199097	0.48991182	0.0017197205	0.012	79.0	339.5877215862274
102	500.0	0.0	500.0	500.0	500.0	82.35289	0.34914836	83.87181	78.80548	412000	3.5762786e-09	553.51373	-0.0018939908	-1.9818115	0.5020597	0.004086175	0.03125	79.0	343.0754199028015
103	500.0	0.0	500.0	500.0	500.0	82.756294	0.56438357	83.70349	76.91531	416000	-5.2452087e-09	561.72046	-0.0020997366	-23.31903	0.49797478	0.002704184	0.0445	79.0	346.89771461486816
104	500.0	0.0	500.0	500.0	500.0	83.44865	1.9555284	88.10461	78.618126	420000	7.033348e-09	538.5476	-0.0021274614	-35.349396	0.49337554	0.002453322	0.019	79.0	350.19455909729004
105	500.0	0.0	500.0	500.0	500.0	78.675964	13.505654	88.07429	31.060095	424000	-5.00679e-09	491.18185	-0.0018639007	-51.04599	0.49647588	0.0051170927	0.03975	79.0	353.5283350944519
106	500.0	0.0	500.0	500.0	500.0	88.33286	2.3444786	91.63979	82.45168	428000	-2.384186e-10	572.002	-0.0013658531	-49.49524	0.49463475	0.0026642461	0.01925	79.0	356.83739733695984
107	500.0	0.0	500.0	500.0	500.0	84.10747	4.5268874	89.67795	60.846443	432000	4.768372e-10	546.0058	-0.0023926795	-14.803467	0.508837	0.001908391	0.03	79.0	360.16888308525085
108	500.0	0.0	500.0	500.0	500.0	85.52554	4.9112315	95.69056	62.886124	436000	5.2452087e-09	677.94	-0.0024156729	-197.43253	0.49713054	0.0011977222	0.0535	79.0	363.4219207763672
109	500.0	0.0	500.0	500.0	500.0	79.34886	6.5272985	89.65412	59.861202	440000	2.384186e-10	481.25595	-0.0012035272	-52.55771	0.48735029	0.002605599	0.0285	79.0	366.6760013103485
110	500.0	0.0	500.0	500.0	500.0	86.73967	5.241946	93.0875	53.99041	444000	1.4305115e-09	534.93445	-0.0022346438	-48.72815	0.48478398	0.015599996	0.2045	7.0	369.2930417060852
111	500.0	0.0	500.0	500.0	500.0	89.666534	2.7986267	91.891396	60.37762	448000	-5.841255e-09	617.5317	-0.0029350885	-112.37567	0.4955297	0.0016537992	0.01	79.0	372.5561351776123
112	500.0	0.0	500.0	500.0	500.0	81.03783	6.3474655	87.94858	50.95773	452000	3.218651e-09	484.21182	-0.0011167917	-26.691559	0.49162674	0.0013652054	0.02625	79.0	375.8628349304199
113	500.0	0.0	500.0	500.0	500.0	82.96379	7.2944665	91.52453	59.50754	456000	-1.6689301e-09	434.81293	-0.002982567	-51.688873	0.47603354	0.004769493	0.03275	79.0	379.10392928123474
114	500.0	0.0	500.0	500.0	500.0	89.50421	6.6574965	93.70259	53.501606	460000	-3.8146974e-09	493.02432	-0.002429373	-126.518005	0.48061055	0.0021293422	0.01825	79.0	382.5172836780548
115	500.0	0.0	500.0	500.0	500.0	87.12016	13.182102	98.124794	36.68122	464000	-1.001358e-08	732.9632	-0.003631938	-238.66455	0.47216007	0.0052997237	0.08275	79.0	385.8580815792084
116	500.0	0.0	500.0	500.0	500.0	71.59239	13.48377	89.38977	37.77288	468000	3.4570693e-09	415.0226	-0.0029259033	-143.66226	0.4693531	0.016401775	0.23525	5.0	388.45035338401794
117	500.0	0.0	500.0	500.0	500.0	85.98991	16.524742	94.35951	28.199059	472000	1.0251999e-08	766.3206	-0.0015473111	-287.841	0.46985844	0.0049978453	0.02	79.0	391.68873620033264
118	500.0	0.0	500.0	500.0	500.0	79.654816	5.6714077	92.826096	73.86231	476000	5.9604646e-09	512.6085	-0.0022211163	-11.649658	0.4740943	0.0028194846	0.02575	79.0	394.9140145778656
119	500.0	0.0	500.0	500.0	500.0	88.185585	5.8737397	94.89098	74.999405	480000	8.34465e-09	592.8782	-0.0019575707	-58.1463	0.47430003	0.0013971872	0.02825	79.0	398.1171324253082
120	500.0	0.0	500.0	500.0	500.0	86.69324	4.1942987	92.003815	76.48423	484000	4.529953e-09	615.93414	-0.0024187807	-142.62189	0.47096026	0.004597615	0.0235	79.0	401.3514142036438
121	500.0	0.0	500.0	500.0	500.0	71.49727	14.35363	91.06965	33.63002	488000	-1.168251e-08	537.0601	-0.004502444	-159.65799	0.4649698	0.0059110564	0.07	79.0	404.5703754425049
122	500.0	0.0	500.0	500.0	500.0	91.82948	4.9421487	97.06765	78.05641	492000	-4.529953e-09	674.0036	-0.001898741	-145.09009	0.47192883	0.0070261513	0.04	79.0	407.8332374095917
123	500.0	0.0	500.0	500.0	500.0	84.67827	3.4152853	89.96678	72.23989	496000	1.0251999e-08	509.0288	-0.0019908936	-149.2818	0.45891482	-0.0009465813	0.03475	79.0	411.1376028060913
124	500.0	0.0	500.0	500.0	500.0	79.54039	16.507833	97.28252	31.763445	500000	4.529953e-09	333.8902	-0.0022534889	-20.38681	0.48345068	0.0041498193	0.02825	79.0	414.43283915519714
125	500.0	0.0	500.0	500.0	500.0	92.62919	6.0243344	97.958664	64.34291	504000	-1.9073486e-08	607.8115	-0.0010362754	-176.9884	0.47821566	0.0010341053	0.01675	79.0	417.6850917339325
126	500.0	0.0	500.0	500.0	500.0	83.98536	6.9594088	95.73221	72.569695	508000	-2.3841857e-09	510.12454	-0.003670727	-7.510559	0.49025506	0.004017144	0.05825	79.0	420.97098445892334
127	500.0	0.0	500.0	500.0	500.0	86.83076	6.938833	96.25625	70.49527	512000	1.6689301e-09	698.1602	-0.0006475799	-236.71323	0.4935745	0.00044086584	0.017	79.0	424.28087067604065
128	500.0	0.0	500.0	500.0	500.0	82.92538	9.161776	99.094734	70.178085	516000	9.775162e-09	465.86996	-0.003380633	-4.6182556	0.47087106	0.002755663	0.04775	79.0	427.5734372138977
129	500.0	0.0	500.0	500.0	500.0	89.91788	7.4016514	99.25731	70.94356	520000	-8.3446505e-10	541.67804	-0.0049050795	-76.583954	0.46393165	0.006112735	0.0655	79.0	430.83068799972534
130	500.0	0.0	500.0	500.0	500.0	85.25248	6.18998	93.038506	66.96963	524000	6.437302e-09	686.292	-0.0021579526	-189.83984	0.46297687	0.005626625	0.0425	79.0	434.0782697200775
131	500.0	0.0	500.0	500.0	500.0	77.19755	7.8398995	89.7705	48.315662	528000	4.6491624e-09	487.34506	-0.0013134107	-83.687836	0.44869524	0.0047925427	0.02975	79.0	437.45243549346924
132	500.0	0.0	500.0	500.0	500.0	87.78547	9.992567	95.893875	62.449253	532000	-5.00679e-09	597.62714	-0.0020282315	-63.671326	0.44610223	0.0042653806	0.0185	79.0	440.79874753952026
133	500.0	0.0	500.0	500.0	500.0	86.541	2.9860423	91.23225	74.47513	536000	-4.768372e-10	596.2334	-0.0012616647	-40.707092	0.4496663	0.0028805523	0.031	79.0	444.04591822624207
134	500.0	0.0	500.0	500.0	500.0	83.01603	1.0957516	86.705795	79.642075	540000	2.861023e-09	549.62317	-0.0025663723	-12.221436	0.43842	0.003462498	0.034	79.0	447.2758595943451
135	500.0	0.0	500.0	500.0	500.0	82.350845	2.0884862	88.69544	69.599014	544000	-1.4305115e-09	567.62463	-0.0002278086	-13.054321	0.43835124	0.0026202062	0.011	79.0	450.5581798553467
136	500.0	0.0	500.0	500.0	500.0	82.27733	0.5896882	85.27642	78.88836	548000	-8.225441e-09	554.72424	-0.0016947322	-19.77301	0.43206277	0.0021182995	0.033	79.0	453.770738363266
137	500.0	0.0	500.0	500.0	500.0	83.8508	2.1008956	88.01679	75.70024	552000	6.437302e-09	573.8587	-0.0033360627	-21.394958	0.41336748	0.0024534888	0.06175	79.0	457.0762219429016
138	500.0	0.0	500.0	500.0	500.0	82.29752	0.5974381	86.063896	81.40361	556000	-1.4305115e-09	554.77106	-0.0019285684	-14.003052	0.41298616	0.005705609	0.0325	79.0	460.3063950538635
139	500.0	0.0	500.0	500.0	500.0	82.30427	1.3765858	84.87252	77.47882	560000	3.695488e-09	535.32166	-0.00076368055	-54.438812	0.43613443	0.0038347915	0.0115	79.0	463.5677101612091
140	500.0	0.0	500.0	500.0	500.0	77.89888	5.6154428	87.99525	62.279503	564000	1.1324882e-08	511.916	-0.0005847006	-18.463593	0.43751597	0.00089300715	0.0075	79.0	466.91970562934875
141	500.0	0.0	500.0	500.0	500.0	83.39045	7.252428	91.244255	63.762074	568000	-3.4570693e-09	596.4914	-0.00029272542	-45.904297	0.43385392	0.0034198647	0.00175	79.0	470.2337477207184
142	500.0	0.0	500.0	500.0	500.0	83.432655	0.7085172	84.15718	75.64989	572000	3.5762787e-10	559.80725	-0.0021747295	-3.8024292	0.4291538	0.005872303	0.0375	79.0	473.4942560195923
143	500.0	0.0	500.0	500.0	500.0	82.25859	0.47343177	82.8089	78.88181	576000	-5.00679e-09	554.55444	-0.00089263247	-2.7199097	0.41525635	0.002486339	0.01475	79.0	476.7532515525818
144	500.0	0.0	500.0	500.0	500.0	82.10376	1.230784	84.95171	72.941246	580000	2.6226044e-09	552.5558	-0.0023436153	-19.037415	0.4199411	0.0026879208	0.04775	79.0	479.96736097335815
145	500.0	0.0	500.0	500.0	500.0	81.66707	1.4779863	87.64778	73.65628	584000	1.0728836e-09	537.33124	-0.0013133619	-40.52292	0.41578844	0.0038541146	0.01975	79.0	483.3063826560974
146	500.0	0.0	500.0	500.0	500.0	77.59351	9.5087	90.74381	54.42845	588000	1.5616417e-08	447.84854	-0.0024890618	-22.828735	0.4158851	0.0044325036	0.036	79.0	486.59357953071594
147	500.0	0.0	500.0	500.0	500.0	84.40965	8.527622	95.10052	57.12722	592000	3.4570693e-09	493.35272	-0.0019360234	-30.209167	0.41121343	0.0021094994	0.02825	79.0	489.9214506149292
148	500.0	0.0	500.0	500.0	500.0	89.29999	7.6802135	98.249146	68.51169	596000	4.2915342e-09	542.13947	-0.002247107	-51.099274	0.42073283	0.0011982898	0.03675	79.0	493.25431418418884
149	500.0	0.0	500.0	500.0	500.0	85.75942	6.500824	96.24776	66.419205	600000	-1.3113022e-09	643.68744	-0.0026367232	-78.57349	0.41712403	0.0021555251	0.02025	79.0	496.5830762386322
150	500.0	0.0	500.0	500.0	500.0	83.17541	0.9642505	87.27988	80.66606	604000	4.768372e-10	547.2684	-0.0011621391	-12.265625	0.4075767	0.00048568065	0.015	79.0	499.8710219860077
151	500.0	0.0	500.0	500.0	500.0	82.50425	2.3870947	92.30924	79.54072	608000	1.07288365e-08	551.185	-0.0029429724	-2.9511108	0.4165387	0.0027268503	0.03225	79.0	503.1004910469055
152	500.0	0.0	500.0	500.0	500.0	84.30601	2.7331555	93.03001	80.9628	612000	3.0994416e-09	566.7346	-0.0015258971	-6.276245	0.41397738	0.001447113	0.026	79.0	506.38208866119385
153	500.0	0.0	500.0	500.0	500.0	82.65024	2.0273228	91.23043	80.34969	616000	9.894371e-09	550.7971	-0.0018364446	-14.267395	0.40586707	0.002734446	0.02	79.0	509.5758147239685
154	500.0	0.0	500.0	500.0	500.0	82.78923	2.655186	89.41906	79.04712	620000	-7.867813e-09	572.5059	-0.0011354749	-40.35083	0.40349314	0.0029506707	0.01175	79.0	512.8330483436584
155	500.0	0.0	500.0	500.0	500.0	79.79798	1.8639116	89.98988	77.43012	624000	1.6689301e-09	572.3866	-0.0022551343	-22.787415	0.3988953	0.0051631704	0.038	79.0	516.0653030872345
156	500.0	0.0	500.0	500.0	500.0	82.19097	0.73471403	86.87186	81.571495	628000	2.3841857e-09	552.3661	-0.0035827968	-11.201111	0.39891204	0.0047730943	0.05225	79.0	519.4250354766846
157	500.0	0.0	500.0	500.0	500.0	84.89383	2.976177	92.497185	80.09364	632000	-7.152557e-09	589.43805	-0.0016158682	-34.699036	0.39059374	0.0045989123	0.0185	79.0	522.6971015930176
158	500.0	0.0	500.0	500.0	500.0	82.9167	1.2273561	89.208565	81.60914	636000	-8.34465e-09	549.4556	-0.0022910575	-25.784058	0.39300674	0.005805911	0.0635	79.0	525.9586255550385
159	500.0	0.0	500.0	500.0	500.0	83.42358	3.6276586	90.42912	78.68102	640000	-3.0994416e-09	536.5204	-0.0011845058	-5.125244	0.39038107	0.003177171	0.02425	79.0	529.2630090713501
160	500.0	0.0	500.0	500.0	500.0	81.97883	3.10868	90.22653	78.28414	644000	3.8146974e-09	538.76794	-0.0011185537	-7.595276	0.3914116	0.0036057052	0.01375	79.0	532.4797222614288
161	500.0	0.0	500.0	500.0	500.0	80.93086	2.8121195	91.680016	77.112816	648000	-1.1444092e-08	530.4076	-0.0014326916	-18.08545	0.3862408	0.002109147	0.01925	79.0	535.7382378578186
162	500.0	0.0	500.0	500.0	500.0	83.66548	4.7251663	91.03645	72.84341	652000	2.384186e-10	535.62463	-0.0028899089	-4.604187	0.38422406	0.0056888578	0.0315	79.0	538.9707744121552
163	500.0	0.0	500.0	500.0	500.0	84.95417	3.3917356	91.21165	75.266716	656000	1.3113022e-09	563.97723	-0.0010069745	-10.897888	0.38456008	0.00082643173	0.00825	79.0	542.3160457611084
164	500.0	0.0	500.0	500.0	500.0	82.73278	2.47272	88.54551	76.71924	660000	-6.3180923e-09	532.8353	-0.0017294311	-21.229797	0.38366473	0.0018386308	0.0395	79.0	545.6588683128357
165	500.0	0.0	500.0	500.0	500.0	80.35352	3.9699137	92.32666	74.74219	664000	-9.536744e-10	553.78845	-0.0037559392	-13.768066	0.36266774	0.0015658045	0.05025	79.0	548.9100353717804
166	500.0	0.0	500.0	500.0	500.0	83.064156	2.8792405	94.886345	80.00945	668000	-2.3841857e-09	574.3334	-0.0028583377	-20.591003	0.36846685	0.003910005	0.0365	79.0	552.1801872253418
167	500.0	0.0	500.0	500.0	500.0	82.451096	0.6091926	92.16229	81.24362	672000	-1.2159347e-08	553.39703	-0.0008522336	-1.7140503	0.35674366	0.0004125386	0.01425	79.0	555.4216704368591
168	500.0	0.0	500.0	500.0	500.0	82.455734	1.3567754	94.315544	79.24711	676000	-3.8146974e-09	547.05804	-0.0015549856	-10.406494	0.366568	0.001303118	0.02275	79.0	558.9727439880371
169	500.0	0.0	500.0	500.0	500.0	82.0627	3.055554	94.92477	77.169846	680000	1.0251999e-08	590.49835	-0.0015540593	-84.80087	0.38996935	0.0022719125	0.023	79.0	562.310271024704
170	500.0	0.0	500.0	500.0	500.0	82.73933	5.4421396	90.04317	56.612717	684000	7.2717667e-09	606.5509	-0.0014731847	-70.42609	0.3848779	0.003495198	0.02125	79.0	565.592319726944
171	500.0	0.0	500.0	500.0	500.0	80.31081	3.7422247	89.28215	69.83579	688000	-5.2452087e-09	548.0208	-0.0024028888	-48.185272	0.38308528	0.001163158	0.0395	79.0	568.9329888820648
172	500.0	0.0	500.0	500.0	500.0	81.97508	5.306179	93.463264	69.00387	692000	-5.00679e-09	509.55685	-0.005130983	-17.819336	0.38230053	0.005693475	0.06675	79.0	572.2744607925415
173	500.0	0.0	500.0	500.0	500.0	86.093315	5.473403	95.02959	70.263824	696000	-8.106232e-09	610.49506	-0.003568599	-65.55792	0.38521415	0.004501	0.051	79.0	575.5232520103455
174	500.0	0.0	500.0	500.0	500.0	81.007545	3.0895174	86.351654	68.979515	700000	-7.1525574e-10	536.2413	-0.002316198	-57.304443	0.3808316	0.0035751304	0.02775	79.0	578.863112449646
175	500.0	0.0	500.0	500.0	500.0	83.69506	6.025529	92.810905	62.536522	704000	1.3113022e-09	563.9565	-0.0033406406	-39.928467	0.3899715	0.0045962133	0.023	79.0	582.1643626689911
176	500.0	0.0	500.0	500.0	500.0	84.256386	2.839231	91.24333	73.939896	708000	-4.768372e-10	561.49603	-0.003964539	-57.814545	0.38373807	0.003858669	0.0475	79.0	585.4804847240448
177	500.0	0.0	500.0	500.0	500.0	75.44433	7.754942	91.35507	50.500977	712000	-1.6450882e-08	556.70654	-0.004018401	-57.683624	0.38068315	0.004408281	0.05275	79.0	588.7149910926819
178	500.0	0.0	500.0	500.0	500.0	88.53599	5.561497	97.41077	72.24174	716000	0.0	587.1672	-0.0029997653	-51.21631	0.38074815	0.015196538	0.22725	7.0	591.3454160690308
179	500.0	0.0	500.0	500.0	500.0	90.76906	4.51199	98.13659	76.47254	720000	6.198883e-09	628.9522	-0.0040900228	-102.24011	0.3803697	0.0070227575	0.0645	79.0	594.5360913276672
180	500.0	0.0	500.0	500.0	500.0	85.17197	3.4969459	91.354225	69.94745	724000	-4.529953e-09	584.45074	-0.0023615947	-92.14682	0.37659964	0.0014023235	0.032	79.0	597.8590967655182
181	500.0	0.0	500.0	500.0	500.0	82.69561	4.810431	91.03802	69.05879	728000	5.9604646e-09	534.3017	-0.0025617268	-34.20993	0.3706402	0.0044745323	0.04375	79.0	601.098801612854
182	500.0	0.0	500.0	500.0	500.0	85.11604	5.000388	94.17222	70.21752	732000	3.8146974e-09	535.7425	-0.0037274538	-13.290039	0.39312592	0.0015385277	0.06425	79.0	604.3479104042053
183	500.0	0.0	500.0	500.0	500.0	85.85766	5.081171	94.5039	71.943794	736000	1.6093255e-08	581.0838	-0.005410985	-36.621216	0.38732076	0.005093774	0.05975	79.0	607.5817201137543
184	500.0	0.0	500.0	500.0	500.0	84.36335	1.8032377	88.64714	75.235245	740000	4.6491624e-09	570.9297	-0.0016803044	-19.668945	0.38595873	0.0045344247	0.017	79.0	610.8207380771637
185	500.0	0.0	500.0	500.0	500.0	82.81921	1.0197116	86.30174	79.542404	744000	4.172325e-09	566.59827	-0.0020200843	-66.971344	0.3822531	0.003662725	0.04	79.0	614.0989499092102
186	500.0	0.0	500.0	500.0	500.0	82.61741	6.684695	89.55785	53.281254	748000	-1.192093e-10	586.2856	-0.0026712853	-48.529846	0.36424634	0.003600883	0.0735	79.0	617.4320576190948
187	500.0	0.0	500.0	500.0	500.0	83.15987	2.2802587	86.94346	74.50221	752000	1.1920929e-09	563.3718	-0.0016472331	-12.642883	0.365534	0.00434847	0.02575	79.0	620.7095458507538
188	500.0	0.0	500.0	500.0	500.0	82.13797	0.6108076	83.75754	74.27275	756000	4.768372e-10	555.9902	-0.0024579153	-32.77423	0.3652992	0.0044615283	0.03	79.0	623.9793515205383
189	500.0	0.0	500.0	500.0	500.0	82.35162	3.7628686	85.63996	69.465614	760000	-6.9141386e-09	628.1824	-0.0005028264	-147.23932	0.34616137	0.000995112	0.0075	79.0	627.265214920044
190	500.0	0.0	500.0	500.0	500.0	82.588715	6.8321676	89.55469	63.70236	764000	-4.2915342e-09	454.2357	-0.0031467024	-20.031494	0.35942674	0.003922954	0.04875	79.0	630.4952886104584
191	500.0	0.0	500.0	500.0	500.0	85.14914	9.458109	92.30854	55.36073	768000	5.00679e-09	689.93835	-0.00075926806	-149.3349	0.36128205	0.0035505297	0.01475	79.0	633.7359902858734
192	500.0	0.0	500.0	500.0	500.0	78.007675	2.9997373	84.70709	73.73808	772000	-4.529953e-09	566.86456	-0.0021696747	-48.888123	0.36049283	0.0010191639	0.01725	79.0	636.9595856666565
193	500.0	0.0	500.0	500.0	500.0	81.2939	4.4660797	87.041306	66.47218	776000	2.503395e-09	559.12085	-0.0011817589	-24.2724	0.36663365	0.0011449249	0.012	79.0	640.2690200805664
194	500.0	0.0	500.0	500.0	500.0	83.11683	2.033154	88.05646	79.177315	780000	5.6028364e-09	544.899	-0.0019513963	-4.262146	0.36095035	0.004506405	0.0425	79.0	643.6793372631073
195	500.0	0.0	500.0	500.0	500.0	82.26343	2.195987	88.977615	77.69127	784000	1.6689301e-09	533.8151	-0.0017686955	-15.534668	0.33808887	0.0016904001	0.02475	79.0	646.9939968585968
196	500.0	0.0	500.0	500.0	500.0	83.51719	3.6135426	90.296	73.23914	788000	-4.2915342e-09	568.05865	-0.0024278436	-24.498047	0.3346427	0.001784304	0.04025	79.0	650.3105027675629
197	500.0	0.0	500.0	500.0	500.0	81.94637	2.8607678	89.16099	75.17684	792000	-2.384186e-10	517.4903	-0.001592712	-47.74704	0.3281283	0.0010894494	0.01325	79.0	653.6059336662292
198	500.0	0.0	500.0	500.0	500.0	84.571106	4.769229	92.06903	66.19128	796000	-3.8146974e-09	580.49243	-0.0017092765	-45.85919	0.32605878	-0.00050261704	0.0145	79.0	656.8776662349701
199	500.0	0.0	500.0	500.0	500.0	82.07213	3.1664672	92.69665	78.69405	800000	-8.34465e-09	517.03827	-0.001285066	-68.72946	0.30784878	0.003668821	0.032	79.0	660.1418952941895
