Epoch	AverageEpRet	StdEpRet	MaxEpRet	MinEpRet	EpLen	AverageVVals	StdVVals	MaxVVals	MinVVals	TotalEnvInteracts	LossPi	LossV	DeltaLossPi	DeltaLossV	Entropy	KL	ClipFrac	StopIter	Time
0	23.292398	11.635643	69.0	9.0	23.292398	0.1178996	0.08095137	0.28253627	-0.12837334	4000	-9.679794e-08	267.93982	-0.015222836	-147.55998	0.6896562	0.009171509	0.0625	79.0	3.46927809715271
1	33.233334	22.795004	147.0	10.0	33.233334	7.8885555	0.44605172	8.34101	2.1162055	8000	1.2874604e-08	392.65857	-0.017882137	-121.44534	0.6794724	0.007277188	0.06025	79.0	6.887592792510986
2	47.57143	28.146	147.0	11.0	47.57143	14.813362	0.09234206	14.937977	14.16282	12000	-3.504753e-08	404.24918	-0.016387673	-89.44397	0.6633551	0.005883974	0.0545	79.0	10.161105632781982
3	63.919353	37.707832	171.0	14.0	63.919353	20.40956	0.21353672	20.507324	16.963556	16000	2.4318695e-08	527.27936	-0.0131402565	-102.1875	0.6444663	0.005737998	0.0445	79.0	13.41161584854126
4	88.111115	45.502735	183.0	14.0	88.111115	25.730703	2.1536489	26.299252	1.1094589	20000	-3.0994414e-08	620.94293	-0.010139679	-135.33844	0.62966317	0.015116189	0.15075	10.0	16.210994720458984
5	99.525	47.266792	192.0	19.0	99.525	32.08118	1.9211307	32.59164	7.387024	24000	-2.6345253e-08	557.53174	-0.00875884	-129.41281	0.61205703	0.016376985	0.15475	9.0	18.901976346969604
6	151.56	79.13435	326.0	20.0	151.56	35.893055	6.551048	37.877792	-14.90502	28000	-6.151199e-08	970.58295	-0.010038267	-237.90613	0.61120045	0.004241824	0.026	79.0	22.21334743499756
7	208.1579	102.54769	372.0	23.0	208.1579	42.89864	7.646164	45.45407	-1.494201	32000	2.384186e-10	982.89264	-0.0070309555	-247.79877	0.60925394	0.0020713513	0.03975	79.0	25.59149980545044
8	292.69232	55.628418	432.0	221.0	292.69232	48.11115	10.090627	52.89774	1.978529	36000	-3.0875206e-08	777.2783	-0.0058643958	-293.2192	0.60127294	0.004084097	0.047	79.0	28.816280126571655
9	331.33334	113.83418	500.0	113.0	331.33334	55.15585	11.155027	60.369392	3.3811915	40000	1.4424324e-08	699.77374	-0.0052471785	-247.0134	0.5931144	0.003986639	0.04	79.0	32.09455180168152
10	330.08334	134.02393	500.0	81.0	330.08334	62.37772	11.800381	66.6709	14.358205	44000	5.2452087e-09	563.6517	-0.00601157	-136.35617	0.5869002	0.0031379892	0.016	79.0	35.437243700027466
11	404.8889	118.55654	500.0	150.0	404.8889	65.75512	11.990803	71.01225	11.368336	48000	5.841255e-09	520.4186	-0.004597606	-142.4714	0.57678	0.003010753	0.01875	79.0	38.74616050720215
12	365.2	74.96105	500.0	291.0	365.2	63.147797	20.152603	75.51698	8.89154	52000	8.72612e-08	352.0792	-0.004117445	-114.70639	0.5762934	0.01717936	0.19325	6.0	41.40004897117615
13	407.77777	145.54173	500.0	97.0	407.77777	78.64103	0.27598006	78.694695	75.204895	56000	-2.1457671e-09	636.87286	-0.004967516	-64.70422	0.5536174	0.005049145	0.03325	79.0	44.90335774421692
14	389.8889	115.883514	500.0	188.0	389.8889	71.45661	15.128	79.162964	-1.7909174	60000	1.513958e-08	375.43576	-0.0056536226	-89.65344	0.5626444	0.0037234572	0.0375	79.0	48.26771140098572
15	493.0	18.52026	500.0	444.0	493.0	78.55584	10.504672	81.91168	9.441308	64000	-1.5735626e-08	541.56934	-0.0016697204	-46.4487	0.5582656	0.0032480154	0.0195	79.0	51.9403874874115
16	499.5	1.3228756	500.0	496.0	499.5	76.40412	10.481108	82.951454	10.731386	68000	-3.0994416e-09	456.6405	-0.00273586	-37.431824	0.555197	0.00658663	0.034	79.0	55.44383931159973
17	500.0	0.0	500.0	500.0	500.0	82.491425	6.4669547	84.667656	28.705774	72000	3.4570693e-09	477.656	-0.004315463	-27.764008	0.5468581	0.0059745484	0.05075	79.0	58.92070508003235
18	500.0	0.0	500.0	500.0	500.0	83.81902	2.7759523	85.25027	60.755417	76000	-1.3113022e-08	568.56683	-0.00114328	-18.135132	0.5418012	0.0037630629	0.02975	79.0	62.4784677028656
19	487.75	32.410454	500.0	402.0	487.75	83.402466	1.0870187	84.75732	75.1795	80000	-8.46386e-09	600.23175	-0.0024510769	-53.776794	0.5387675	0.0042033284	0.01625	79.0	65.73001384735107
20	500.0	0.0	500.0	500.0	500.0	79.51908	3.7068357	83.77036	61.940083	84000	8.8214875e-09	599.38617	-0.00107543	-84.49713	0.54688346	0.0049850596	0.0365	79.0	68.98810172080994
21	500.0	0.0	500.0	500.0	500.0	83.0946	1.6127969	83.9618	69.943054	88000	9.179115e-09	563.41864	-0.0014205271	-117.52484	0.54014796	0.0056660287	0.0255	79.0	72.2643404006958
22	500.0	0.0	500.0	500.0	500.0	83.48194	1.8394295	84.52113	70.68582	92000	-7.510185e-09	569.41925	-0.0017678231	-29.950623	0.53856087	0.0010046596	0.0215	79.0	75.61444449424744
23	500.0	0.0	500.0	500.0	500.0	80.62213	4.0003815	84.33685	34.031075	96000	4.768372e-10	585.43616	-0.001252813	-36.99701	0.53734064	0.0013006894	0.01675	79.0	78.93655371665955
24	500.0	0.0	500.0	500.0	500.0	81.91454	1.5479832	85.04848	78.91031	100000	-1.0251999e-08	534.6846	-0.0020188729	-15.220947	0.5110502	0.0014116127	0.02875	79.0	82.23375058174133
25	500.0	0.0	500.0	500.0	500.0	81.802345	2.3031144	84.997765	75.47591	104000	-8.225441e-09	529.2355	-0.003221548	-54.506775	0.5281593	0.0063899904	0.03675	79.0	85.53905177116394
26	413.77777	122.3572	500.0	220.0	413.77777	81.647896	2.745089	86.19548	59.66694	108000	-8.8214875e-09	581.224	-0.0035675443	-124.06955	0.5395657	0.0038616701	0.03	79.0	88.90296745300293
27	500.0	0.0	500.0	500.0	500.0	80.580185	6.169497	86.52885	47.522106	112000	-3.0994416e-09	591.25757	-0.0029923604	-46.59497	0.52642703	0.0049341936	0.04575	79.0	92.14015102386475
28	436.55554	130.98186	500.0	97.0	436.55554	81.9154	2.0786173	86.53627	69.65481	116000	-4.768372e-10	626.25507	-0.0038538019	-36.997192	0.5202881	0.0040253825	0.03975	79.0	95.37916374206543
29	458.5	109.79868	500.0	168.0	458.5	79.5485	5.006813	85.30694	39.45103	120000	1.9073487e-09	547.9916	-0.0020754214	-9.701965	0.5154824	0.0018793471	0.014	79.0	98.71775507926941
30	500.0	0.0	500.0	500.0	500.0	78.7228	11.138841	86.13381	16.91319	124000	6.0796737e-09	575.36755	-0.0017888761	-87.32736	0.5139857	0.002634656	0.02375	79.0	102.02655911445618
31	500.0	0.0	500.0	500.0	500.0	84.03575	2.1247232	86.79824	79.165	128000	-3.3378602e-09	550.19025	-0.0026169755	-24.268188	0.4949474	0.0015154745	0.02825	79.0	105.26627016067505
32	500.0	0.0	500.0	500.0	500.0	82.045204	4.025637	85.58464	59.711544	132000	8.702278e-09	565.58966	-0.0006032676	-25.810852	0.50019413	0.0025567645	0.008	79.0	108.5307183265686
33	494.0	15.874508	500.0	452.0	494.0	77.98	17.052439	84.90899	-6.013747	136000	-1.6689301e-09	683.4715	-0.0019963812	-158.17871	0.50629485	0.004566126	0.02925	79.0	111.86948227882385
34	500.0	0.0	500.0	500.0	500.0	81.7957	3.5292635	85.71551	63.035885	140000	-4.6491624e-09	573.1594	-0.0044641634	-99.250916	0.5001819	0.0064222757	0.07225	79.0	115.19529414176941
35	444.75	79.74294	500.0	264.0	444.75	72.44422	20.16204	87.245514	-8.337826	144000	-1.4722347e-08	308.33368	-0.0032838278	-59.853073	0.5302578	0.0040256786	0.07425	79.0	118.63879704475403
36	443.8889	60.010082	500.0	337.0	443.8889	69.547	22.08832	89.94965	1.639786	148000	-6.496906e-09	146.44305	-0.008127148	-86.06778	0.5486408	0.007240673	0.09	79.0	122.12725138664246
37	500.0	0.0	500.0	500.0	500.0	92.006096	2.9787283	93.20059	75.1013	152000	1.45435335e-08	573.11285	-0.0013741753	-236.68262	0.5302997	0.0028245405	0.0255	79.0	125.58503270149231
38	497.75	5.9529405	500.0	482.0	497.75	86.33622	10.690539	91.85648	27.762638	156000	1.0490417e-08	501.4344	-0.0028303547	-116.08371	0.52098966	0.006318633	0.0335	79.0	129.02357506752014
39	455.625	66.16823	500.0	305.0	455.625	67.07836	25.725523	89.90334	-5.494936	160000	3.7401914e-08	514.86926	-0.0069732675	-296.09772	0.5273148	0.005999699	0.1025	79.0	132.30147576332092
40	452.875	60.789467	500.0	314.0	452.875	76.681564	18.250051	91.58592	19.666237	164000	1.2397766e-08	195.26602	-0.0058631767	-89.30719	0.5341753	0.006336178	0.0485	79.0	135.5791893005371
41	500.0	0.0	500.0	500.0	500.0	91.14642	4.5340457	93.41647	67.9497	168000	-2.1457673e-08	618.5809	-0.001047962	-118.8569	0.5354302	0.0009723658	0.01125	79.0	138.97090411186218
42	500.0	0.0	500.0	500.0	500.0	87.663666	3.6410544	89.83996	69.779015	172000	3.0994416e-09	564.4688	-0.0021503102	-38.139282	0.5306815	0.002021071	0.017	79.0	142.23767518997192
43	500.0	0.0	500.0	500.0	500.0	82.81627	2.689748	86.92746	71.148415	176000	1.1920929e-09	590.39404	-0.0028723788	-44.430176	0.52747524	0.0035329594	0.058	79.0	145.49289965629578
44	500.0	0.0	500.0	500.0	500.0	82.178246	1.5711498	84.043106	72.38497	180000	5.00679e-09	536.50836	-0.0023579733	-29.48996	0.52433854	0.004111958	0.03525	79.0	148.84733295440674
45	500.0	0.0	500.0	500.0	500.0	83.73667	2.0340176	86.62588	63.922085	184000	-5.722046e-09	542.441	-0.00062075997	-77.9079	0.52979666	0.003849021	0.00875	79.0	152.37628364562988
46	500.0	0.0	500.0	500.0	500.0	85.20322	0.7974344	85.98268	78.835785	188000	5.722046e-09	558.8297	-0.0021359937	-21.47644	0.53270507	0.0060326424	0.0305	79.0	155.82443737983704
47	500.0	0.0	500.0	500.0	500.0	74.29635	8.634489	84.82429	50.787083	192000	2.9802323e-09	576.0985	-0.0031251651	-73.20682	0.5330207	0.0038837702	0.06225	79.0	159.04850149154663
48	500.0	0.0	500.0	500.0	500.0	83.69425	4.362825	88.07312	58.277298	196000	2.6226044e-09	525.12177	-0.0014222298	-45.632202	0.51852137	0.0069492455	0.02325	79.0	162.30397248268127
49	489.375	28.111107	500.0	415.0	489.375	70.8452	17.534798	86.43565	16.741835	200000	3.039837e-08	487.67743	-0.003741166	-117.55118	0.5249132	0.0036551852	0.0475	79.0	165.61787104606628
50	500.0	0.0	500.0	500.0	500.0	84.782936	6.737533	90.0956	64.4741	204000	1.6212464e-08	503.1183	-0.0036763612	-47.93341	0.5242678	0.006754524	0.0485	79.0	169.01721930503845
51	500.0	0.0	500.0	500.0	500.0	79.12059	12.687716	90.062706	52.55447	208000	1.2874604e-08	566.7071	-0.004231173	-59.343292	0.5245127	0.0054259086	0.0915	79.0	172.29586386680603
52	500.0	0.0	500.0	500.0	500.0	80.37694	6.518028	89.13017	71.158394	212000	2.3841858e-08	488.0018	-0.0014444053	-15.944183	0.52113694	0.0033136578	0.01675	79.0	175.57657027244568
53	481.25	45.24309	500.0	362.0	481.25	77.93503	14.957306	90.52807	15.362983	216000	-5.2452087e-09	297.3403	-0.0016201541	-84.53638	0.53647035	0.0038771462	0.012	79.0	178.78551769256592
54	500.0	0.0	500.0	500.0	500.0	87.92818	4.924286	92.60303	78.00272	220000	9.6559525e-09	605.8323	-0.00420254	-54.624634	0.52117586	0.0057634627	0.05	79.0	182.0215401649475
55	500.0	0.0	500.0	500.0	500.0	68.17925	23.589087	86.98913	6.0874777	224000	-2.1979213e-08	484.53546	-0.005157144	-227.78732	0.52781504	0.004518465	0.04525	79.0	185.34157919883728
56	500.0	0.0	500.0	500.0	500.0	87.88864	6.007393	91.1776	45.263046	228000	-1.4305115e-09	538.4184	-0.0025339094	-96.359314	0.52526635	0.0015033112	0.025	79.0	188.6777880191803
57	500.0	0.0	500.0	500.0	500.0	80.6414	9.557312	88.71469	40.112335	232000	-1.5497208e-09	542.9635	-0.0022746958	-99.917816	0.5025252	0.0039597955	0.024	79.0	191.96971321105957
58	500.0	0.0	500.0	500.0	500.0	81.61455	7.1402802	90.16435	71.996666	236000	4.768372e-10	436.27765	-0.0035803202	-34.28766	0.50775254	0.004448849	0.06925	79.0	195.27746677398682
59	500.0	0.0	500.0	500.0	500.0	88.13654	2.1311405	89.0684	74.33899	240000	5.00679e-09	563.68384	-0.001737174	-60.21231	0.5076822	0.0026104245	0.0235	79.0	198.60497546195984
60	500.0	0.0	500.0	500.0	500.0	80.29204	4.5737023	86.05291	70.99144	244000	9.6559525e-09	552.0935	-0.0030414085	-13.275391	0.510006	0.0017224088	0.061	79.0	201.975759267807
61	500.0	0.0	500.0	500.0	500.0	81.511765	3.152304	88.40929	73.82735	248000	2.7418137e-09	525.855	-0.0037175652	-18.518677	0.49950856	0.0050743446	0.053	79.0	205.23884844779968
62	500.0	0.0	500.0	500.0	500.0	82.98034	4.9938593	89.7225	74.40068	252000	1.1920929e-09	495.71033	-0.0018570449	-6.6844788	0.5074066	0.0034610906	0.03025	79.0	208.57421255111694
63	500.0	0.0	500.0	500.0	500.0	78.66558	5.856302	89.72036	73.22675	256000	5.3644182e-09	469.91318	-0.0014211574	-34.281403	0.5029329	0.0025088731	0.02275	79.0	211.85578751564026
64	500.0	0.0	500.0	500.0	500.0	88.39299	5.0444403	91.91935	71.61997	260000	2.861023e-09	509.33163	-0.0034240799	-52.837036	0.5030345	0.0064520235	0.056	79.0	215.14113783836365
65	500.0	0.0	500.0	500.0	500.0	88.060356	2.677035	89.907166	70.26016	264000	-8.8214875e-09	628.4513	-0.00152559	-188.12405	0.49764222	-0.0002628101	0.02275	79.0	218.36721301078796
66	500.0	0.0	500.0	500.0	500.0	79.23306	6.981255	90.92697	69.83801	268000	-5.2452087e-09	579.7335	-0.0038867742	-29.930176	0.51476645	0.004093914	0.0465	79.0	221.7187740802765
67	500.0	0.0	500.0	500.0	500.0	90.1653	4.1123004	93.4358	76.39534	272000	-9.417534e-09	642.4449	-0.0011045309	-81.64661	0.51252407	0.0023836861	0.01425	79.0	225.10497951507568
68	500.0	0.0	500.0	500.0	500.0	81.50568	1.2690976	84.57401	76.58158	276000	6.198883e-09	547.9851	-0.0015877642	-8.182434	0.513106	0.0018937846	0.02225	79.0	228.4601182937622
69	500.0	0.0	500.0	500.0	500.0	81.73792	3.0429688	91.24376	75.23397	280000	8.3446505e-10	526.7625	-0.0026986147	-10.932678	0.4977509	0.0002597512	0.025	79.0	231.71389746665955
70	500.0	0.0	500.0	500.0	500.0	83.42311	3.7445235	91.76507	74.31443	284000	3.5762786e-09	590.171	-0.0014214749	-56.151184	0.48466203	0.0018479911	0.00875	79.0	234.94522213935852
71	476.875	61.183	500.0	315.0	476.875	81.08376	3.524742	83.35734	62.93698	288000	-6.0200693e-09	538.9046	-0.0009224339	-52.32138	0.48787346	0.0017579629	0.01275	79.0	238.23220944404602
72	423.1111	126.59159	500.0	143.0	423.1111	79.5208	5.699225	84.6752	51.99085	292000	1.0967255e-08	574.3422	-0.0034339249	-25.046326	0.49382645	0.0031817623	0.0375	79.0	241.48827576637268
73	481.125	49.938557	500.0	349.0	481.125	79.031075	7.1413407	85.27033	48.57319	296000	1.1920929e-09	546.6982	-0.0030307027	-171.85309	0.49611944	0.0033289192	0.0295	79.0	244.7495355606079
74	471.125	76.39607	500.0	269.0	471.125	82.41636	7.8118744	88.39036	52.296432	300000	-1.2516975e-09	567.3147	-0.002205107	-47.843018	0.5066493	0.0019487673	0.01	79.0	248.01834917068481
75	500.0	0.0	500.0	500.0	500.0	81.50975	6.288614	86.3936	48.611774	304000	9.059906e-09	573.0099	-0.0012843637	-30.835938	0.5004949	0.003579112	0.027	79.0	251.26887726783752
76	500.0	0.0	500.0	500.0	500.0	82.727295	1.9819182	85.14207	70.43475	308000	-6.6757204e-09	549.29626	-0.0025005022	-16.204163	0.4987231	0.0048113833	0.038	79.0	254.58794116973877
77	500.0	0.0	500.0	500.0	500.0	82.614685	3.4300704	85.99886	59.69049	312000	-8.106232e-09	563.3562	-0.0012558561	-79.06201	0.4901775	0.0059356745	0.04	79.0	257.93004393577576
78	500.0	0.0	500.0	500.0	500.0	87.93659	1.6954058	88.874664	74.84125	316000	5.722046e-09	577.64557	-0.002128318	-53.48584	0.4802076	0.0033772108	0.03125	79.0	261.2660322189331
79	500.0	0.0	500.0	500.0	500.0	77.9437	4.324498	84.09094	51.459995	320000	-2.861023e-09	506.28363	-0.003217056	-77.214325	0.48712677	0.0033100348	0.03175	79.0	264.5730962753296
80	500.0	0.0	500.0	500.0	500.0	87.49767	2.8492358	89.22193	72.43214	324000	-9.536744e-10	549.85516	-0.0035503334	-67.13611	0.47735325	0.0048237247	0.0455	79.0	267.89044880867004
81	500.0	0.0	500.0	500.0	500.0	83.07817	3.9777827	85.66432	58.14134	328000	-7.867813e-09	533.1021	-0.0006792686	-13.562439	0.48242232	0.0017097101	0.0125	79.0	271.1347539424896
82	500.0	0.0	500.0	500.0	500.0	76.47878	7.8233743	88.658554	51.255592	332000	-7.390976e-09	548.76825	-0.0020069333	-45.745636	0.48164463	0.0018931297	0.0225	79.0	274.4832065105438
83	500.0	0.0	500.0	500.0	500.0	83.59194	3.52394	90.23702	70.039536	336000	1.168251e-08	510.68076	-0.0021722487	-37.608826	0.47477487	0.0049096723	0.0415	79.0	277.78373169898987
84	500.0	0.0	500.0	500.0	500.0	89.6809	3.2248263	92.70181	73.72397	340000	-1.9192695e-08	633.935	-0.0017386021	-74.234985	0.47589967	0.0022245194	0.03575	79.0	281.14886713027954
85	500.0	0.0	500.0	500.0	500.0	83.04826	1.2789711	89.3179	79.82787	344000	-9.536743e-09	573.96625	-0.0012051044	-19.141357	0.45092052	0.0040163156	0.02975	79.0	284.48948526382446
86	500.0	0.0	500.0	500.0	500.0	82.3262	0.11992019	82.55298	80.11627	348000	1.5497208e-09	554.42145	-0.0024923598	-2.2404175	0.443638	0.0029842914	0.038	79.0	287.84138584136963
87	500.0	0.0	500.0	500.0	500.0	82.31694	0.28238454	82.45329	77.17027	352000	2.9802323e-09	553.5616	-0.0009725275	-5.9870605	0.4458	0.0020642178	0.018	79.0	291.10754323005676
88	500.0	0.0	500.0	500.0	500.0	79.69427	4.7823677	82.75926	57.34912	356000	-1.0490417e-08	567.9475	-0.0009824333	-17.088318	0.44412503	0.00247839	0.02475	79.0	294.37818479537964
89	500.0	0.0	500.0	500.0	500.0	81.90024	2.0908732	83.1219	63.417274	360000	-7.7486035e-09	549.7921	-0.0020801055	-31.936829	0.44771478	0.0024318253	0.0385	79.0	297.7080879211426
90	500.0	0.0	500.0	500.0	500.0	80.03814	4.364815	86.13228	63.85231	364000	-1.7881394e-08	498.57425	-0.0017211922	-62.737885	0.44648266	0.0037567131	0.026	79.0	301.0745759010315
91	500.0	0.0	500.0	500.0	500.0	81.99807	6.4302707	92.31034	68.920784	368000	-2.861023e-09	437.15356	-0.0017240528	-60.147797	0.43122715	0.001914927	0.0195	79.0	304.42791390419006
92	500.0	0.0	500.0	500.0	500.0	78.04858	12.961312	94.62771	52.949085	372000	1.0967255e-08	433.6043	-0.0047198446	-28.016846	0.42897165	0.00801571	0.08075	79.0	307.75181245803833
93	500.0	0.0	500.0	500.0	500.0	95.04284	4.517615	98.29747	75.00931	376000	-8.702278e-09	625.26715	-0.0008346785	-243.94397	0.4249952	0.005413566	0.022	79.0	311.0940525531769
94	500.0	0.0	500.0	500.0	500.0	91.745575	7.1204414	97.26257	61.28412	380000	-1.4305115e-09	625.78827	-0.0027368206	-92.20813	0.42155603	0.0061221537	0.0515	79.0	314.40148758888245
95	500.0	0.0	500.0	500.0	500.0	85.960434	2.041078	88.69073	73.73557	384000	0.0	579.58124	-0.0015955763	-57.108704	0.42218146	0.0010321226	0.02825	79.0	317.6582033634186
96	500.0	0.0	500.0	500.0	500.0	81.157	4.667091	87.31915	67.29258	388000	2.3841857e-09	435.34872	-0.0016820438	-94.77939	0.40251932	0.002599146	0.03175	79.0	321.0353093147278
97	500.0	0.0	500.0	500.0	500.0	83.33653	9.681429	91.70065	61.915016	392000	2.861023e-09	459.5482	-0.0019346803	-65.67859	0.4122251	0.00263828	0.0315	79.0	324.40361046791077
98	500.0	0.0	500.0	500.0	500.0	83.80558	11.916213	96.58557	65.118256	396000	-3.9339065e-09	357.10168	-0.0021838683	-18.259949	0.41906732	0.004362564	0.02975	79.0	327.7988374233246
99	500.0	0.0	500.0	500.0	500.0	87.4869	10.131994	95.37949	56.146694	400000	2.6226044e-09	515.27625	-0.0041176397	-36.031982	0.41940862	0.005736513	0.074	79.0	331.1169505119324
100	500.0	0.0	500.0	500.0	500.0	90.89377	2.667282	94.69249	78.71591	404000	1.3113022e-09	610.0996	-0.00293211	-106.97766	0.41812047	0.002595143	0.06125	79.0	334.39463210105896
101	500.0	0.0	500.0	500.0	500.0	80.72234	6.949165	87.562325	59.073483	408000	-3.5762786e-09	512.3234	-0.0023865006	-15.352203	0.40269443	0.0019268293	0.025	79.0	337.7642583847046
102	500.0	0.0	500.0	500.0	500.0	84.74399	5.7593093	91.34634	65.89535	412000	-4.768372e-10	566.46295	-0.003485059	-29.019836	0.39894536	0.007137569	0.066	79.0	341.09342074394226
103	500.0	0.0	500.0	500.0	500.0	83.399185	2.2472625	86.530426	75.250084	416000	1.9073487e-09	572.5844	-0.00088654284	-18.830322	0.40179154	0.0003470556	0.0075	79.0	344.3347895145416
104	500.0	0.0	500.0	500.0	500.0	81.243454	1.6446325	84.73221	69.14002	420000	3.5762786e-09	566.16113	-0.00079790386	-58.801483	0.41554546	0.0020604732	0.03025	79.0	347.581125497818
105	500.0	0.0	500.0	500.0	500.0	83.21593	4.2264037	91.014946	68.234726	424000	5.722046e-09	600.1942	-0.0015967941	-40.143616	0.39937216	0.000267369	0.026	79.0	350.9433171749115
106	500.0	0.0	500.0	500.0	500.0	82.04552	1.6191611	88.06312	79.86393	428000	6.198883e-09	548.9041	-0.0017452564	-32.022095	0.39546016	0.0024491858	0.0205	79.0	354.332040309906
107	500.0	0.0	500.0	500.0	500.0	83.17037	3.5775948	89.51639	77.24324	432000	1.4305115e-09	585.8324	-0.00086095097	-36.736206	0.40927416	0.0024321084	0.01	79.0	357.6904525756836
108	500.0	0.0	500.0	500.0	500.0	81.20677	0.7461903	85.58788	76.46389	436000	1.9073487e-09	548.7721	-0.002770166	-23.404968	0.4034019	0.0056731286	0.0375	79.0	360.9683382511139
109	500.0	0.0	500.0	500.0	500.0	86.51401	5.346821	94.20947	67.70508	440000	1.1444092e-08	686.8764	-0.0013367841	-133.19745	0.3998108	0.0019412496	0.0225	79.0	364.2396764755249
110	500.0	0.0	500.0	500.0	500.0	82.30361	0.37544295	85.893265	80.73706	444000	2.6226044e-09	554.069	-0.000797811	-5.619873	0.39430234	0.0015224831	0.01125	79.0	367.51872062683105
111	500.0	0.0	500.0	500.0	500.0	82.84949	0.8198966	85.42168	79.47855	448000	-4.529953e-09	550.9647	-0.0018517894	-3.8536377	0.38372868	0.0011325574	0.009	79.0	370.87804794311523
112	500.0	0.0	500.0	500.0	500.0	81.92161	1.313555	83.82499	76.28861	452000	1.1920929e-09	555.42236	-0.00401044	-5.8430176	0.38992962	0.009027767	0.05725	79.0	374.2224225997925
113	483.5	35.76311	500.0	391.0	483.5	82.048294	1.7598567	85.9504	68.06197	456000	8.34465e-09	597.554	-0.0012794337	-91.10062	0.41707477	0.003906756	0.0175	79.0	377.505562543869
114	500.0	0.0	500.0	500.0	500.0	78.750534	8.175706	89.09082	41.79242	460000	-2.3841857e-09	556.18335	-0.0013576904	-42.518127	0.41655788	0.0035441332	0.02625	79.0	380.7606053352356
115	500.0	0.0	500.0	500.0	500.0	82.64948	4.533381	90.900055	58.00671	464000	-1.1920929e-09	514.6693	-0.002293855	-60.655945	0.43369097	0.0038853278	0.03875	79.0	384.0880148410797
116	500.0	0.0	500.0	500.0	500.0	84.54552	4.900272	89.57912	70.23864	468000	4.2915342e-09	598.76733	-0.0027037826	-45.910706	0.4242081	0.0044994736	0.04325	79.0	387.3328959941864
117	500.0	0.0	500.0	500.0	500.0	81.72887	3.350562	87.18445	58.932533	472000	1.6450882e-08	510.82712	-0.002237704	-89.07013	0.44076097	0.0015282398	0.0245	79.0	390.6344289779663
118	442.55554	84.11118	500.0	279.0	442.55554	77.64384	7.5567484	90.91831	49.255405	476000	-7.2717667e-09	528.0981	-0.0040315823	-100.06601	0.43942443	0.004686066	0.0265	79.0	393.92742919921875
119	500.0	0.0	500.0	500.0	500.0	83.25519	5.633908	90.433	56.80675	480000	-5.2452087e-09	501.45474	-0.001825996	-34.287964	0.43743044	0.002069335	0.01175	79.0	397.2784881591797
120	500.0	0.0	500.0	500.0	500.0	83.92844	6.1663804	92.389145	54.103306	484000	5.9604646e-09	587.85913	-0.002133597	-53.524902	0.43836936	0.0030406516	0.0245	79.0	400.6100790500641
121	500.0	0.0	500.0	500.0	500.0	82.16634	2.720478	87.87289	61.603565	488000	1.2397766e-08	543.6077	-0.0031376618	-38.148224	0.43183756	0.0047918144	0.0455	79.0	403.847781419754
122	500.0	0.0	500.0	500.0	500.0	84.11477	2.7162666	88.22151	77.726364	492000	-5.00679e-09	576.1513	-0.002072633	-70.769165	0.43192548	0.0020528745	0.03975	79.0	407.0799152851105
123	500.0	0.0	500.0	500.0	500.0	82.983574	2.537977	85.271286	70.65266	496000	-5.2452087e-09	573.4415	-0.00078689517	-22.8302	0.42410028	0.0012933938	0.01125	79.0	410.3193073272705
124	500.0	0.0	500.0	500.0	500.0	81.99563	2.1158705	83.98233	72.124176	500000	-5.722046e-09	536.08875	-0.00078137685	-34.46707	0.41477498	0.00042858574	0.01375	79.0	413.5436120033264
125	500.0	0.0	500.0	500.0	500.0	80.27344	9.561844	86.985695	26.921896	504000	-8.34465e-09	573.31	-0.0017379929	-75.34097	0.42607677	0.0025561843	0.03225	79.0	416.75478291511536
126	500.0	0.0	500.0	500.0	500.0	83.092	3.6432502	86.99486	69.10137	508000	-6.6757204e-09	525.2415	-0.00095523667	-16.353088	0.41474336	0.0013602027	0.02075	79.0	419.98785424232483
127	500.0	0.0	500.0	500.0	500.0	82.40273	4.972265	87.76285	54.77853	512000	1.0728836e-09	589.4329	-0.0012335352	-71.05768	0.4207455	0.000591944	0.0115	79.0	423.2324650287628
128	500.0	0.0	500.0	500.0	500.0	80.488914	7.0556235	84.86314	36.648716	516000	2.861023e-09	543.0892	-0.0018561357	-47.502777	0.41490087	9.115771e-06	0.01325	79.0	426.4907591342926
129	500.0	0.0	500.0	500.0	500.0	82.87958	1.6813773	83.92486	68.130936	520000	6.0796737e-09	571.2305	-0.0021890223	-15.7578125	0.4208047	0.0028635354	0.0205	79.0	429.73502683639526
130	500.0	0.0	500.0	500.0	500.0	82.3244	0.41003856	82.423004	78.60838	524000	-2.7418137e-09	551.88293	-0.002021294	-28.871948	0.421483	0.002813427	0.02325	79.0	432.96221804618835
131	500.0	0.0	500.0	500.0	500.0	83.805695	0.47562084	84.12691	78.34252	528000	3.3378602e-09	562.792	-0.0022285876	-10.569153	0.42353797	0.0027295214	0.03975	79.0	436.19199538230896
132	500.0	0.0	500.0	500.0	500.0	81.40631	2.486813	82.56105	62.269463	532000	-6.198883e-09	523.9079	-0.0009972528	-75.468506	0.44138852	0.00082748395	0.01075	79.0	439.4287745952606
133	500.0	0.0	500.0	500.0	500.0	82.05128	8.886043	91.79582	57.48064	536000	1.1920929e-09	485.98486	-0.0026759512	-49.703827	0.4528401	0.0055950144	0.04775	79.0	442.67897152900696
134	500.0	0.0	500.0	500.0	500.0	85.90919	6.3240566	88.65359	49.369194	540000	2.6226044e-09	521.432	-0.0014194982	-75.25223	0.45310092	0.0011780292	0.01125	79.0	445.9433898925781
135	500.0	0.0	500.0	500.0	500.0	75.09156	13.507838	88.81822	22.568886	544000	-9.775162e-09	479.82407	-0.003429678	-71.58844	0.45053482	0.0030831466	0.041	79.0	449.1852729320526
136	500.0	0.0	500.0	500.0	500.0	88.70761	4.201999	91.773026	65.94224	548000	-2.6226044e-09	537.6213	-0.0016191673	-82.54022	0.43242773	0.0028476736	0.01275	79.0	452.5003299713135
137	500.0	0.0	500.0	500.0	500.0	50.748203	24.5922	88.75059	-23.516117	552000	6.192923e-08	1435.4608	-0.0025204062	-1213.2928	0.43427962	0.004831412	0.03225	79.0	455.73020458221436
138	500.0	0.0	500.0	500.0	500.0	89.05299	12.501996	98.15214	38.140667	556000	2.7418137e-09	418.1389	-0.0012042717	-97.62161	0.42934492	0.0012217844	0.02175	79.0	458.9755492210388
139	500.0	0.0	500.0	500.0	500.0	84.73886	10.669679	97.29062	35.077328	560000	-9.536743e-09	491.8589	-0.0032122186	-49.733337	0.42244795	0.0034764288	0.03375	79.0	462.3052906990051
140	500.0	0.0	500.0	500.0	500.0	74.43878	19.39775	90.929634	8.881865	564000	8.46386e-09	511.1562	-0.0013801741	-235.47662	0.41165796	0.003285763	0.00725	79.0	465.66089510917664
141	486.5	35.717644	500.0	392.0	486.5	88.91078	16.05609	98.529785	1.0223851	568000	-1.5497208e-09	499.70142	-0.0022058228	-200.07376	0.40679717	0.002098222	0.03525	79.0	469.0363883972168
142	500.0	0.0	500.0	500.0	500.0	82.34142	12.968144	95.08821	54.77532	572000	-1.7881393e-09	383.62546	-0.001820939	-56.975006	0.39872003	0.0026407877	0.0175	79.0	472.44413805007935
143	500.0	0.0	500.0	500.0	500.0	86.949486	10.616592	97.123764	46.782455	576000	-5.2452087e-09	439.35126	-0.0018021829	-51.015015	0.4026435	0.0029060754	0.02575	79.0	475.7683296203613
144	493.75	16.535946	500.0	450.0	493.75	81.682655	13.200575	93.75843	7.0832005	580000	7.1525574e-10	434.0669	-0.0017030084	-63.22357	0.42189988	0.002146689	0.02825	79.0	479.0519468784332
145	500.0	0.0	500.0	500.0	500.0	77.25094	14.847521	95.243744	27.882053	584000	1.6689301e-09	356.63568	-0.0024413336	-80.00061	0.422683	0.0060739443	0.0555	79.0	482.3281054496765
146	473.625	69.78169	500.0	289.0	473.625	84.93534	17.423742	93.809616	5.0015454	588000	5.2452087e-09	405.9698	-0.0045115706	-99.396484	0.43359387	0.005614925	0.06725	79.0	485.70644211769104
147	500.0	0.0	500.0	500.0	500.0	66.381294	21.704613	89.43716	16.356712	592000	1.4185906e-08	782.74896	-0.0015742327	-436.67184	0.42567536	0.0030306797	0.027	79.0	488.99684882164
148	492.625	11.03333	500.0	472.0	492.625	80.48205	17.069143	92.166466	-7.685442	596000	-1.3589859e-08	420.1321	-0.0043427087	-57.322693	0.42698288	0.00410266	0.065	79.0	492.3532838821411
149	493.75	11.723374	500.0	466.0	493.75	78.16507	14.319832	90.050316	9.247947	600000	-1.5497208e-09	355.61462	-0.0009196999	-61.962982	0.44215068	0.0010488301	0.01475	79.0	495.6442415714264
150	500.0	0.0	500.0	500.0	500.0	90.11987	7.8972445	94.694565	51.370655	604000	1.0490417e-08	523.1635	-0.0033171487	-95.16507	0.44050148	0.0039963108	0.034	79.0	498.9674229621887
151	466.0	45.37896	500.0	384.0	466.0	70.44226	20.41738	90.619415	-2.792358	608000	1.9550324e-08	431.53354	-0.0023267283	-150.14197	0.4632729	0.0030431144	0.0455	79.0	502.2937591075897
152	500.0	0.0	500.0	500.0	500.0	86.936455	6.007706	91.74374	39.278416	612000	7.867813e-09	510.4346	-0.001921543	-35.384827	0.4450916	0.0032042211	0.0245	79.0	505.6413233280182
153	493.875	12.574155	500.0	462.0	493.875	80.60925	14.774891	90.39725	-0.396196	616000	-7.688999e-09	471.17203	-0.0039344197	-38.30255	0.45116982	0.0028124626	0.05725	79.0	508.94435453414917
154	500.0	0.0	500.0	500.0	500.0	81.38518	4.515096	87.90829	60.900322	620000	8.34465e-09	489.27606	-0.002226613	-60.813354	0.42633724	0.0024605866	0.02275	79.0	512.204142332077
155	500.0	0.0	500.0	500.0	500.0	80.82132	11.934359	90.3322	22.599419	624000	-5.9604643e-10	385.47714	-0.003535167	-90.00665	0.43164575	0.0036645124	0.0345	79.0	515.4510469436646
156	500.0	0.0	500.0	500.0	500.0	88.86533	5.577005	92.56099	59.75149	628000	3.8146974e-09	541.762	-0.0018318763	-64.219055	0.44352838	0.002623878	0.02025	79.0	518.7830033302307
157	500.0	0.0	500.0	500.0	500.0	82.907936	5.3067265	89.41974	70.10817	632000	3.8146974e-09	503.19556	-0.0013413539	-42.398987	0.45241413	0.0045053144	0.02225	79.0	522.0328605175018
158	483.875	42.66274	500.0	371.0	483.875	73.47476	17.851786	87.858894	-1.9264362	636000	-1.5497208e-09	634.90924	-0.0026205275	-176.19434	0.46298042	0.003368643	0.052	79.0	525.2528636455536
159	491.75	14.324368	500.0	465.0	491.75	72.27233	18.299215	89.672485	2.4074929	640000	-2.2649764e-09	290.95563	-0.0035201502	-100.87297	0.46294928	0.005490218	0.044	79.0	528.5031297206879
160	500.0	0.0	500.0	500.0	500.0	92.44457	5.611724	96.38507	69.79881	644000	-1.0609627e-08	603.06	-0.002749479	-134.04684	0.43934345	0.002369955	0.03975	79.0	531.7764415740967
161	500.0	0.0	500.0	500.0	500.0	83.60292	4.430627	89.52774	62.659023	648000	-1.1920929e-09	584.17554	-0.0012413638	-35.570374	0.44275606	0.0041296994	0.022	79.0	535.0069653987885
162	500.0	0.0	500.0	500.0	500.0	81.84761	6.4661593	88.09228	59.687042	652000	2.861023e-09	535.58344	-0.0034181199	-72.329346	0.4456853	-0.0001453042	0.0155	79.0	538.2327876091003
163	500.0	0.0	500.0	500.0	500.0	77.67417	7.436579	86.595345	56.104107	656000	1.1563301e-08	432.9532	-0.002093293	-144.57306	0.44532937	0.0056300703	0.0385	79.0	541.4855074882507
164	500.0	0.0	500.0	500.0	500.0	90.6827	1.0198416	92.69717	86.68931	660000	2.169609e-08	618.09143	-0.0006306303	-89.11932	0.41317844	0.0050988942	0.01275	79.0	544.8346989154816
165	499.625	0.99215674	500.0	497.0	499.625	76.9002	18.433023	90.28504	-5.5933437	664000	-1.502037e-08	491.50555	-0.0022636647	-65.87439	0.43851653	0.004376394	0.04525	79.0	548.1446928977966
166	500.0	0.0	500.0	500.0	500.0	84.737625	3.333578	88.98687	68.691315	668000	8.106232e-09	515.3977	-0.0021726226	-28.414703	0.4172303	0.0020655429	0.03025	79.0	551.4669151306152
167	500.0	0.0	500.0	500.0	500.0	81.80837	7.558208	86.75052	34.876278	672000	4.768372e-10	474.95135	-0.002523397	-15.03125	0.42190012	0.0023464328	0.02125	79.0	554.6990020275116
168	500.0	0.0	500.0	500.0	500.0	82.51825	6.965879	86.22144	55.59114	676000	-5.9604646e-09	533.3774	-0.0024451115	-33.75589	0.41108745	0.00162392	0.0335	79.0	557.9401104450226
169	500.0	0.0	500.0	500.0	500.0	84.564476	1.7295736	85.61997	70.60018	680000	4.053116e-09	550.1149	-0.0020507467	-17.821472	0.4136801	0.0038043882	0.037	79.0	561.1763255596161
170	500.0	0.0	500.0	500.0	500.0	80.17089	5.2860293	84.1598	64.4076	684000	1.013279e-08	465.4923	-0.0014887748	-24.9198	0.40946543	0.0027767164	0.02325	79.0	564.422301530838
171	500.0	0.0	500.0	500.0	500.0	84.659966	4.429881	87.041275	64.14958	688000	-7.987023e-09	526.17596	-0.001124483	-71.44861	0.4118171	0.0026289981	0.01075	79.0	567.735878944397
172	500.0	0.0	500.0	500.0	500.0	85.24241	0.67310476	85.6669	79.80623	692000	-9.298325e-09	568.9213	-0.0013151192	-12.941589	0.4120194	0.0033398184	0.012	79.0	571.0805170536041
173	500.0	0.0	500.0	500.0	500.0	82.25132	0.9726793	82.77452	73.751076	696000	1.0371208e-08	556.2959	-0.003293193	-102.557556	0.4041328	0.0023745617	0.04	79.0	574.4247705936432
174	500.0	0.0	500.0	500.0	500.0	85.69005	2.568753	87.34665	70.2012	700000	4.6491624e-09	542.7522	-0.0027772454	-14.717712	0.40357995	0.0064251395	0.04	79.0	577.6645500659943
175	500.0	0.0	500.0	500.0	500.0	84.26365	3.4004538	85.933685	64.37912	704000	-4.053116e-09	596.9553	-0.0020480023	-59.713074	0.40131405	0.003141823	0.018	79.0	580.8834292888641
176	500.0	0.0	500.0	500.0	500.0	78.6737	6.4401665	83.71783	60.80169	708000	1.0967255e-08	497.16632	-0.0019685086	-27.872742	0.41499853	0.0026079568	0.024	79.0	584.1235003471375
177	500.0	0.0	500.0	500.0	500.0	85.55115	5.660914	89.0902	64.29375	712000	2.861023e-09	498.6045	-0.0014463906	-18.243042	0.41967738	0.0034093095	0.027	79.0	587.36883020401
178	500.0	0.0	500.0	500.0	500.0	83.11675	4.282049	88.44218	65.82453	716000	-2.2649764e-09	535.7352	-0.002979704	-12.549683	0.40045524	0.0073165535	0.0585	79.0	590.605810880661
179	500.0	0.0	500.0	500.0	500.0	87.45441	3.153154	89.54549	74.23028	720000	1.66893e-08	604.0235	-0.0033821857	-48.763	0.3895301	0.0030379305	0.0435	79.0	593.8486108779907
180	500.0	0.0	500.0	500.0	500.0	83.03022	1.5501351	87.64166	79.1564	724000	4.053116e-09	568.0909	-0.0010053462	-12.838074	0.3879468	0.0017898688	0.0145	79.0	597.1057097911835
181	500.0	0.0	500.0	500.0	500.0	82.391106	0.09556995	83.37954	81.604836	728000	-8.940697e-09	555.0293	-0.0022693116	-0.53656006	0.38824794	0.0020471367	0.03575	79.0	600.3539669513702
182	500.0	0.0	500.0	500.0	500.0	82.28861	0.28835374	83.03311	77.90247	732000	4.768372e-10	555.1895	-0.0016058299	-0.75683594	0.38934758	0.0035022716	0.02225	79.0	603.6310184001923
183	500.0	0.0	500.0	500.0	500.0	82.14507	1.6409206	84.42542	67.8993	736000	-4.768372e-10	535.60376	-0.002930324	-36.700256	0.39003292	0.003676942	0.04225	79.0	606.9229323863983
184	500.0	0.0	500.0	500.0	500.0	79.91883	4.5467157	86.301094	63.59878	740000	-7.7486035e-09	497.31863	-0.0016718959	-29.910828	0.38702446	0.0038724225	0.033	79.0	610.2213273048401
185	500.0	0.0	500.0	500.0	500.0	80.212204	8.415124	91.12499	66.356026	744000	1.3351441e-08	522.5455	-0.0033088706	-39.381866	0.39080632	0.005073789	0.07025	79.0	613.5596616268158
186	500.0	0.0	500.0	500.0	500.0	87.89053	6.4479737	95.07848	76.03812	748000	1.4185906e-08	539.9573	-0.0040309476	-35.24115	0.39093816	0.0036135402	0.04275	79.0	616.890153169632
187	500.0	0.0	500.0	500.0	500.0	83.57708	4.665972	90.817795	72.66331	752000	-8.5830685e-09	535.8738	-0.0034158418	-11.154114	0.3815286	0.003971354	0.04325	79.0	620.1815285682678
188	500.0	0.0	500.0	500.0	500.0	87.19976	4.009893	92.33566	74.167496	756000	-1.0609627e-08	594.79785	-0.003179544	-46.77539	0.38240027	0.0017246674	0.0315	79.0	623.4580764770508
189	500.0	0.0	500.0	500.0	500.0	83.00598	1.8312892	90.3717	79.89174	760000	8.34465e-09	553.0042	-0.0013076372	-3.2486572	0.3765921	0.0037160343	0.0125	79.0	626.7084875106812
190	500.0	0.0	500.0	500.0	500.0	83.317566	2.3385143	90.00445	73.15238	764000	5.9604643e-10	602.95593	-0.0020223763	-175.37592	0.38802677	0.0015160952	0.02325	79.0	629.9635307788849
191	500.0	0.0	500.0	500.0	500.0	82.439674	6.6529107	86.77819	59.801914	768000	1.2159347e-08	473.84753	-0.0027121762	-38.957153	0.39637384	0.002058675	0.02075	79.0	633.2370729446411
192	499.75	0.6614378	500.0	498.0	499.75	83.596825	9.51492	91.172325	58.829365	772000	-1.3113022e-09	526.01733	-0.0030087237	-35.509766	0.40620434	0.0023797092	0.03275	79.0	636.4717082977295
193	500.0	0.0	500.0	500.0	500.0	82.037285	6.676948	88.42181	58.395718	776000	2.3841857e-09	534.7818	-0.003546192	-38.663696	0.4041616	0.0043613324	0.06825	79.0	639.6995894908905
194	500.0	0.0	500.0	500.0	500.0	83.53213	3.755262	88.07199	62.306026	780000	-7.390976e-09	503.26562	-0.0032929901	-15.359283	0.38841105	0.005988645	0.0405	79.0	642.941367149353
195	500.0	0.0	500.0	500.0	500.0	82.03553	3.4904485	87.767525	66.409584	784000	-1.168251e-08	548.6225	-0.0017243986	-16.907593	0.38029993	0.0018734343	0.01375	79.0	646.2469210624695
196	486.25	36.37908	500.0	390.0	486.25	81.80766	3.595147	89.22361	58.81845	788000	7.152557e-09	565.37317	-0.0027417003	-54.96048	0.37349236	0.001533247	0.0085	79.0	649.490083694458
197	492.75	19.181698	500.0	442.0	492.75	80.32825	4.7296515	87.73862	64.70956	792000	1.9073487e-09	499.72296	-0.0017922105	-28.468323	0.36991715	-0.0007652762	0.01125	79.0	652.7297697067261
198	473.625	69.78169	500.0	289.0	473.625	80.95135	6.010482	87.57704	61.04892	796000	1.5795231e-09	500.5417	-0.0025519768	-17.964172	0.36658186	0.0021946917	0.02175	79.0	655.96297955513
199	500.0	0.0	500.0	500.0	500.0	83.57965	4.1625967	88.47022	60.169476	800000	1.0609627e-08	503.91986	-0.00405034	-31.216003	0.35318136	0.0041041495	0.06275	79.0	659.211446762085
