Epoch	AverageEpRet	StdEpRet	MaxEpRet	MinEpRet	EpLen	AverageVVals	StdVVals	MaxVVals	MinVVals	TotalEnvInteracts	LossPi	LossV	DeltaLossPi	DeltaLossV	Entropy	KL	ClipFrac	StopIter	Time
0	-496.75	8.598692	-474.0	-500.0	496.875	-0.04530727	0.05606022	0.08476019	-0.24863882	4000	-1.9216537e-07	6981.37	-0.0065670703	-1375.1641	1.0927289	0.009045575	0.0955	79.0	4.434104681015015
1	-500.0	0.0	-500.0	-500.0	500.0	-9.27007	1.0368081	-1.1258147	-9.826541	8000	3.771782e-07	5653.763	-0.007238034	-917.1157	1.0923595	0.0048707677	0.0485	79.0	8.69593858718872
2	-449.875	42.265347	-394.0	-500.0	450.5	-16.045927	0.583006	-9.15802	-16.366915	12000	-8.833408e-08	4469.4556	-0.01264	-648.1365	1.0770122	0.0069820494	0.06575	79.0	12.93667459487915
3	-343.81818	92.18935	-186.0	-500.0	344.72726	-21.44609	1.0247483	-9.723954	-21.756546	16000	-2.6476383e-07	3218.0408	-0.010674729	-437.70972	1.0559975	0.014096005	0.1365	79.0	17.143319129943848
4	-230.76471	39.521442	-172.0	-324.0	231.76471	-25.970888	0.96656114	-16.80923	-26.2876	20000	1.990795e-08	1861.7937	-0.0112118935	-228.17139	1.0331825	0.007924406	0.09925	79.0	21.386847734451294
5	-230.41176	33.70819	-172.0	-290.0	231.41176	-29.42018	1.1374475	-12.856211	-29.709053	24000	2.324581e-08	1619.535	-0.0059275916	-193.92297	1.0160336	0.016076222	0.1895	10.0	25.097813844680786
6	-186.85715	40.962566	-127.0	-291.0	187.85715	-30.723812	7.9965906	28.020363	-32.93116	28000	2.7537347e-08	1172.6473	-0.0061599948	-184.27844	0.93103635	0.0154114235	0.17775	11.0	28.825498580932617
7	-145.11111	27.231972	-94.0	-205.0	146.11111	-34.174416	5.0856414	29.786348	-35.503155	32000	-1.3113022e-09	643.8739	-0.005923648	-51.434998	0.8333693	0.009415959	0.09325	79.0	33.05850410461426
8	-148.38461	27.40168	-100.0	-243.0	149.38461	-35.826508	5.126202	25.586414	-37.21306	36000	1.4305114e-08	625.669	-0.0147186015	-70.21954	0.8342205	0.014720864	0.15625	79.0	37.35039186477661
9	-155.64	74.45798	-100.0	-500.0	156.6	-35.49658	6.6770225	-1.9727598	-38.913532	40000	-8.106232e-09	895.6299	-0.008911656	-250.53497	0.80291516	0.006806453	0.07	79.0	41.73652005195618
10	-133.51724	55.606762	-93.0	-410.0	134.51724	-35.925594	8.342491	15.978979	-40.923088	44000	5.4597855e-08	511.72916	-0.008364327	-49.007843	0.7449317	0.01155201	0.12075	79.0	46.2624626159668
11	-146.92592	72.50845	-94.0	-500.0	147.88889	-34.750286	10.769327	11.467597	-42.57182	48000	-3.4570693e-08	751.3491	-0.006761704	-215.05865	0.73930824	0.0150324125	0.1075	36.0	50.122806549072266
12	-128.23334	26.0201	-92.0	-204.0	129.23334	-38.044243	10.492406	13.339628	-44.36253	52000	-2.9325486e-08	334.2183	-0.0073616994	-33.517273	0.75775933	0.011168145	0.1145	79.0	54.42356824874878
13	-121.03125	24.40733	-74.0	-177.0	122.03125	-37.94741	10.709162	0.92951554	-45.667088	56000	-4.053116e-09	275.44147	-0.007363089	-40.411682	0.7273654	0.003516483	0.0775	79.0	58.806483030319214
14	-122.09375	25.101494	-83.0	-188.0	123.09375	-36.883102	11.494131	2.4806998	-46.71511	60000	-1.6450882e-08	234.28896	-0.009510599	-23.996597	0.6839405	0.0086443415	0.13325	79.0	63.060611963272095
15	-111.85714	20.382265	-73.0	-183.0	112.85714	-38.168648	11.788178	1.2113583	-47.83861	64000	2.1457673e-08	159.0823	-0.007371537	-15.789398	0.65588075	0.0053546596	0.05025	79.0	67.27958989143372
16	-106.432434	20.52229	-80.0	-177.0	107.432434	-36.177105	13.6621275	3.5205314	-48.67452	68000	1.013279e-08	147.28528	-0.008413728	-15.679733	0.6198788	0.006913644	0.0635	79.0	71.51292324066162
17	-106.45946	27.05809	-76.0	-233.0	107.45946	-35.2357	14.264814	14.397138	-49.30632	72000	6.556511e-09	199.14629	-0.0074633663	-22.80336	0.55842	0.0056527345	0.06725	79.0	75.77452445030212
18	-99.710526	20.922047	-76.0	-166.0	100.710526	-36.189964	13.654214	10.159036	-49.92733	76000	-1.1444092e-08	173.3324	-0.0052721226	-19.072418	0.5106982	0.0029404056	0.037	79.0	80.03957629203796
19	-106.0	27.355518	-79.0	-217.0	107.0	-35.922264	13.791415	-1.5393597	-50.449432	80000	8.225441e-09	200.38612	-0.0091555845	-27.131927	0.5155981	0.012919588	0.09125	79.0	84.32918787002563
20	-96.439026	18.42592	-77.0	-181.0	97.439026	-38.95816	13.22178	9.635741	-51.077477	84000	-1.2874604e-08	117.257614	-0.006198811	-23.956795	0.53152454	0.003966767	0.07575	79.0	88.58951878547668
21	-102.18421	30.676458	-67.0	-226.0	103.18421	-34.04853	14.746054	3.3392687	-51.256382	88000	-7.2717667e-09	213.27303	-0.0077862237	-19.477936	0.47860357	0.0044587073	0.06775	79.0	92.91635465621948
22	-94.07143	21.531145	-69.0	-183.0	95.07143	-36.331074	14.16106	5.84919	-51.82657	92000	-4.2915342e-09	124.58569	-0.0053726262	-22.780037	0.42947322	0.0034330206	0.0415	79.0	97.11126852035522
23	-107.0	49.452682	-62.0	-307.0	108.0	-31.541187	15.468154	4.840981	-52.0925	96000	-1.0728836e-09	558.10223	-0.007616006	-180.09167	0.33376017	0.016751206	0.0505	21.0	100.83160424232483
24	-91.30232	18.411997	-66.0	-187.0	92.30232	-40.45489	11.259244	11.531598	-52.780052	100000	-2.4795533e-08	162.777	-0.0061102184	-66.144485	0.37148327	0.0065833284	0.06075	79.0	105.0540099143982
25	-96.825	27.769485	-70.0	-203.0	97.825	-34.91971	14.5001	7.3207827	-52.670555	104000	9.179115e-09	191.90602	-0.0055359476	-19.166016	0.37895888	0.00241837	0.03875	79.0	109.46784257888794
26	-92.5	25.577381	-64.0	-208.0	93.5	-35.663883	14.580015	13.807349	-53.032795	108000	-1.4305115e-09	181.54266	-0.00498672	-26.995453	0.33836615	0.00026196468	0.02725	79.0	113.77640151977539
27	-95.21951	34.44013	-62.0	-214.0	96.21951	-34.838505	14.291888	7.391109	-53.213127	112000	-2.0503998e-08	263.35815	-0.006468104	-25.161163	0.31951916	0.0021696384	0.03075	79.0	118.0107650756836
28	-89.704544	29.591599	-63.0	-258.0	90.704544	-37.191944	13.103627	1.7977965	-53.581135	116000	0.0	178.91147	-0.004845533	-23.792877	0.3043895	0.0029407379	0.04075	79.0	122.29891395568848
29	-85.933334	11.614933	-62.0	-119.0	86.933334	-34.217014	14.575222	9.785909	-53.578148	120000	-2.503395e-09	62.50767	-0.0043034493	-6.0721817	0.3074227	0.0017749033	0.0255	79.0	126.66323065757751
30	-86.22222	21.87834	-62.0	-206.0	87.22222	-33.46068	14.58448	8.528674	-53.57201	124000	1.1205673e-08	138.1675	-0.003823567	-24.516502	0.27547747	0.0023059412	0.01875	79.0	130.96896934509277
31	-85.86957	23.649256	-61.0	-223.0	86.86957	-33.790405	15.177264	20.842045	-53.757664	128000	3.8146974e-09	150.53528	-0.005014531	-31.756088	0.2800421	-0.0006197625	0.02375	79.0	135.26895570755005
32	-86.53333	19.060837	-60.0	-156.0	87.53333	-33.460167	14.629304	26.357092	-53.699203	132000	3.8146974e-09	110.85386	-0.0036506644	-8.586456	0.25625423	0.001873712	0.02	79.0	139.59967875480652
33	-93.690475	38.25944	-62.0	-237.0	94.690475	-33.46481	13.9482155	2.8515544	-53.82522	136000	2.5629998e-09	308.5838	-0.0035566578	-66.42311	0.23781216	0.0023711484	0.02675	79.0	143.91819405555725
34	-85.934784	21.388134	-61.0	-161.0	86.934784	-36.64146	13.958067	6.0945883	-54.219833	140000	4.7683715e-09	133.6001	-0.00477756	-16.24656	0.23655275	0.0025021213	0.0225	79.0	148.17094373703003
35	-88.38636	34.357887	-61.0	-272.0	89.38636	-33.78494	13.965922	8.064102	-54.10972	144000	-6.9141386e-09	238.13516	-0.0047015487	-24.655746	0.21702328	0.0033780674	0.02425	79.0	152.4339747428894
36	-81.8125	18.198736	-63.0	-184.0	82.8125	-35.349876	13.905428	7.3742456	-54.30977	148000	-8.5830685e-09	116.846535	-0.004018451	-16.102478	0.22228765	0.0028090014	0.03125	79.0	156.6801815032959
37	-78.755104	12.666089	-60.0	-122.0	79.755104	-32.920383	14.258664	16.630087	-54.00894	152000	-1.9073487e-09	65.562386	-0.0044416394	-5.9505844	0.2203224	0.0030721491	0.0305	79.0	160.99446654319763
38	-84.565216	24.86892	-62.0	-191.0	85.565216	-31.488857	14.399074	8.373007	-53.770596	156000	-8.5830685e-09	155.48686	-0.0038047433	-12.1783905	0.20497335	0.001667091	0.0265	79.0	165.26986074447632
39	-84.978264	24.546751	-59.0	-213.0	85.978264	-33.43234	14.542876	12.297183	-54.255733	160000	3.5762786e-09	139.94829	-0.004545314	-10.769089	0.20557074	0.00479619	0.02425	79.0	169.5117208957672
40	-84.71739	25.535707	-61.0	-203.0	85.71739	-34.264076	14.234718	8.057539	-54.37064	164000	-5.2452087e-09	151.05095	-0.0048681307	-6.0429688	0.19056399	0.0044144765	0.02275	79.0	173.77453660964966
41	-87.066666	23.180834	-62.0	-181.0	88.066666	-33.28868	14.063717	13.942081	-54.24906	168000	-5.00679e-09	138.036	-0.0044356617	-11.436516	0.19280063	0.001966728	0.02825	79.0	178.1118574142456
42	-87.2	27.965532	-62.0	-201.0	88.2	-32.824196	15.531215	3.9575806	-54.60408	172000	1.013279e-08	249.22202	-0.0032728	-90.159515	0.1635006	0.0010181251	0.01725	79.0	182.38037705421448
43	-82.291664	20.174198	-57.0	-180.0	83.291664	-34.87657	14.118743	6.6438794	-54.707066	176000	-1.6629697e-08	130.4272	-0.0042407727	-36.87578	0.16826677	0.0026082578	0.0195	79.0	186.68286752700806
44	-79.71429	12.298996	-61.0	-113.0	80.71429	-33.186478	14.916398	8.455919	-54.459938	180000	3.5762786e-09	67.759254	-0.005188241	-11.401688	0.16708879	0.0030626687	0.0295	79.0	190.98822045326233
45	-84.02128	19.891716	-61.0	-190.0	85.02128	-31.020855	14.557778	4.857215	-54.03632	184000	1.4305115e-09	114.5958	-0.0052003623	-12.395988	0.15995425	0.0043259203	0.02575	79.0	195.2764389514923
46	-88.90909	63.69452	-61.0	-500.0	89.88636	-34.353947	14.015214	9.3403225	-54.533653	188000	1.4305114e-08	355.56802	-0.0049850713	-96.444885	0.16621059	0.00082601426	0.01925	79.0	199.51233792304993
47	-83.85107	35.915966	-61.0	-315.0	84.85107	-34.99555	15.195878	11.361172	-55.365383	192000	5.9604646e-09	165.80798	-0.0038771518	-9.256622	0.15744747	0.0009901681	0.0285	79.0	203.7192142009735
48	-79.34694	11.730913	-61.0	-115.0	80.34694	-32.644547	14.727333	9.439058	-54.646576	196000	-1.07288365e-08	61.705063	-0.005230107	-10.41584	0.15135132	0.0027797536	0.01975	79.0	207.94328474998474
49	-83.40426	19.464819	-61.0	-160.0	84.40426	-31.76082	14.713061	8.598824	-54.317863	200000	5.4836273e-09	103.49036	-0.005448197	-7.4828415	0.15544766	0.002103954	0.0355	79.0	212.19579792022705
50	-93.02381	71.26427	-61.0	-500.0	94.0	-35.304615	14.013776	7.7732654	-55.2507	204000	1.5735626e-08	405.14557	-0.008833967	-80.081665	0.15273033	0.011913416	0.045	79.0	216.40665650367737
51	-83.59574	16.01417	-60.0	-158.0	84.59574	-33.229652	15.303259	11.134393	-56.248432	208000	-1.0251999e-08	104.85701	-0.00506158	-26.315125	0.16686286	0.0018022058	0.02375	79.0	220.63572812080383
52	-93.02381	41.63646	-61.0	-290.0	94.02381	-32.711636	14.183151	10.65844	-56.13131	212000	-7.510185e-09	327.65213	-0.0034745762	-66.19217	0.13875353	0.0024497097	0.021	79.0	224.9097936153412
53	-80.38776	24.62686	-61.0	-222.0	81.38776	-37.291187	14.289313	14.21798	-57.008205	216000	1.168251e-08	155.01923	-0.005491879	-33.429245	0.15355021	0.0042224973	0.027	79.0	229.164635181427
54	-83.106384	16.266705	-63.0	-138.0	84.106384	-31.328293	14.677825	5.5984488	-54.03367	220000	1.1086464e-08	96.98983	-0.004752754	-13.197243	0.1554054	0.0036409039	0.024	79.0	233.4792366027832
55	-81.041664	13.796071	-62.0	-131.0	82.041664	-33.56886	14.586835	5.820913	-56.040024	224000	1.1920929e-09	69.97838	-0.004214704	-7.399292	0.15771952	0.0025539042	0.024	79.0	237.77919697761536
56	-90.30232	31.703228	-63.0	-209.0	91.30232	-31.322495	14.2235155	1.4519691	-54.939266	228000	-3.0994414e-08	237.0271	-0.0065965117	-44.70807	0.15118508	0.0071531553	0.03425	79.0	242.0801022052765
57	-81.583336	18.933912	-61.0	-178.0	82.583336	-35.508118	15.10002	7.599811	-57.28197	232000	8.761883e-09	140.4259	-0.0040256656	-40.87214	0.14877096	0.0013491322	0.02325	79.0	246.29532623291016
58	-86.08889	29.374836	-63.0	-213.0	87.08889	-31.978878	14.148968	3.9046187	-54.930595	236000	-5.543232e-09	213.7516	-0.0049741617	-35.719635	0.14576505	0.00079808844	0.0135	79.0	251.28886365890503
59	-88.63636	33.74375	-62.0	-259.0	89.63636	-34.51794	14.156245	4.39791	-55.83137	240000	7.1525574e-10	200.01147	-0.0059331683	-21.036285	0.15044332	0.003857125	0.0245	79.0	255.78569149971008
60	-86.53333	46.553482	-60.0	-300.0	87.53333	-35.951797	13.897313	12.436912	-56.593346	244000	2.8371812e-08	309.2298	-0.004066002	-63.18811	0.12479399	0.0003091888	0.02125	79.0	260.01690006256104
61	-82.125	15.410528	-63.0	-142.0	83.125	-32.239418	14.995472	24.058916	-54.78272	248000	5.3644182e-09	93.052444	-0.005227217	-15.071754	0.1374749	0.0029340065	0.02375	79.0	264.31555438041687
62	-84.67391	24.281012	-62.0	-215.0	85.67391	-32.114754	14.89232	15.556461	-55.474785	252000	0.0	146.92519	-0.0061648125	-23.481232	0.13722977	0.005998901	0.034	79.0	268.56092262268066
63	-79.83673	16.665188	-62.0	-144.0	80.83673	-34.5567	14.259171	1.0771832	-55.84139	256000	4.7683715e-09	95.78339	-0.0066103986	-13.706711	0.13642748	0.0035497455	0.0355	79.0	272.8850345611572
64	-95.02439	50.54266	-62.0	-305.0	96.02439	-32.087425	13.295299	4.6384425	-54.103664	260000	5.2809714e-08	408.69046	-0.004766025	-101.217285	0.13300054	0.0014205418	0.02625	79.0	277.1311385631561
65	-79.36735	14.509242	-63.0	-154.0	80.36735	-35.72927	15.428839	7.8087053	-57.673317	264000	2.6226044e-08	103.37978	-0.009697192	-35.115875	0.12494304	0.015370422	0.044	58.0	281.31951880455017
66	-81.854164	36.34556	-61.0	-317.0	82.854164	-32.713898	14.601886	14.187492	-55.043766	268000	-1.1444092e-08	174.98105	-0.0055763917	-22.278	0.16354991	0.0037697887	0.0245	79.0	285.5711190700531
67	-78.4	10.221546	-60.0	-116.0	79.4	-32.173542	14.636683	11.622927	-55.685272	272000	3.8444994e-09	45.723248	-0.0071151713	-4.9171143	0.15943068	0.0010655185	0.0325	79.0	289.771133184433
68	-80.916664	17.185062	-61.0	-141.0	81.916664	-30.916035	14.929814	13.614846	-54.470165	276000	-1.168251e-08	100.07911	-0.0072130365	-13.074081	0.14141864	0.013231348	0.041	79.0	294.0781750679016
69	-105.189186	91.4853	-62.0	-500.0	106.16216	-32.042694	13.050098	7.6830745	-54.518673	280000	1.9311905e-08	784.2645	-0.010842808	-350.62283	0.14373809	0.0114048645	0.06425	79.0	298.4478244781494
70	-89.22727	64.26079	-60.0	-500.0	90.204544	-40.920734	15.617845	9.597424	-63.513477	284000	-7.2717667e-09	291.7072	-0.0068161814	-55.875244	0.18322784	0.0017444777	0.035	79.0	302.76991176605225
71	-79.38776	14.479847	-61.0	-136.0	80.38776	-34.12565	14.433505	12.493976	-63.44444	288000	6.9737434e-09	81.26675	-0.007524931	-15.974419	0.17753956	0.0038958408	0.03425	79.0	306.9261248111725
72	-102.947365	77.87302	-62.0	-478.0	103.947365	-35.46175	16.131704	7.0851593	-63.51615	292000	-7.152557e-09	469.94687	-0.0059505124	-77.77042	0.17491376	0.0024256066	0.021	79.0	311.1537585258484
73	-78.61224	9.925881	-63.0	-102.0	79.61224	-37.815334	14.365023	3.703496	-65.93418	296000	2.9206277e-08	102.516426	-0.0074289786	-51.45739	0.19434799	0.002465092	0.033	79.0	315.48336458206177
74	-83.510635	22.856508	-61.0	-202.0	84.510635	-31.867489	15.290808	23.054186	-64.79232	300000	-1.7881394e-08	126.6287	-0.006801966	-14.134506	0.18576646	0.0018033786	0.02975	79.0	319.7447063922882
75	-81.125	17.394474	-62.0	-140.0	82.125	-33.77875	14.443167	8.074926	-56.510624	304000	-2.3841857e-09	94.08708	-0.006748333	-7.175102	0.17415352	0.0038767923	0.03425	79.0	323.99679684638977
76	-85.04348	32.5763	-61.0	-268.0	86.04348	-31.823807	14.701338	3.381594	-55.995037	308000	-1.4305115e-09	210.37523	-0.0069197346	-40.30748	0.15981299	0.0017932458	0.024	79.0	328.20372676849365
77	-76.82353	12.971621	-61.0	-148.0	77.82353	-34.88482	14.431237	6.9701505	-63.054203	312000	1.579523e-08	74.75945	-0.006072506	-26.25425	0.1357569	0.0015552458	0.032	79.0	332.5283658504486
78	-83.6383	38.5991	-61.0	-259.0	84.6383	-31.6397	14.313755	7.258482	-57.118473	316000	1.9073486e-08	279.99225	-0.007059068	-37.56961	0.14064506	0.0033138269	0.02975	79.0	336.798789024353
79	-81.395836	25.452356	-63.0	-220.0	82.395836	-33.748512	14.114863	2.8282037	-61.29895	320000	1.66893e-08	142.85742	-0.00501418	-21.39685	0.1411191	0.00267924	0.025	79.0	341.2174825668335
80	-89.545456	37.04939	-61.0	-234.0	90.545456	-31.478558	15.298213	7.761618	-60.54199	324000	2.6345253e-08	312.79138	-0.006725742	-76.83801	0.13766128	0.016781867	0.06525	9.0	344.94951152801514
81	-78.32	20.013435	-61.0	-170.0	79.32	-37.28993	13.484195	9.647959	-58.745857	328000	2.6226044e-09	147.2344	-0.0074733975	-36.751045	0.16624191	0.0028054342	0.03675	79.0	349.26325488090515
82	-80.75	24.093136	-61.0	-202.0	81.75	-31.418262	14.4907255	9.983951	-54.694965	332000	-4.7683715e-09	133.08797	-0.0050161835	-13.756371	0.1406567	0.002671115	0.02125	79.0	353.5126488208771
83	-92.42857	51.67165	-61.0	-338.0	93.42857	-32.587395	13.503403	6.548629	-55.30232	336000	1.4901161e-09	397.18417	-0.004928804	-107.52649	0.12574223	9.902517e-05	0.02125	79.0	357.86437010765076
84	-78.16	17.301283	-62.0	-164.0	79.16	-37.417988	14.752904	7.380348	-66.66256	340000	-1.5974045e-08	128.30962	-0.005729354	-49.44465	0.13835424	0.00070536666	0.02325	79.0	362.19281673431396
85	-79.28571	14.245658	-62.0	-125.0	80.28571	-31.628162	14.11602	5.5089273	-58.004166	344000	-2.026558e-09	80.516945	-0.0058595245	-12.315323	0.140121	0.0025896577	0.02275	79.0	366.41922402381897
86	-81.895836	30.233286	-62.0	-233.0	82.895836	-31.000364	14.5223	9.311608	-54.79164	348000	-2.026558e-08	234.56602	-0.014789244	-50.275284	0.12207825	0.015293691	0.051	78.0	370.90312027931213
87	-86.888885	42.445377	-61.0	-312.0	87.888885	-33.634007	13.894888	7.201566	-55.845848	352000	-6.6161157e-09	276.40506	-0.0060990877	-47.46968	0.15022403	0.0036770701	0.03075	79.0	375.17443561553955
88	-74.65385	10.910272	-61.0	-119.0	75.65385	-34.805866	14.185509	9.063554	-57.098663	356000	3.4570693e-08	75.96613	-0.0062085344	-30.846615	0.13830645	0.0021839258	0.02675	79.0	379.5346496105194
89	-76.01961	10.933829	-61.0	-110.0	77.01961	-29.774485	14.411186	7.411358	-52.880573	360000	-1.1920929e-09	49.667942	-0.0063117617	-4.992813	0.13259356	0.0034271483	0.02675	79.0	384.0893316268921
90	-78.3	19.612497	-61.0	-178.0	79.3	-30.348042	14.686728	6.422077	-54.417526	364000	4.053116e-09	109.0854	-0.0044437298	-9.881691	0.1270956	0.0019311404	0.019	79.0	388.3478157520294
91	-77.254906	16.07439	-62.0	-165.0	78.254906	-31.91875	14.228075	4.70863	-54.408062	368000	-1.3113022e-09	77.872536	-0.006026365	-3.575348	0.12764049	0.002530565	0.02725	79.0	392.6481864452362
92	-81.770836	21.993599	-62.0	-172.0	82.770836	-30.589012	14.302378	11.104516	-54.182503	372000	-3.218651e-09	136.10385	-0.005436956	-14.240562	0.124524966	0.0016533515	0.0345	79.0	396.8731074333191
93	-79.918365	21.634096	-62.0	-168.0	80.918365	-33.194767	14.151078	7.33054	-55.891872	376000	-2.9802323e-09	132.02612	-0.006341503	-7.8243637	0.12537245	0.0038769473	0.0265	79.0	401.10919713974
94	-85.565216	29.5522	-62.0	-216.0	86.565216	-32.598133	13.547589	22.70428	-54.96711	380000	-1.013279e-09	181.26453	-0.0045889425	-19.073288	0.12984745	0.0021840052	0.0255	79.0	405.43319392204285
95	-77.27451	23.115294	-62.0	-221.0	78.27451	-35.092823	13.96129	17.970922	-56.33279	384000	-7.2717667e-09	134.509	-0.004659375	-30.50766	0.13577947	0.0013669233	0.0265	79.0	409.7295367717743
96	-76.07843	17.0246	-61.0	-154.0	77.07843	-30.737688	14.503832	14.31944	-53.50584	388000	-7.1525574e-10	101.694305	-0.0055491277	-12.85038	0.13632454	0.004304942	0.0265	79.0	414.0160346031189
97	-78.78	21.352554	-62.0	-170.0	79.78	-30.345997	14.2515745	9.320331	-53.94647	392000	3.5762787e-10	128.35385	-0.0048135617	-16.948082	0.13413695	0.0008716623	0.01825	79.0	418.3361084461212
98	-76.196075	14.676939	-62.0	-152.0	77.196075	-31.620926	14.355519	6.2702246	-55.80052	396000	8.8214875e-09	74.8023	-0.00591614	-6.7245636	0.13238433	0.0034784263	0.0225	79.0	422.5931839942932
99	-83.702126	36.599567	-63.0	-304.0	84.702126	-30.321081	13.7610445	4.5811524	-53.47117	400000	-5.3644182e-09	255.10416	-0.006352216	-97.05684	0.1343727	0.0014186843	0.026	79.0	426.86756777763367
100	-78.84	17.587906	-62.0	-162.0	79.84	-33.874924	14.094982	13.551886	-63.88456	404000	4.7683715e-09	120.25948	-0.0067631723	-34.008247	0.13076364	0.0018770153	0.02625	79.0	431.42315459251404
101	-78.84	15.467851	-62.0	-154.0	79.84	-31.246624	14.785832	17.321196	-54.196537	408000	-8.642673e-09	71.66851	-0.0058761225	-4.622917	0.116100766	0.004809169	0.02825	79.0	435.96456122398376
102	-74.65385	11.883868	-61.0	-106.0	75.65385	-32.36718	14.550732	2.7166789	-54.83228	412000	-9.298325e-09	54.7048	-0.005732738	-8.876991	0.12943241	0.0039993897	0.024	79.0	440.20098066329956
103	-81.604164	18.897465	-62.0	-164.0	82.604164	-29.043972	14.537299	6.0349846	-52.429783	416000	0.0	115.53971	-0.0057203234	-19.675545	0.12824143	0.0046754293	0.02825	79.0	444.7427842617035
104	-84.978264	45.219505	-62.0	-271.0	85.978264	-33.228416	13.736	10.589367	-55.52763	420000	2.503395e-09	339.09723	-0.004286095	-96.81059	0.10610505	0.0014199988	0.01825	79.0	449.0630986690521
105	-81.354164	28.278738	-62.0	-190.0	82.354164	-33.22546	14.133589	5.840121	-56.124966	424000	2.3841857e-09	193.14441	-0.0086315395	-17.939865	0.11354996	0.01055804	0.03625	79.0	453.34576416015625
106	-78.3	28.533665	-62.0	-256.0	79.3	-34.385082	13.842376	4.2063713	-65.129265	428000	-4.768372e-10	135.29314	-0.0068670926	-13.359329	0.11096317	0.002300433	0.02675	79.0	457.5814735889435
107	-78.32	25.812738	-62.0	-246.0	79.32	-31.629526	13.912515	19.957708	-54.140057	432000	1.0728836e-09	127.39647	-0.0069967443	-25.122108	0.1290398	0.0032289533	0.03475	79.0	461.83883452415466
108	-85.13636	40.982033	-62.0	-284.0	86.13636	-33.130405	15.309635	15.613301	-64.93105	436000	2.3841857e-09	310.9767	-0.0055137905	-37.219574	0.124359116	0.003254186	0.02625	79.0	466.05514693260193
109	-77.16	14.897462	-62.0	-155.0	78.16	-34.75815	14.242062	3.1864488	-66.63076	440000	2.384186e-10	133.022	-0.007515352	-23.38565	0.13041906	0.00473322	0.035	79.0	470.33698892593384
110	-85.78261	62.880814	-62.0	-500.0	86.76087	-33.14123	14.943847	6.3589077	-60.414555	444000	-9.894371e-09	388.88824	-0.0105041005	-156.01729	0.11846393	0.0046317866	0.02725	79.0	474.604700088501
111	-75.745094	18.469734	-61.0	-161.0	76.745094	-33.807404	15.73286	31.29166	-72.568596	448000	4.529953e-09	187.55301	-0.0076315613	-39.457184	0.104382135	0.0004638284	0.02325	79.0	478.9775936603546
112	-76.23529	11.152399	-62.0	-102.0	77.23529	-31.218687	13.83792	4.554429	-54.41931	452000	-1.1920929e-08	54.53756	-0.005673053	-7.5206985	0.10749501	0.0018429812	0.023	79.0	483.3791470527649
113	-79.30612	15.195601	-62.0	-143.0	80.30612	-30.905073	14.27171	7.64369	-57.980427	456000	-2.43783e-08	75.63549	-0.0068528606	-6.3153076	0.109521694	0.003605246	0.026	79.0	487.79415106773376
114	-77.64	15.579165	-62.0	-135.0	78.64	-31.707958	14.487805	9.031873	-54.7766	460000	-1.8298627e-08	86.66098	-0.008096343	-9.55558	0.11326504	0.0050031175	0.0345	79.0	492.1176323890686
115	-80.75	23.841927	-62.0	-192.0	81.75	-30.965004	14.117828	9.321298	-54.60003	464000	8.225441e-09	157.21028	-0.005562372	-24.823547	0.10367614	0.0009050141	0.02325	79.0	496.43536162376404
116	-78.66	25.351616	-62.0	-218.0	79.66	-33.19605	13.953634	4.1821103	-55.63993	468000	1.5676022e-08	152.35013	-0.004696714	-10.834488	0.101516224	0.0017408103	0.01875	79.0	500.70408368110657
117	-83.978264	30.99473	-62.0	-209.0	84.978264	-31.584633	13.659461	2.1857817	-53.402386	472000	7.1525574e-10	200.3441	-0.0059338775	-23.664932	0.10521755	0.00030886897	0.029	79.0	505.0267245769501
118	-76.95918	14.274222	-62.0	-148.0	77.95918	-33.744884	14.152748	2.2763314	-56.30166	476000	-1.013279e-08	134.00607	-0.005071853	-28.047394	0.095041394	0.0023018809	0.02275	79.0	509.3608214855194
119	-77.254906	28.869444	-62.0	-217.0	78.254906	-32.5608	14.28332	5.177729	-55.619576	480000	-9.536743e-09	195.25557	-0.007584514	-25.203339	0.09003264	0.005496873	0.02475	79.0	513.5998649597168
120	-77.72	19.711966	-61.0	-159.0	78.72	-31.301746	13.589924	2.5631804	-57.369526	484000	6.198883e-09	117.26252	-0.007922816	-9.657303	0.10718936	0.0018593209	0.02325	79.0	517.853565454483
121	-82.893616	42.27078	-62.0	-322.0	83.893616	-32.18504	12.918046	7.452798	-54.885105	488000	9.298325e-09	319.67184	-0.0069439723	-79.556366	0.09957844	0.0011292421	0.02425	79.0	522.1935150623322
122	-85.608696	31.11373	-62.0	-205.0	86.608696	-34.481083	14.665639	13.47005	-68.88205	492000	-3.0398368e-09	231.07422	-0.006615247	-38.66101	0.10510574	0.0027943547	0.03425	79.0	526.5142066478729
123	-84.5	25.893385	-62.0	-232.0	85.5	-33.658016	13.80972	9.615715	-57.58283	496000	6.3180923e-09	169.8	-0.0072669755	-41.02133	0.11926097	0.0023871025	0.02525	79.0	530.7590036392212
124	-79.20408	22.459017	-62.0	-212.0	80.20408	-35.15628	14.596034	9.179141	-58.94484	500000	-1.2159347e-08	117.47261	-0.007296402	-17.650223	0.102412105	0.0019537066	0.03325	79.0	535.0657091140747
125	-83.02128	46.13601	-62.0	-372.0	84.02128	-31.452774	14.162785	10.794026	-59.06577	504000	8.3446505e-10	367.56085	-0.0050779553	-147.26532	0.0903622	0.00084792124	0.02275	79.0	539.288800239563
126	-79.38776	28.652613	-62.0	-227.0	80.38776	-31.134396	14.988752	28.961664	-54.146324	508000	1.001358e-08	227.61325	-0.015826691	-85.22055	0.0967837	0.015017355	0.0515	68.0	543.4354784488678
127	-78.2	30.849958	-62.0	-277.0	79.2	-33.230217	14.782613	10.221007	-65.47561	512000	1.168251e-08	152.0045	-0.010615386	-11.228729	0.10193854	0.0047976044	0.03475	79.0	547.7598912715912
128	-76.0	11.442953	-62.0	-115.0	77.0	-31.258045	13.94075	8.730227	-53.802036	516000	1.1205673e-08	52.031128	-0.0066740005	-6.8179817	0.09603855	0.0025344552	0.03025	79.0	552.0021395683289
129	-74.78846	9.705938	-61.0	-97.0	75.78846	-30.556313	14.816653	10.687802	-53.577282	520000	-1.2755394e-08	37.75307	-0.005978376	-2.7169075	0.08684889	0.0028052311	0.02325	79.0	556.2600309848785
130	-75.5	18.239792	-63.0	-176.0	76.5	-30.764399	14.584353	4.11173	-58.66249	524000	-9.894371e-09	152.23764	-0.010474236	-21.014786	0.09950577	0.009830963	0.03725	79.0	560.4763667583466
131	-73.33962	9.390769	-61.0	-94.0	74.33962	-31.95604	14.111037	9.289717	-53.709846	528000	-1.001358e-08	45.751556	-0.007508335	-13.2546425	0.097723074	0.0016675188	0.03225	79.0	564.7263598442078
132	-73.49056	10.787173	-62.0	-103.0	74.49056	-29.439627	14.5253525	8.923306	-52.085377	532000	9.536744e-10	41.686813	-0.0065295296	-2.1211967	0.09308894	0.0020072125	0.029	79.0	568.9697186946869
133	-76.60784	25.33004	-62.0	-226.0	77.60784	-29.866116	14.135537	9.265829	-52.554363	536000	-1.2159347e-08	149.66606	-0.008608098	-19.116486	0.09848554	0.0035490817	0.02475	79.0	573.3155517578125
134	-76.45098	22.417004	-62.0	-211.0	77.45098	-30.934895	13.679313	1.504443	-53.159843	540000	-8.642673e-09	126.25712	-0.0053066444	-19.574142	0.093526006	0.0024518142	0.02975	79.0	577.6538207530975
135	-94.46342	77.6754	-63.0	-500.0	95.439026	-32.020077	14.639551	11.050708	-59.751083	544000	-2.6702882e-08	593.96497	-0.008864214	-225.21689	0.119032875	0.0044122403	0.03275	79.0	581.9889779090881
136	-82.76596	30.83602	-62.0	-242.0	83.76596	-35.76018	14.157357	11.339866	-71.33434	548000	-1.4603138e-09	177.30403	-0.0118059665	-18.205383	0.12881382	0.0050819404	0.0445	79.0	586.2998342514038
137	-75.82692	17.668661	-61.0	-167.0	76.82692	-33.379585	14.199255	8.691102	-55.670643	552000	2.8133393e-08	107.40158	-0.006449814	-24.080078	0.092824385	-3.0464098e-05	0.02525	79.0	590.5412926673889
138	-77.27451	19.352335	-63.0	-184.0	78.27451	-31.329218	14.487581	4.1605177	-68.48787	556000	2.384186e-10	93.35532	-0.006810542	-10.29567	0.09945863	0.0004477443	0.0255	79.0	594.8395104408264
139	-72.296295	10.096992	-62.0	-109.0	73.296295	-31.850657	14.43789	3.3591478	-55.031017	560000	-1.168251e-08	43.664097	-0.0053743413	-8.144833	0.083472915	0.0021183998	0.019	79.0	599.1396236419678
140	-78.22	32.951656	-62.0	-279.0	79.22	-28.53232	14.684173	10.775567	-69.099556	564000	-2.1219254e-08	304.69363	-0.009019011	-125.79956	0.101867825	0.0056915088	0.02975	79.0	603.7052578926086
141	-74.396225	11.829512	-62.0	-107.0	75.396225	-32.26975	13.357967	5.1278496	-61.92695	568000	-1.1920929e-08	81.228035	-0.00902737	-26.503029	0.089738615	0.0034554857	0.028	79.0	608.6605799198151
142	-85.78261	43.15186	-61.0	-302.0	86.78261	-29.186518	13.812793	7.940725	-53.52151	572000	-1.66893e-08	392.59006	-0.011386059	-134.42764	0.12888643	0.0063254237	0.0405	79.0	613.007265329361
143	-76.68627	14.610619	-62.0	-119.0	77.68627	-34.414436	14.040189	6.5756316	-62.82056	576000	-1.8715859e-08	89.36297	-0.0077430173	-21.087654	0.09435098	0.003440215	0.0265	79.0	617.2716948986053
144	-73.71698	12.142824	-62.0	-123.0	74.71698	-31.253126	14.152123	7.7090755	-54.482628	580000	8.3446505e-10	63.808094	-0.006721585	-7.366188	0.094565675	0.002556211	0.026	79.0	621.5291886329651
145	-73.50944	16.70569	-62.0	-172.0	74.50944	-30.134552	13.999192	10.983071	-53.21415	584000	3.8146974e-09	81.132484	-0.008634047	-12.945335	0.08904019	0.0018472908	0.0245	79.0	625.7776341438293
146	-78.76	31.959072	-63.0	-248.0	79.76	-29.495579	14.11544	9.595821	-58.477585	588000	7.629395e-09	232.91554	-0.010344366	-58.737732	0.09240644	0.0051290593	0.0365	79.0	630.0539515018463
147	-71.74074	12.609792	-62.0	-141.0	72.74074	-32.316845	13.725817	9.128723	-54.340427	592000	3.8146974e-09	72.19006	-0.0065471423	-21.251286	0.079987735	0.0015584414	0.0245	79.0	634.2490880489349
148	-70.98182	10.897023	-62.0	-110.0	71.98182	-29.439043	14.218964	6.3104367	-52.373817	596000	-7.390976e-09	44.21775	-0.0060715117	-4.123871	0.07735813	0.0022090517	0.0185	79.0	638.5668745040894
149	-72.84906	10.257801	-62.0	-100.0	73.84906	-28.67792	14.019974	3.1769216	-51.60997	600000	-7.1525574e-10	63.91857	-0.006123555	-6.7724	0.080643706	0.0025859	0.02875	79.0	642.8147821426392
150	-71.666664	11.922589	-62.0	-111.0	72.666664	-30.51263	14.095328	16.308449	-53.818615	604000	-1.1920929e-08	55.3659	-0.0074952855	-4.927227	0.078852974	0.0029643746	0.02875	79.0	647.100656747818
151	-81.583336	24.270039	-62.0	-203.0	82.583336	-28.268944	13.887618	5.9264097	-52.79369	608000	-1.1920929e-08	164.55661	-0.0064210207	-38.290283	0.0866177	0.0005644334	0.0235	79.0	651.295289516449
152	-71.96296	15.824224	-62.0	-173.0	72.96296	-34.042118	14.157612	6.18274	-56.08617	612000	-1.180172e-08	110.16163	-0.004760702	-45.36309	0.0715455	0.00222443	0.02925	79.0	655.4685437679291
153	-74.86539	14.210003	-62.0	-120.0	75.86539	-29.560621	13.60847	6.0257993	-52.835243	616000	-8.34465e-09	77.855644	-0.0068236133	-12.45784	0.07891838	0.0045629167	0.02675	79.0	659.6573581695557
154	-72.296295	11.166467	-62.0	-107.0	73.296295	-30.294296	14.604175	9.054217	-53.183678	620000	-1.1861324e-08	50.55387	-0.006028651	-5.0429153	0.07764848	0.0031050206	0.023	79.0	663.7750997543335
155	-71.34545	9.607228	-62.0	-96.0	72.34545	-29.482164	14.26509	5.8294888	-51.901855	624000	4.1723253e-10	34.751656	-0.0060834796	-2.9609299	0.073740065	0.0024519835	0.02325	79.0	667.9310042858124
156	-74.80769	23.15835	-62.0	-224.0	75.80769	-28.307941	14.329569	11.270533	-51.313828	628000	4.887581e-09	159.1999	-0.0054187765	-49.664665	0.072454624	0.004236848	0.02775	79.0	672.0314221382141
157	-73.69811	16.343697	-62.0	-160.0	74.69811	-30.707321	14.035015	12.547387	-62.76819	632000	5.2452087e-09	81.24837	-0.0053734193	-11.164658	0.06917693	0.0044672117	0.02275	79.0	676.1836450099945
158	-80.36735	62.360275	-62.0	-500.0	81.34694	-30.7952	13.579223	7.417354	-52.622852	636000	5.00679e-09	401.41675	-0.013345057	-175.47441	0.07714093	0.017858537	0.0605	37.0	680.0247802734375
159	-74.41509	14.618978	-61.0	-141.0	75.41509	-31.153091	14.47437	3.734901	-77.19467	640000	-1.0967255e-08	94.138374	-0.009974522	-32.411163	0.07880164	0.0033510071	0.0275	79.0	684.1014244556427
160	-72.79245	13.768105	-62.0	-116.0	73.79245	-30.550764	13.983463	4.0252395	-53.03638	644000	3.5762786e-09	72.755264	-0.007108815	-5.0540466	0.07790776	0.0033642994	0.025	79.0	688.1035642623901
161	-72.03704	10.838824	-61.0	-100.0	73.03704	-30.389774	13.664215	8.562097	-52.771477	648000	-1.1920929e-09	49.60131	-0.0067432965	-6.310711	0.076366745	0.0030226687	0.02625	79.0	692.1340620517731
162	-78.44	29.049723	-62.0	-218.0	79.44	-28.664856	13.773076	5.1661825	-52.707188	652000	-2.0384789e-08	219.75508	-0.008913479	-43.81514	0.08773959	0.0051638004	0.0315	79.0	696.0699408054352
163	-75.59615	17.498638	-62.0	-157.0	76.59615	-31.967989	13.630838	7.352025	-54.123993	656000	-4.768372e-10	95.469604	-0.0072062295	-10.497482	0.09029552	0.0008096533	0.0305	79.0	700.1000025272369
164	-75.67308	15.815913	-62.0	-139.0	76.67308	-31.046831	13.791129	9.747144	-54.71802	660000	1.2278557e-08	78.26748	-0.0074369465	-6.5000763	0.08617045	0.0022923704	0.02775	79.0	704.1879477500916
165	-74.6	11.405262	-62.0	-101.0	75.6	-30.945368	14.30437	9.998284	-58.90151	664000	1.0728836e-09	150.60716	-0.006845994	-36.628067	0.08326746	0.002610895	0.0245	79.0	708.33509516716
166	-71.545456	11.577122	-62.0	-106.0	72.545456	-32.193714	14.149472	9.111071	-53.87343	668000	1.2397766e-08	64.44173	-0.0048120795	-15.791115	0.07356453	0.002100215	0.02	79.0	712.443975687027
167	-72.37255	13.843609	-62.0	-120.0	73.37255	-28.384188	13.989139	17.314606	-53.205128	672000	-5.7816507e-09	246.859	-0.0056632645	-91.22609	0.071518585	0.0030044855	0.02175	79.0	716.5082330703735
168	-71.2	9.441495	-62.0	-100.0	72.2	-31.016594	13.888163	6.617455	-53.243725	676000	1.6093255e-08	45.324673	-0.0070940075	-11.503292	0.06433667	0.0054209	0.022	79.0	720.5019609928131
169	-71.72727	11.85435	-62.0	-125.0	72.72727	-28.997646	14.245831	16.099096	-61.248253	680000	3.2782554e-09	50.996017	-0.0076101613	-3.943142	0.076607354	0.0054715807	0.0335	79.0	724.4384746551514
170	-71.81481	11.318739	-61.0	-101.0	72.81481	-29.115128	13.938523	5.825875	-52.60997	684000	-4.768372e-10	52.38568	-0.006784285	-4.356903	0.08171195	0.003420776	0.03225	79.0	728.394332408905
171	-74.81633	16.647207	-62.0	-140.0	75.81633	-29.274363	13.93636	5.65722	-52.440727	688000	-4.768372e-10	281.5401	-0.006206818	-89.44951	0.07999118	0.0025457866	0.0255	79.0	732.2999148368835
172	-76.333336	13.383729	-61.0	-103.0	77.333336	-31.973005	13.6298065	16.154633	-65.95568	692000	4.768372e-10	80.31312	-0.0071032518	-24.924831	0.082317844	0.00272808	0.034	79.0	736.5556104183197
173	-75.69231	37.23343	-61.0	-328.0	76.69231	-33.03279	14.810095	14.619218	-70.638756	696000	2.5510788e-08	183.61752	-0.009295738	-36.361145	0.09000503	0.00401073	0.03175	79.0	740.4012994766235
174	-75.86539	11.799656	-62.0	-112.0	76.86539	-29.794743	14.148614	19.296003	-71.009094	700000	1.0669232e-08	71.36094	-0.0070324657	-23.496727	0.08304219	0.0025033613	0.028	79.0	744.0771975517273
175	-73.603775	12.340055	-62.0	-122.0	74.603775	-31.098875	14.366195	8.415749	-54.117096	704000	1.20997425e-08	57.38877	-0.0067561967	-6.3379135	0.07607351	0.0029047586	0.0275	79.0	747.6075532436371
176	-79.61224	32.814144	-62.0	-253.0	80.61224	-30.26317	14.423139	4.628975	-57.86275	708000	-3.3378602e-09	211.50882	-0.0083589	-29.72293	0.07589026	0.007022637	0.02775	79.0	751.420000076294
177	-76.196075	22.287796	-62.0	-212.0	77.196075	-31.964254	13.824593	3.4582129	-55.952667	712000	-5.543232e-09	151.1784	-0.005507927	-57.4467	0.080879405	0.0005236476	0.01875	79.0	754.9505355358124
178	-80.5	27.45223	-61.0	-193.0	81.5	-31.912815	13.485736	2.5385718	-57.359035	716000	0.0	172.15941	-0.007758686	-20.133118	0.078730315	0.0037342997	0.0305	79.0	758.4962329864502
179	-74.30769	19.529604	-61.0	-193.0	75.30769	-33.54293	14.389922	7.8196874	-56.05849	720000	4.529953e-09	97.10719	-0.0065941294	-16.899567	0.079842396	0.0036194378	0.02625	79.0	762.0347332954407
180	-72.90741	14.214324	-62.0	-155.0	73.90741	-30.491343	14.295916	5.1313577	-53.387787	724000	1.2159347e-08	62.790127	-0.007202257	-5.9622383	0.07665126	0.004028858	0.02775	79.0	765.5757129192352
181	-73.26415	12.359629	-61.0	-128.0	74.26415	-29.346786	14.458069	5.512617	-53.788845	728000	-5.9604646e-09	53.192898	-0.007747052	-4.0779	0.08194684	0.004908022	0.03275	79.0	769.2124116420746
182	-69.03509	8.871332	-61.0	-115.0	70.03509	-31.05562	13.855023	9.709485	-52.880672	732000	-5.722046e-09	39.378365	-0.007770397	-11.67182	0.07726337	0.0035822613	0.026	79.0	772.7827279567719
183	-74.86539	16.713686	-62.0	-148.0	75.86539	-26.964731	14.400838	11.099709	-51.362408	736000	7.2717667e-09	101.85908	-0.009297458	-20.280182	0.085605726	0.0048439633	0.029	79.0	776.2642312049866
184	-82.333336	38.204674	-61.0	-238.0	83.333336	-30.622992	13.564207	8.80337	-53.65532	740000	-1.4781952e-08	277.33328	-0.010520697	-61.102783	0.10295834	0.008155244	0.039	79.0	779.6912224292755
185	-72.888885	11.63594	-62.0	-116.0	73.888885	-33.28327	13.85239	10.347867	-55.454006	744000	1.8030406e-08	74.17991	-0.0074202195	-26.511063	0.091674656	0.0028623038	0.02875	79.0	783.1255195140839
186	-72.05556	11.571703	-62.0	-103.0	73.05556	-29.858606	14.070314	7.0213375	-53.21972	748000	3.695488e-09	50.09675	-0.007080192	-3.262825	0.08506702	0.0017992171	0.0275	79.0	786.5942196846008
187	-76.23529	18.48432	-61.0	-139.0	77.23529	-28.902555	13.902373	7.291958	-52.007908	752000	-1.5079975e-08	107.06753	-0.010439668	-14.090103	0.0881725	0.0061869286	0.03575	79.0	790.0175609588623
188	-72.69811	13.614068	-62.0	-145.0	73.69811	-31.197052	13.895947	4.9048114	-53.780525	756000	1.0609627e-08	72.01373	-0.007638551	-6.14904	0.08429468	0.0019099341	0.0225	79.0	793.4270617961884
189	-78.18	54.2519	-61.0	-452.0	79.18	-30.903519	13.521327	5.57022	-52.94988	760000	-1.502037e-08	314.59424	-0.010105741	-159.01233	0.10834114	0.0052528004	0.038	79.0	796.8071982860565
190	-70.16071	11.300722	-62.0	-110.0	71.16071	-30.658371	13.97762	25.882421	-53.41399	764000	-1.6450882e-08	61.416714	-0.007682271	-13.475868	0.08024631	0.0038873113	0.0285	79.0	800.2167072296143
191	-73.50944	14.417786	-61.0	-143.0	74.50944	-28.304598	14.0743475	7.119375	-72.46808	768000	-1.1444092e-08	77.22186	-0.007857682	-12.156769	0.08043513	0.0010469477	0.02975	79.0	803.7142131328583
192	-79.36735	30.581236	-62.0	-242.0	80.36735	-29.911526	13.462542	2.8297737	-52.75887	772000	-7.033348e-09	213.64267	-0.0067071947	-43.999542	0.07935878	0.0045772186	0.026	79.0	807.1423997879028
193	-72.471695	13.023351	-61.0	-113.0	73.471695	-32.5549	13.618059	5.2868605	-54.590378	776000	1.7404556e-08	82.59707	-0.007705662	-19.03363	0.086384326	0.0028232178	0.02825	79.0	810.537309885025
194	-70.16071	8.308294	-61.0	-92.0	71.16071	-30.306515	14.263949	3.1468155	-54.006676	780000	-2.3841857e-09	30.68128	-0.006353081	-6.043663	0.076506525	0.003219191	0.02425	79.0	814.0436959266663
195	-71.90741	10.391001	-62.0	-108.0	72.90741	-28.54529	14.10007	9.827726	-51.863884	784000	1.2516975e-08	41.088875	-0.0069680796	-3.3443527	0.081538506	0.0011356507	0.026	79.0	817.7812676429749
196	-70.76363	12.943184	-61.0	-114.0	71.76363	-29.641277	14.18359	5.063339	-52.204323	788000	-1.859665e-08	57.67771	-0.0089793755	-5.0086327	0.0815352	0.005313099	0.02775	79.0	821.1660933494568
197	-68.38596	7.5434513	-61.0	-96.0	69.38596	-29.16535	14.02315	4.05437	-51.838104	792000	-1.9073487e-09	24.95287	-0.0060778246	-4.523077	0.073322676	0.0033806434	0.01875	79.0	824.5416033267975
198	-76.35294	15.745305	-61.0	-146.0	77.35294	-26.817665	14.101043	7.560567	-50.841026	796000	-1.4185906e-08	100.738434	-0.007987803	-25.137978	0.082889944	0.0023290848	0.03375	79.0	827.921731710434
199	-69.163635	9.411335	-61.0	-95.0	70.163635	-31.633492	14.052638	7.8987784	-54.95717	800000	-2.7179718e-08	95.81319	-0.007419563	-16.099358	0.06623916	0.0049321237	0.027	79.0	831.2838826179504
