Epoch	AverageEpRet	StdEpRet	MaxEpRet	MinEpRet	EpLen	AverageVVals	StdVVals	MaxVVals	MinVVals	TotalEnvInteracts	LossPi	LossV	DeltaLossPi	DeltaLossV	Entropy	KL	ClipFrac	StopIter	Time
0	-1196.4927	325.022	-775.8597	-1828.8157	200.0	0.22545876	0.21242964	0.48115832	-0.20409459	4000	-4.339218e-08	150073.11	-0.0036482755	-5839.3438	0.91893786	0.0039561517	0.0475	79.0	3.9364686012268066
1	-1250.1649	289.24982	-819.5339	-1698.9911	200.0	-8.42845	1.0073897	-4.8663187	-9.424641	8000	4.014969e-07	154687.42	-0.004737245	-5408.8125	0.9008183	0.004876318	0.0485	79.0	7.627269506454468
2	-1206.6841	195.9133	-874.2117	-1688.682	200.0	-16.37273	0.20250115	-15.446507	-16.577011	12000	-6.2942505e-08	133457.78	-0.003754511	-3908.6094	0.90831	0.0035999827	0.03825	79.0	11.412654399871826
3	-1109.9025	239.6673	-761.1003	-1666.1218	200.0	-22.390621	0.10507946	-21.999952	-22.503149	16000	-5.2452087e-09	111589.28	-0.0043478385	-3084.2266	0.8870239	0.0034690707	0.04175	79.0	15.174579381942749
4	-1249.8357	282.14615	-855.6305	-1816.8928	200.0	-27.706099	0.04095603	-27.548496	-27.745121	20000	3.33786e-08	137734.86	-0.0050054207	-3588.4531	0.88405776	0.003577556	0.05925	79.0	18.95580244064331
5	-1091.2322	244.5396	-752.6984	-1596.7206	200.0	-33.28411	0.039137732	-33.109188	-33.327885	24000	2.4318695e-08	99555.61	-0.005419897	-2594.3828	0.8493729	0.004346974	0.0545	79.0	22.63419222831726
6	-1169.1234	243.36113	-769.2512	-1673.1273	200.0	-38.127888	0.021103075	-38.006187	-38.14846	28000	3.242493e-08	111993.99	-0.0057536317	-2901.5469	0.82981294	0.0063547897	0.05475	79.0	26.322155475616455
7	-1109.2538	260.551	-752.37335	-1637.0693	200.0	-43.18665	0.021918975	-43.090027	-43.209248	32000	9.202957e-08	98049.8	-0.004684241	-2554.3125	0.84062123	0.006790152	0.044	79.0	30.17881464958191
8	-1060.6477	244.4233	-758.8861	-1539.489	200.0	-47.999916	0.013585294	-47.960766	-48.01683	36000	-7.43866e-08	87497.336	-0.007014399	-2300.8516	0.81523377	0.004177347	0.05175	79.0	33.843937158584595
9	-1096.3177	199.31522	-767.9907	-1437.1389	200.0	-52.603584	0.008061116	-52.578537	-52.613564	40000	1.9073487e-09	89017.664	-0.0036160932	-2388.5938	0.8030266	0.0036972153	0.03	79.0	37.51117277145386
10	-1072.073	212.2666	-749.13947	-1595.2946	200.0	-57.30825	0.006023168	-57.28769	-57.316235	44000	6.2942505e-08	81670.37	-0.00661674	-2173.4219	0.8086393	0.0048060273	0.06575	79.0	41.2055389881134
11	-1088.9719	225.334	-751.3053	-1587.1887	200.0	-61.84989	0.0052484274	-61.830486	-61.856213	48000	-2.2888184e-08	81443.53	-0.003306254	-2107.8125	0.78465825	0.0046758843	0.02975	79.0	45.04823184013367
12	-1068.8518	223.35663	-686.5827	-1626.5061	200.0	-66.35047	0.0052624047	-66.33499	-66.356766	52000	3.051758e-08	76809.57	-0.0036879692	-2017.6094	0.7825185	0.003445436	0.03575	79.0	48.73738193511963
13	-1157.0503	207.15408	-852.42194	-1586.6035	200.0	-70.79624	0.003899122	-70.782776	-70.80021	56000	-1.2779236e-07	85170.8	-0.003943826	-2248.2031	0.781547	0.004301065	0.02975	79.0	52.552019357681274
14	-1043.6177	176.26561	-729.25214	-1407.4197	200.0	-75.49699	0.004367977	-75.48303	-75.50225	60000	5.7220458e-08	66565.41	-0.003363495	-1787.7891	0.7917919	0.0035595	0.0345	79.0	56.20156979560852
15	-1148.1956	193.06514	-831.1393	-1639.4751	200.0	-79.768936	0.003378504	-79.75743	-79.77227	64000	2.040863e-07	80047.77	-0.0048629493	-2121.711	0.77708495	0.0033036289	0.061	79.0	59.9761323928833
16	-1055.6996	164.91081	-856.99384	-1556.3358	200.0	-84.39739	0.003723175	-84.38764	-84.402016	68000	-4.482269e-08	64339.617	-0.0042472724	-1794.0977	0.75233257	0.0020318045	0.03175	79.0	63.74067831039429
17	-970.94073	121.16893	-749.5654	-1244.2673	200.0	-88.73075	0.003021549	-88.7242	-88.73521	72000	-1.2779236e-07	51329.008	-0.0054992065	-1471.9844	0.76023674	0.005439106	0.05025	79.0	67.52101397514343
18	-1093.2825	194.17488	-752.87915	-1513.6678	200.0	-92.699326	0.002274018	-92.69313	-92.70209	76000	2.193451e-08	68868.27	-0.0032678803	-1904.6094	0.7662525	0.0036990347	0.03025	79.0	71.25339651107788
19	-1029.7455	146.70865	-753.8056	-1343.8469	200.0	-97.19206	0.0021095783	-97.186	-97.194695	80000	-1.1825561e-07	54716.53	-0.004250387	-1540.4531	0.7542318	0.0034418588	0.04825	79.0	74.95261216163635
20	-1018.9842	163.87296	-691.4017	-1346.0107	200.0	-101.32366	0.0017375074	-101.31897	-101.325935	84000	8.583069e-08	51678.688	-0.0035904676	-1427.5938	0.7411249	0.0040507764	0.0275	79.0	78.75903940200806
21	-1044.1647	116.90129	-862.36334	-1234.4818	200.0	-105.3212	0.001377429	-105.31711	-105.323	88000	-1.1444092e-08	52464.887	-0.0045200107	-1487.7031	0.73990375	0.0029250965	0.045	79.0	82.54174494743347
22	-1064.6455	192.14645	-741.7554	-1490.6263	200.0	-109.42875	0.0013515069	-109.425575	-109.43034	92000	1.1634827e-07	55040.72	-0.0045814407	-1459.207	0.7222519	0.003729601	0.05125	79.0	86.31067490577698
23	-990.2562	194.63185	-755.3767	-1503.7413	200.0	-113.5413	0.0013637792	-113.53726	-113.543106	96000	-4.1007997e-08	44865.824	-0.005075083	-1163.2734	0.69434375	0.004008271	0.03925	79.0	90.00298166275024
24	-1014.1918	165.1255	-751.6853	-1277.095	200.0	-117.27594	0.0011924439	-117.2723	-117.27747	100000	-9.1552735e-08	44773.42	-0.004774411	-1215.8672	0.67515284	0.0061396915	0.0425	79.0	93.76019644737244
25	-973.24725	135.4561	-749.2617	-1249.2501	200.0	-121.10389	0.0011159468	-121.10106	-121.10542	104000	1.2397766e-07	38909.72	-0.0055251583	-1046.1094	0.70288074	0.0077424	0.06175	79.0	97.53223609924316
26	-1057.04	156.0321	-758.0561	-1347.7615	200.0	-124.71839	0.0010338844	-124.7152	-124.71959	108000	3.8146972e-08	47236.67	-0.005712417	-1284.8047	0.66561955	0.005706404	0.0595	79.0	101.44472789764404
27	-986.06775	211.64587	-743.5458	-1540.8698	200.0	-128.72313	0.0010731835	-128.72075	-128.72449	112000	-8.583069e-08	40761.96	-0.005088885	-1079.3906	0.6426461	0.0047845086	0.042	79.0	105.0885968208313
28	-1012.2218	131.71556	-845.0595	-1326.8435	200.0	-132.47432	0.0008875774	-132.47192	-132.47546	116000	-5.4359436e-08	39051.152	-0.006371084	-1046.4062	0.67370063	0.006911433	0.0565	79.0	108.74464631080627
29	-986.0075	188.60922	-730.12823	-1370.2284	200.0	-136.18962	0.0010079449	-136.18718	-136.19083	120000	1.0490417e-08	37534.637	-0.005491716	-926.1914	0.661357	0.005073542	0.052	79.0	112.39747071266174
30	-966.4391	207.86577	-632.3453	-1543.1093	200.0	-139.73631	0.0010004377	-139.73392	-139.73758	124000	-5.531311e-08	34961.938	-0.004666429	-842.33594	0.6631624	0.0041891607	0.04225	79.0	116.10996627807617
31	-899.7108	152.54608	-686.6918	-1288.4495	200.0	-143.15706	0.00099237	-143.15479	-143.15843	128000	5.3405763e-08	24971.88	-0.0054285233	-606.48047	0.6514922	0.005629519	0.05325	79.0	119.89602065086365
32	-1029.9281	167.92621	-804.2344	-1333.6196	200.0	-146.1229	0.0009907417	-146.12054	-146.12404	132000	9.536743e-09	38743.895	-0.0053644422	-1023.20703	0.63267523	0.005665159	0.04225	79.0	123.68751311302185
33	-900.05975	150.82956	-746.16205	-1317.615	200.0	-149.92915	0.0008818741	-149.92726	-149.93036	136000	-4.7683717e-08	24657.557	-0.0054453	-565.69727	0.6547753	0.0053158486	0.04325	79.0	127.47292590141296
34	-951.4448	199.35408	-715.3919	-1371.4836	200.0	-152.89612	0.0008204712	-152.8943	-152.89713	140000	5.722046e-09	29901.277	-0.0043444354	-668.69336	0.66974413	0.0038407291	0.04	79.0	131.33808064460754
35	-986.68976	207.69572	-625.0782	-1622.2761	200.0	-156.08153	0.0007879106	-156.07962	-156.08246	144000	-2.8610229e-08	32477.033	-0.0062662894	-766.99414	0.6658098	0.0045461175	0.054	79.0	135.1730215549469
36	-946.0161	119.23412	-631.1287	-1101.3533	200.0	-159.54309	0.0008154003	-159.54117	-159.5441	148000	4.9591065e-08	25375.97	-0.004175677	-622.74023	0.66925335	0.0038108963	0.0415	79.0	138.99750232696533
37	-972.15985	186.12057	-759.0322	-1411.0757	200.0	-162.73378	0.0008456138	-162.73187	-162.73477	152000	1.9073487e-09	29678.322	-0.0028854941	-706.50195	0.6753061	0.0044517326	0.03225	79.0	142.7780158519745
38	-944.35693	146.3257	-677.96924	-1290.5654	200.0	-166.13972	0.0007862122	-166.13808	-166.14069	156000	-3.6239623e-08	25548.559	-0.0049351435	-577.3594	0.6913228	0.005287852	0.0475	79.0	146.4993908405304
39	-934.52216	138.51779	-748.1317	-1349.519	200.0	-169.29031	0.0007351928	-169.28867	-169.29123	160000	9.536743e-09	24316.59	-0.0051897974	-503.5039	0.7050936	0.005755747	0.05475	79.0	150.28366041183472
40	-1013.4886	149.45445	-761.121	-1305.6669	200.0	-172.26572	0.0007528742	-172.26405	-172.26656	164000	-1.3351441e-08	30357.377	-0.0057983547	-805.2324	0.6885447	0.002987755	0.0485	79.0	154.1077721118927
41	-1018.9269	153.47966	-777.65155	-1325.1414	200.0	-176.01244	0.00068914355	-176.01065	-176.0132	168000	-5.722046e-09	29960.084	-0.0056825066	-722.05273	0.6402481	0.0068863044	0.06225	79.0	157.89257049560547
42	-951.98206	141.79909	-758.3033	-1243.6409	200.0	-179.65456	0.0007427477	-179.65302	-179.65547	172000	-3.528595e-08	23715.477	-0.005124751	-510.11328	0.6174668	0.006339256	0.04425	79.0	161.62113499641418
43	-944.72736	118.02432	-760.5349	-1228.0475	200.0	-182.77461	0.00068312325	-182.77315	-182.77544	176000	3.71933e-08	21473.598	-0.0041738055	-437.5957	0.60396075	0.0041690744	0.031	79.0	165.5471179485321
44	-866.209	114.001526	-737.88574	-1106.9341	200.0	-185.68549	0.00070038484	-185.6842	-185.68643	180000	-1.9073487e-09	16430.98	-0.0046914653	-237.06445	0.59265405	0.005174354	0.03425	79.0	169.4093074798584
45	-974.11346	188.8156	-710.9074	-1379.5342	200.0	-187.89839	0.00069651427	-187.89702	-187.89919	184000	-1.7166137e-08	25135.895	-0.0037538705	-436.83398	0.5808614	0.002893942	0.0355	79.0	173.10614490509033
46	-966.923	145.23843	-754.32056	-1377.2635	200.0	-190.83983	0.00071546604	-190.83842	-190.84065	188000	1.4305114e-08	23496.86	-0.0044065937	-437.95508	0.5614011	0.005067253	0.04075	79.0	176.84825110435486
47	-915.22266	182.22693	-626.89825	-1381.3175	200.0	-193.87578	0.0007310169	-193.87437	-193.87665	192000	-6.6757204e-09	20176.988	-0.0046867044	-255.05273	0.5417092	0.002333032	0.0455	79.0	180.4886748790741
48	-870.7095	89.778046	-692.41736	-1081.1517	200.0	-196.26761	0.0007382674	-196.26627	-196.2686	196000	1.2397766e-08	15582.744	-0.0041684913	-169.17383	0.51684225	0.0033260337	0.04675	79.0	184.14663362503052
49	-929.02136	138.06673	-626.5677	-1302.8221	200.0	-198.23782	0.0007455042	-198.23634	-198.2387	200000	-3.4332274e-08	19082.725	-0.0038245607	-249.40234	0.5187797	0.007122808	0.03025	79.0	187.87921142578125
50	-866.133	169.59099	-499.15744	-1247.5997	200.0	-200.61632	0.00081804127	-200.6149	-200.61734	204000	-3.8146972e-08	16226.891	-0.009467979	-114.211914	0.514168	0.006497253	0.07975	79.0	191.6537618637085
51	-877.89386	133.94313	-723.4251	-1245.4813	200.0	-202.31876	0.0008637116	-202.31712	-202.31981	208000	-1.3351441e-08	14856.223	-0.006442809	-145.73242	0.4822805	0.0061520566	0.06375	79.0	195.416654586792
52	-937.65704	211.36897	-626.26227	-1316.8856	200.0	-204.20728	0.0009468719	-204.20537	-204.20836	212000	1.9073487e-09	22001.988	-0.0049716863	-246.4043	0.4549285	0.0062861824	0.03375	79.0	199.22893166542053
53	-951.91876	180.88327	-710.4508	-1343.0359	200.0	-206.69174	0.0010040541	-206.68951	-206.6928	216000	-1.1444092e-08	20737.932	-0.005731883	-236.83398	0.47203806	0.005151258	0.03075	79.0	203.0086371898651
54	-952.7629	196.90422	-627.5553	-1453.3593	200.0	-209.20186	0.001174376	-209.1993	-209.20306	220000	2.4795533e-08	21182.988	-0.0060825837	-273.89062	0.48031694	0.0074808244	0.056	79.0	206.77839422225952
55	-849.7323	172.32417	-542.691	-1294.2203	200.0	-211.9255	0.0013851925	-211.92302	-211.92717	224000	2.2888184e-08	16029.819	-0.003991251	-52.74707	0.48079583	0.005526412	0.02975	79.0	210.51417779922485
56	-852.5843	112.57383	-632.35974	-1089.1737	200.0	-213.23825	0.0016215018	-213.2348	-213.24008	228000	-2.861023e-09	14202.28	-0.0046948246	-34.820312	0.48109156	0.0043585123	0.0425	79.0	214.25426363945007
57	-855.11554	160.47722	-703.8044	-1417.5251	200.0	-214.25606	0.002528211	-214.25027	-214.25893	232000	2.002716e-08	14799.932	-0.004471119	-64.35449	0.4773033	0.006929753	0.041	79.0	217.94110226631165
58	-874.6418	169.71803	-627.5812	-1360.1008	200.0	-215.6337	0.0047294954	-215.61697	-215.63824	236000	0.0	15595.138	-0.0059031774	-746.7959	0.4716799	0.0052188467	0.038	79.0	221.63968968391418
59	-896.3795	156.67987	-683.4113	-1262.9448	200.0	-205.91382	22.166296	-100.74142	-217.3065	240000	2.3841858e-08	17058.371	-0.0041206367	-842.1328	0.4752531	0.0051665306	0.0375	79.0	225.33842754364014
60	-961.11017	234.27742	-743.4457	-1445.0039	200.0	-200.50606	25.132881	-146.87994	-220.09407	244000	4.5776368e-08	21886.773	-0.0044447356	-808.56836	0.46723455	0.0051237713	0.0355	79.0	229.0165557861328
61	-973.45	336.6226	-628.73926	-1712.5898	200.0	-204.30324	22.401682	-159.40553	-223.9376	248000	-4.386902e-08	27163.707	-0.007835821	-730.5781	0.45736325	0.005935101	0.065	79.0	232.7976520061493
62	-970.43616	197.66975	-655.6277	-1287.8196	200.0	-206.3057	27.409277	-142.74814	-228.33698	252000	-1.6212464e-08	19199.396	-0.004792168	-1197.1973	0.46317673	0.003104879	0.03525	79.0	236.57827639579773
63	-870.0338	207.55148	-620.8847	-1397.0587	200.0	-177.251	42.91095	-103.67804	-232.6932	256000	2.8610229e-08	15130.838	-0.0031592809	-757.44727	0.45524117	0.0040331017	0.02225	79.0	240.39477825164795
64	-903.6258	196.20294	-625.2496	-1333.6626	200.0	-193.79	37.777058	-114.4377	-236.02351	260000	-9.536744e-10	15726.475	-0.0055301297	-513.1553	0.4505816	0.004965527	0.061	79.0	244.08724331855774
65	-923.84033	314.19144	-624.3981	-1633.74	200.0	-201.59763	33.353832	-134.61931	-239.12416	264000	2.2888184e-08	20921.793	-0.0059510064	-741.4707	0.43910128	0.007092822	0.07825	79.0	247.7581822872162
66	-899.4945	242.58098	-625.8397	-1650.1152	200.0	-217.17383	29.956627	-129.49348	-242.8041	268000	1.525879e-08	16197.086	-0.005027475	-792.0215	0.41089895	0.004736143	0.04925	79.0	251.58171677589417
67	-947.02264	238.15077	-619.9669	-1599.5957	200.0	-208.79187	42.664433	-109.50011	-246.101	272000	-1.7166137e-08	17698.225	-0.0068691866	-1472.9502	0.41101715	0.004673848	0.05925	79.0	255.344482421875
68	-837.758	153.62447	-635.9256	-1244.3771	200.0	-176.21979	60.213463	-35.077156	-250.01349	276000	-9.536743e-09	11591.335	-0.0053898813	-1490.7607	0.4003269	0.008223724	0.06425	79.0	259.01050567626953
69	-825.72394	122.39838	-643.9737	-1127.117	200.0	-185.9338	42.525738	-122.924774	-252.49788	280000	-3.6239623e-08	9481.97	-0.005926429	-734.83887	0.3786189	0.0073620137	0.04575	79.0	262.6600353717804
70	-978.7621	192.7739	-749.1379	-1455.3234	200.0	-215.23569	39.225147	-139.52406	-254.44617	284000	-1.6212464e-08	17735.611	-0.006346601	-998.8633	0.34693772	0.008725619	0.0545	79.0	266.34743571281433
71	-974.79785	206.95845	-636.89526	-1515.0593	200.0	-227.7645	32.45492	-150.5319	-257.81335	288000	-9.536744e-10	18048.082	-0.0044031143	-1042.6328	0.37213618	0.005043351	0.03475	79.0	270.01353907585144
72	-905.9907	184.00711	-632.0206	-1498.8014	200.0	-223.11113	36.043964	-154.54372	-261.66974	292000	-3.8146974e-09	14403.351	-0.0060106157	-1284.4404	0.38323182	0.0074793007	0.05175	79.0	273.7127010822296
73	-988.5438	224.1382	-725.70953	-1575.5632	200.0	-228.52391	41.205463	-117.828674	-264.61526	296000	5.722046e-09	17771.084	-0.005809523	-1105.2109	0.35730636	0.004983772	0.062	79.0	277.4197371006012
74	-930.0636	204.27565	-625.9336	-1546.4246	200.0	-212.23509	42.670853	-152.22308	-268.5814	300000	-2.193451e-08	14771.01	-0.0044195424	-805.76855	0.34839627	0.0040482497	0.036	79.0	281.2289297580719
75	-908.5143	171.72171	-633.44556	-1354.288	200.0	-224.41425	38.41771	-162.64761	-271.7995	304000	1.1444092e-08	12686.389	-0.0060052243	-232.52539	0.326983	0.0035303435	0.059	79.0	285.0819482803345
76	-1042.7308	302.28506	-625.0321	-1792.2441	200.0	-243.4346	35.64107	-163.43378	-274.23654	308000	-5.722046e-09	23413.365	-0.004613732	-856.02734	0.31142953	0.004545817	0.0435	79.0	288.9164731502533
77	-915.93945	252.36292	-701.38934	-1687.1111	200.0	-219.96461	42.617702	-158.80508	-278.8388	312000	0.0	14861.126	-0.0037911525	-766.9238	0.3078308	0.004489928	0.03575	79.0	292.70810103416443
78	-947.9456	303.48972	-627.6904	-1812.0243	200.0	-221.83199	47.71943	-150.72588	-282.08554	316000	9.536743e-09	20208.408	-0.0047593825	-627.16797	0.31051108	0.0056965034	0.04475	79.0	296.51420617103577
79	-992.80383	238.60963	-648.9185	-1598.8032	200.0	-238.34528	46.563683	-156.34471	-286.062	320000	2.861023e-09	18134.277	-0.0051696314	-634.4492	0.29628384	0.002091877	0.04625	79.0	300.2878201007843
80	-923.21545	195.80626	-576.5949	-1499.989	200.0	-230.20125	42.77891	-165.41595	-289.64438	324000	-2.0980835e-08	14421.256	-0.0066525787	-362.16797	0.28173617	0.006279992	0.07075	79.0	304.14821791648865
81	-983.91864	292.6782	-625.006	-1751.551	200.0	-236.2468	46.89384	-150.11949	-292.10376	328000	-1.7166137e-08	18206.516	-0.0063955667	-404.84375	0.26416433	0.0056384387	0.06375	79.0	307.9389798641205
82	-952.13025	220.74751	-618.2851	-1621.096	200.0	-233.19656	48.2247	-144.64891	-295.9277	332000	5.722046e-09	14899.776	-0.0039255065	-352.48047	0.24091324	0.004308498	0.05	79.0	311.6074562072754
83	-963.1743	179.50429	-798.16425	-1703.9601	200.0	-239.88794	44.042267	-165.70053	-298.8128	336000	-8.5830685e-09	12773.084	-0.0052246917	-431.90723	0.2267532	0.0077218474	0.04825	79.0	315.2876286506653
84	-911.32166	125.54335	-738.16724	-1186.7347	200.0	-237.27272	44.746883	-169.04417	-301.71313	340000	-1.9073487e-09	11091.884	-0.004727528	-932.5303	0.23775478	0.0039319126	0.05125	79.0	319.0787024497986
85	-965.58984	318.0795	-626.6205	-1812.9086	200.0	-231.83118	65.10391	-86.36619	-303.83832	344000	-9.536743e-09	19063.357	-0.0048378236	-1503.5859	0.23616931	0.0031065969	0.043	79.0	322.8185124397278
86	-918.609	167.43135	-639.57056	-1383.0009	200.0	-225.38985	59.172295	-154.23427	-308.01398	348000	1.525879e-08	9934.661	-0.005938653	-492.59766	0.21051925	0.0058914963	0.03725	79.0	326.5222499370575
87	-948.6566	198.6568	-634.695	-1433.1298	200.0	-238.65695	60.59163	-136.35103	-310.57993	352000	8.5830685e-09	11543.407	-0.0049785306	-547.9746	0.21530667	0.0051833973	0.045	79.0	330.2154793739319
88	-1010.83624	328.94797	-749.18274	-1813.4506	200.0	-235.03035	61.015965	-147.5734	-313.37982	356000	1.1444092e-08	21085.588	-0.005849412	-754.12695	0.21590994	0.0068100505	0.068	79.0	334.0277407169342
89	-1025.6302	329.97577	-638.32806	-1699.5071	200.0	-245.15114	64.94201	-146.00388	-318.65585	360000	-5.722046e-09	20170.451	-0.004269148	-533.24414	0.18873785	0.0021811333	0.031	79.0	337.75766825675964
90	-939.1605	190.97585	-757.0996	-1390.6918	200.0	-234.28218	61.116535	-154.38312	-323.12918	364000	1.9073487e-09	12436.504	-0.0067978697	-383.3711	0.18834545	0.009687885	0.067	79.0	341.6584596633911
91	-875.5337	183.83942	-628.8721	-1367.4088	200.0	-229.50208	57.07686	-162.54048	-325.97263	368000	-5.722046e-09	9517.4	-0.005922953	-225.06836	0.1815	0.007988335	0.0675	79.0	345.35503458976746
92	-980.70166	346.3815	-747.56903	-1846.4158	200.0	-241.78065	59.209454	-161.11082	-327.67987	372000	-1.2397766e-08	17903.508	-0.0048307674	-577.125	0.1756491	0.0016026995	0.06075	79.0	349.0447769165039
93	-937.2469	308.06143	-726.9811	-1813.1818	200.0	-237.26387	64.23814	-162.28023	-331.7492	376000	-1.2397766e-08	15455.668	-0.0056274156	-249.05957	0.1614799	0.0038027077	0.06	79.0	352.78792119026184
94	-870.6289	228.37778	-653.3878	-1699.272	200.0	-227.51212	61.85217	-150.16359	-334.9873	380000	1.7166137e-08	10585.922	-0.007224416	-174.39844	0.14068983	0.0041979933	0.06875	79.0	356.56540536880493
95	-937.24084	198.75914	-739.70325	-1510.1036	200.0	-246.24394	67.75013	-163.79272	-337.0451	384000	1.1444092e-08	9893.674	-0.006504674	-579.76465	0.1347849	0.0047994326	0.05425	79.0	360.25337195396423
96	-827.9873	156.59372	-627.96844	-1375.0226	200.0	-207.22629	64.71254	-112.55333	-339.32434	388000	-1.8119811e-08	8146.2017	-0.00406855	-983.03564	0.118386276	0.0033647637	0.04175	79.0	363.96365118026733
97	-831.8586	73.31452	-634.13574	-979.99945	200.0	-225.20529	61.760014	-137.00813	-340.59097	392000	-2.4795533e-08	6211.3003	-0.0047101183	-390.64502	0.09718324	0.0040939148	0.039	79.0	367.76049876213074
98	-879.77423	248.2058	-619.31244	-1808.8516	200.0	-220.89554	68.49159	-132.56921	-341.46957	396000	-1.9073487e-09	14742.191	0.00024929192	-1225.3535	0.10527889	0.015633013	0.211	2.0	370.97525334358215
99	-904.42175	219.84187	-620.4562	-1510.351	200.0	-249.3575	73.55834	-121.4828	-344.73297	400000	0.0	10036.278	-0.008948568	-1375.6084	0.10524682	0.009610308	0.088	79.0	374.8018774986267
100	-869.68915	375.93866	-501.59695	-1819.0887	200.0	-196.18365	83.625885	-67.57368	-347.26062	404000	-9.536743e-09	17827.01	-0.005740775	-1241.1914	0.08307067	0.0031164105	0.06275	79.0	378.54594349861145
101	-885.6969	347.58423	-571.11273	-1858.3173	200.0	-224.4505	81.26427	-123.54067	-352.18787	408000	4.7683715e-09	13345.292	-0.0050574397	-536.8574	0.06610489	0.0030070252	0.051	79.0	382.23209023475647
102	-829.68427	220.57661	-624.9109	-1499.5404	200.0	-209.00298	69.1162	-125.36547	-355.90384	412000	0.0	7817.289	-0.003556695	-449.59912	0.059268918	0.00216049	0.032	79.0	385.9892909526825
103	-828.891	264.94208	-620.8672	-1596.4946	200.0	-210.67094	73.8405	-102.69004	-358.20987	416000	-1.8119811e-08	8270.064	-0.0057294704	-292.42773	0.048141442	0.004670268	0.04875	79.0	389.67992091178894
104	-791.16504	138.8077	-629.96423	-1154.6442	200.0	-198.26671	70.291916	-85.39731	-360.5946	420000	-1.525879e-08	6159.7554	-0.0061182715	-539.73096	0.029175216	0.00641437	0.057	79.0	393.43477487564087
105	-805.97107	178.17354	-618.9146	-1314.7285	200.0	-207.60947	68.31294	-118.76692	-361.79922	424000	1.8119811e-08	6747.821	-0.0060315295	-294.8579	0.0016235113	0.0064203143	0.0535	79.0	397.20401096343994
106	-881.775	307.69858	-627.40216	-1779.4124	200.0	-234.86668	77.44969	-133.72314	-363.10565	428000	0.0	12291.078	-0.0052650906	-673.41016	0.006979705	0.002046949	0.04975	79.0	401.0256116390228
107	-794.9256	239.57039	-502.40543	-1699.06	200.0	-198.10538	71.516556	-91.865845	-366.18057	432000	9.536744e-10	8685.786	-0.006389691	-840.875	-0.0075063705	0.005281869	0.089	79.0	404.83799839019775
108	-846.80066	285.2866	-503.38498	-1550.0148	200.0	-223.71437	81.98019	-116.050964	-368.24817	436000	1.9073487e-09	8679.689	-0.007266657	-510.1123	-0.023035133	0.0063334596	0.08125	79.0	408.579626083374
109	-907.93176	364.00943	-504.4622	-1673.576	200.0	-223.60478	90.9856	-103.62432	-371.02634	440000	-3.8146974e-09	11727.911	-0.0064955526	-489.34277	-0.03918929	0.0046945126	0.06925	79.0	412.2480070590973
110	-1001.0339	363.7263	-618.8364	-1783.1687	200.0	-243.18945	91.603615	-109.654495	-375.61548	444000	-1.9073486e-08	14125.254	-0.005369536	-858.7217	-0.06534143	0.006457049	0.0495	79.0	415.91833758354187
111	-808.78625	158.74501	-502.4863	-1228.5656	200.0	-187.9246	80.28405	-83.604996	-381.7136	448000	3.051758e-08	5126.142	-0.0062098354	-798.1362	-0.039803073	0.008442527	0.071	79.0	419.6898958683014
112	-773.909	289.34363	-498.4752	-1837.6514	200.0	-185.01578	90.36011	-37.077953	-383.8685	452000	-1.6212464e-08	8590.492	-0.0037956524	-1173.9014	-0.036745023	0.0018329828	0.04975	79.0	423.4502627849579
113	-715.89105	148.19142	-508.68753	-1231.9131	200.0	-183.79712	74.887436	-86.41209	-385.90628	456000	1.2397766e-08	5362.009	-0.004746016	-382.16016	-0.025019884	0.004833833	0.03375	79.0	427.1668837070465
114	-735.68787	120.14113	-502.42752	-997.7069	200.0	-184.23912	71.218285	-95.61595	-386.70148	460000	-1.9073487e-09	4425.8677	-0.0046654334	-512.5193	-0.013688566	0.0051448657	0.03825	79.0	430.8525495529175
115	-720.45667	127.43526	-608.7608	-1194.2173	200.0	-202.36806	70.42081	-116.21954	-387.11224	464000	-2.6702882e-08	5370.911	-0.004084219	-446.30322	-0.012064934	0.0048998585	0.046	79.0	434.5805342197418
116	-767.6691	147.2038	-617.0437	-1160.6926	200.0	-193.84637	80.58546	-102.294876	-387.6187	468000	-2.861023e-09	5667.622	-0.005674348	-209.16016	-0.007273316	0.006156476	0.0635	79.0	438.3154764175415
117	-857.1632	222.15381	-614.48517	-1425.9761	200.0	-219.3286	89.52806	-103.879425	-388.49182	472000	2.861023e-09	6583.368	-0.0033876023	-410.60693	-0.026670864	0.0052783466	0.0785	79.0	442.0016987323761
118	-750.80664	198.36998	-500.67737	-1397.3068	200.0	-200.97745	70.4012	-112.15054	-390.6233	476000	0.0	6392.2944	-0.004797363	-233.30664	-0.051209413	0.0038957756	0.05425	79.0	445.75726675987244
119	-773.67004	180.03622	-527.3702	-1110.8763	200.0	-204.23616	76.66026	-117.8233	-392.20648	480000	1.2397766e-08	5085.495	-0.0058570323	-106.54883	-0.06134653	0.002486059	0.0545	79.0	449.5443630218506
120	-747.93005	174.15184	-496.59204	-1218.4419	200.0	-193.04121	79.755165	-104.66572	-393.61798	484000	6.6757204e-09	4819.305	-0.0062186914	-168.20654	-0.083942324	0.004618268	0.06075	79.0	453.2458004951477
121	-720.85315	92.44565	-512.3914	-864.21844	200.0	-186.0638	63.339542	-115.033264	-393.93152	488000	-9.536743e-09	3719.408	0.0010858974	-530.3096	-0.097748674	0.018425446	0.1875	37.0	456.6210415363312
122	-827.8255	186.84566	-620.1998	-1290.3458	200.0	-204.70804	93.9346	-81.79166	-395.17438	492000	-9.536744e-10	7754.2925	-0.006332806	-1407.4873	-0.11142732	0.0069802506	0.06125	79.0	460.39709544181824
123	-829.21014	184.24228	-627.5073	-1268.6494	200.0	-212.70023	82.35741	-109.07927	-396.63382	496000	9.536743e-09	6019.7085	-0.0053721145	-767.8369	-0.15101641	0.007372374	0.05725	79.0	464.16418719291687
124	-782.8339	73.14449	-630.31177	-869.63995	200.0	-192.37662	68.948814	-101.3015	-397.674	500000	-1.9073487e-09	4545.0537	-0.0061023734	-445.8745	-0.16048549	0.005895759	0.063	79.0	467.95160961151123
125	-833.1209	233.63689	-615.5645	-1387.1381	200.0	-221.207	84.99115	-130.12677	-399.5747	504000	2.861023e-09	6340.089	-0.0050934064	-291.89746	-0.17096154	0.008195344	0.05525	79.0	471.76083397865295
126	-724.80743	126.9584	-499.45685	-1008.8982	200.0	-192.79456	62.984257	-126.74826	-401.80075	508000	-1.3351441e-08	5221.909	-0.0058583296	-203.33838	-0.1780541	0.0040865927	0.04775	79.0	475.45908665657043
127	-870.5055	271.51117	-623.9231	-1828.525	200.0	-233.27559	88.91571	-127.96406	-402.9463	512000	-7.629395e-09	8683.934	-0.0032642898	-803.479	-0.18669952	0.0036927708	0.04025	79.0	479.14255928993225
128	-857.9463	192.50465	-614.075	-1410.8032	200.0	-215.5133	92.235695	-96.39142	-406.17245	516000	3.8146974e-09	5472.5093	-0.005976134	-226.12988	-0.1937014	0.007238555	0.0705	79.0	482.8452160358429
129	-745.9635	137.43192	-498.302	-1080.8965	200.0	-188.45805	80.949745	-106.900085	-408.89273	520000	2.861023e-09	3991.2634	-0.0053399415	-256.95068	-0.20351553	0.0034501678	0.0515	79.0	486.5746269226074
130	-782.44763	215.73154	-535.5432	-1417.1763	200.0	-200.54723	87.29655	-98.01943	-409.58673	524000	-1.2397766e-08	5043.247	-0.006365238	-262.19336	-0.21275343	0.0054662023	0.05175	79.0	490.27444767951965
131	-746.6527	189.90178	-518.5485	-1462.4891	200.0	-184.63742	80.39215	-100.262596	-411.58548	528000	7.629395e-09	5779.603	-0.0060798265	-533.7866	-0.23370498	0.004604686	0.0595	79.0	494.06324315071106
132	-726.81537	138.36806	-500.56436	-1110.0073	200.0	-182.44206	74.05563	-100.89081	-413.49127	532000	-4.768372e-10	5385.2485	-0.0045752116	-426.62842	-0.2234535	0.0050270585	0.039	79.0	497.75437664985657
133	-786.8881	258.86285	-501.83563	-1468.2026	200.0	-203.38225	87.43972	-67.77026	-414.8127	536000	-9.536743e-09	6948.2144	-0.005366165	-500.94873	-0.23878528	0.0047133677	0.07	79.0	501.43380856513977
134	-691.79016	119.66541	-500.0598	-939.105	200.0	-179.377	62.36111	-80.85649	-417.36548	540000	-2.4795533e-08	3869.509	-0.0045599886	-445.19336	-0.23966406	0.005215348	0.0475	79.0	505.13686990737915
135	-712.694	156.28134	-501.64536	-1082.9915	200.0	-193.06606	72.905304	-102.82821	-419.08957	544000	-1.6212464e-08	4207.3325	-0.007440866	-378.85498	-0.26783964	0.0044845194	0.06475	79.0	508.9059271812439
136	-743.48096	200.83241	-503.05356	-1354.6592	200.0	-200.23727	79.49538	-109.20905	-419.59595	548000	-6.6757204e-09	4867.453	-0.004936454	-377.17676	-0.28905118	0.0032760233	0.055	79.0	512.5983970165253
137	-791.7345	190.32564	-507.10706	-1194.6252	200.0	-200.6054	93.50421	-95.01306	-421.21732	552000	-9.536744e-10	4197.4893	-0.0037393442	-223.20068	-0.2938953	0.0054859184	0.03825	79.0	516.402435541153
138	-715.41296	121.19335	-502.4116	-1005.19916	200.0	-172.72346	72.51045	-86.29574	-422.955	556000	-2.0503998e-08	4337.4595	-0.004614026	-323.18604	-0.27627552	0.0034810167	0.03925	79.0	520.1088626384735
139	-693.1933	98.88594	-617.0277	-913.59863	200.0	-184.50528	64.4106	-97.25614	-423.96985	560000	1.2397766e-08	4069.368	-0.0053724386	-130.93091	-0.28458786	0.0068927947	0.054	79.0	523.8676302433014
140	-683.3577	118.19795	-502.16495	-932.1652	200.0	-184.2333	67.95251	-113.4038	-423.93594	564000	1.9073487e-09	3878.7842	-0.005428021	-117.34204	-0.28031752	0.003882924	0.051	79.0	527.5839841365814
141	-686.5718	127.95206	-502.48703	-1024.2352	200.0	-181.01152	71.10173	-91.4848	-424.17117	568000	-1.4305115e-09	3894.1682	-0.004091036	-153.92749	-0.27582887	0.0041742153	0.0345	79.0	531.2739744186401
142	-647.683	45.274323	-556.8106	-741.63556	200.0	-164.94702	49.256615	-97.03888	-369.84274	572000	-1.9073486e-08	4444.751	-0.006960009	-393.89966	-0.2728885	0.0024417865	0.05725	79.0	534.9393846988678
143	-663.33685	88.90141	-498.68582	-875.0522	200.0	-183.31084	62.711926	-103.24178	-424.89465	576000	-1.2397766e-08	4582.0273	-0.005638973	-482.55566	-0.27992114	0.0044466406	0.057	79.0	538.6714532375336
144	-703.4684	105.26564	-500.32828	-899.74316	200.0	-184.1016	71.10498	-107.13855	-424.28293	580000	2.2888184e-08	3434.3472	-0.0062402673	-105.95703	-0.29021496	0.0071627204	0.06325	79.0	542.3986155986786
145	-634.59985	70.27428	-500.96964	-762.135	200.0	-169.53273	53.07531	-99.74479	-422.80673	584000	-5.2452087e-09	4083.5095	-0.003969623	-120.178955	-0.32039672	0.0050127706	0.047	79.0	546.1388795375824
146	-680.0882	133.14874	-498.10095	-982.0894	200.0	-187.8846	72.230515	-100.98692	-423.83878	588000	-1.2397766e-08	3935.325	-0.0040848055	-267.9502	-0.33537257	0.0065250816	0.06875	79.0	549.8027079105377
147	-697.7067	140.54211	-496.8981	-1184.2839	200.0	-175.00153	74.02146	-91.710884	-424.45844	592000	-2.193451e-08	3389.033	-0.0052435286	-100.51123	-0.34775028	0.0044704867	0.051	79.0	553.4745128154755
148	-673.22546	121.17997	-499.2489	-995.6775	200.0	-171.4054	71.31583	-78.040504	-425.67154	596000	-7.629395e-09	4215.819	-0.005391877	-236.48999	-0.3645633	0.0039733457	0.05425	79.0	557.1560306549072
149	-638.80725	123.777306	-501.37582	-901.14386	200.0	-175.70395	67.76917	-97.91601	-421.61505	600000	8.5830685e-09	3895.7505	-0.0075086984	-248.58643	-0.38964555	0.008382551	0.09225	79.0	560.9600124359131
150	-606.64404	94.5355	-498.87634	-864.78656	200.0	-149.30225	54.566975	-90.36333	-422.70392	604000	-5.722046e-09	4439.9766	-0.004951053	-396.58838	-0.40961334	0.0017425441	0.048	79.0	564.757449388504
151	-670.9347	144.08972	-497.86716	-1135.4054	200.0	-185.44856	76.95808	-90.888985	-426.46243	608000	1.525879e-08	3782.2456	-0.003948374	-531.2268	-0.42512017	0.0055825436	0.041	79.0	568.5704872608185
152	-671.83966	94.990616	-515.02435	-901.8755	200.0	-160.75519	67.18756	-87.71783	-425.1012	612000	3.2901763e-08	3281.761	-0.003584351	-277.4558	-0.44107416	0.0021290109	0.0285	79.0	572.4263689517975
153	-665.59314	135.9855	-498.2223	-937.3221	200.0	-174.94743	73.24052	-90.813805	-426.67303	616000	0.0	3682.7192	0.004920551	-338.62207	-0.45025244	0.021687182	0.184	10.0	575.6289350986481
154	-697.15564	132.2431	-498.67868	-935.0378	200.0	-181.81834	72.73443	-104.272835	-426.45306	620000	1.525879e-08	3543.3215	-0.0038286087	-678.7114	-0.45119452	0.004682009	0.064	79.0	579.3226504325867
155	-637.8977	77.38746	-501.3725	-759.9134	200.0	-160.85985	63.839024	-56.5494	-404.02014	624000	1.0490417e-08	3852.101	0.00053450395	-553.16187	-0.45966825	0.015186451	0.20075	12.0	582.5125422477722
156	-666.58246	147.64635	-496.72906	-1084.1053	200.0	-169.40863	79.70499	-78.7812	-428.38553	628000	6.198883e-09	3545.5132	0.006457231	-442.6814	-0.46331012	0.016928721	0.211	25.0	585.8275194168091
157	-638.3356	80.61316	-505.67886	-771.0871	200.0	-154.0953	59.8612	-73.3939	-418.1961	632000	-6.198883e-09	4691.635	-0.0033149042	-720.1821	-0.46730807	0.0038880045	0.04775	79.0	589.6196668148041
158	-699.54865	189.53749	-497.8098	-1217.1359	200.0	-184.47943	80.52448	-89.01694	-429.2676	636000	9.536743e-09	3733.149	0.004396745	-285.83325	-0.47640604	0.015896637	0.194	6.0	592.7962894439697
159	-689.53375	102.46172	-500.53397	-884.4221	200.0	-172.82916	65.91712	-93.27973	-427.53363	640000	-1.9073486e-08	3986.3997	-0.0047912467	-149.21802	-0.47611615	0.003841006	0.04525	79.0	596.5831377506256
160	-667.9564	89.54903	-499.45837	-866.9335	200.0	-178.2621	61.716187	-108.08572	-429.89322	644000	-2.6702882e-08	4589.67	-0.005331068	-126.54541	-0.48834133	0.0046478244	0.05175	79.0	600.376473903656
161	-673.839	70.2459	-531.03143	-796.28656	200.0	-171.26071	57.73764	-105.72937	-415.98523	648000	1.3828277e-08	4287.2886	-0.0048841466	-260.3706	-0.50034624	0.0039971815	0.04	79.0	604.1469686031342
162	-630.95715	91.20431	-498.97012	-776.39795	200.0	-179.34431	52.617504	-122.699524	-427.829	652000	-1.2397766e-08	4580.8	-0.0042219274	-248.875	-0.49645534	0.0045706215	0.0575	79.0	607.9342639446259
163	-699.10565	142.18817	-506.18793	-1051.9508	200.0	-186.27007	74.144936	-97.70002	-432.51486	656000	-9.059906e-09	4089.6936	-0.00489519	-309.0918	-0.49943647	0.0020059051	0.04225	79.0	611.7059178352356
164	-686.85126	112.41058	-531.83405	-1014.4464	200.0	-175.63562	71.27746	-97.059364	-433.27344	660000	2.3841857e-09	3543.8987	-0.00541097	-158.29858	-0.5021746	0.004221587	0.04225	79.0	615.3686130046844
165	-629.7443	57.426727	-505.14932	-747.53107	200.0	-165.35576	52.610966	-88.53693	-397.71237	664000	7.629395e-09	4775.219	-0.004602234	-425.91846	-0.5058291	0.004795662	0.0445	79.0	619.0718040466309
166	-681.75226	129.32965	-498.10263	-1057.1581	200.0	-179.7704	76.5692	-61.10791	-434.5457	668000	2.9087067e-08	4404.5557	-0.0056203436	-259.07422	-0.5133447	0.005060527	0.07225	79.0	622.733241558075
167	-666.9481	139.02576	-497.85846	-1127.5078	200.0	-173.85484	69.137375	-100.580055	-433.87964	672000	4.7683715e-09	3610.7148	-0.00553379	-131.41333	-0.52029026	0.0058828206	0.06225	79.0	626.3916816711426
168	-644.4001	85.51451	-498.57578	-821.4045	200.0	-169.5928	69.2433	-96.7361	-431.81128	676000	3.1471252e-08	3096.0168	-0.0043395436	-148.88916	-0.5437137	0.0073144073	0.06725	79.0	630.0564007759094
169	-610.7595	71.768326	-499.88965	-745.80035	200.0	-158.25655	57.088932	-91.53497	-365.16196	680000	1.4305115e-09	3936.5347	-0.004056779	-240.78467	-0.55986774	0.008761027	0.05425	79.0	633.7399408817291
170	-634.7125	133.74756	-400.78564	-907.4694	200.0	-167.1195	72.0904	-81.03728	-429.18176	684000	-1.3351441e-08	3522.7847	-0.0044222237	-129.60132	-0.5882562	0.0054113735	0.05	79.0	637.4006850719452
171	-642.58466	86.18962	-497.77466	-881.62305	200.0	-155.56729	63.677814	-82.54231	-432.98804	688000	-6.6757204e-09	3287.3174	-0.004807778	-397.5703	-0.5998077	0.0061755977	0.051	79.0	641.1474320888519
172	-598.87213	96.003136	-498.04477	-855.8777	200.0	-165.09981	60.34772	-89.82065	-435.0533	692000	-5.722046e-09	3809.9712	0.0022561823	-806.15454	-0.60598236	0.016653087	0.18775	30.0	644.5678560733795
173	-653.8762	103.36718	-499.71643	-848.6122	200.0	-159.18616	66.82614	-79.58989	-431.21835	696000	2.193451e-08	4220.556	-0.004165385	-405.8391	-0.61267334	0.0036131577	0.02875	79.0	648.3308522701263
174	-630.38074	112.68842	-489.47797	-910.48883	200.0	-174.53757	60.853104	-110.24958	-434.84137	700000	4.7683715e-09	3546.074	0.0044769174	-186.23193	-0.6250923	0.016602091	0.192	16.0	651.681562423706
175	-682.18066	74.787384	-615.9491	-894.3144	200.0	-165.17116	59.21708	-97.50071	-417.88312	704000	-1.0490417e-08	4351.303	-0.00054722786	-523.8081	-0.62625104	0.0054056267	0.08775	79.0	655.4598913192749
176	-681.38025	86.37043	-527.6076	-904.55	200.0	-186.98653	64.283646	-111.97351	-434.56418	708000	1.7642975e-08	3674.3076	0.007621021	-241.90161	-0.63749945	0.015161951	0.14975	3.0	658.6825182437897
177	-699.7781	121.75852	-512.2075	-1107.0378	200.0	-177.09412	68.3011	-96.5448	-436.2677	712000	-7.629395e-09	4786.458	-0.0043064286	-263.06055	-0.63796216	0.00845388	0.0875	79.0	662.3386046886444
178	-672.3623	97.44051	-487.33545	-872.22656	200.0	-177.04231	57.418507	-96.28273	-434.75067	716000	-2.3841857e-09	4513.8374	-0.004453347	-503.74048	-0.6406656	0.0050927675	0.05325	79.0	665.9111738204956
179	-653.47314	93.46382	-493.89093	-844.12	200.0	-183.77301	61.06771	-109.39282	-439.6323	720000	2.4795533e-08	4596.279	0.006756446	-464.1787	-0.6519394	0.0154110305	0.18475	26.0	669.1416304111481
180	-722.3326	86.6254	-617.44794	-917.061	200.0	-174.82124	64.82386	-91.06551	-435.10062	724000	3.3378602e-09	4620.4097	0.0069734473	-371.09326	-0.64898735	0.016681893	0.16	5.0	672.27516913414
181	-743.29034	102.98293	-617.002	-1006.91583	200.0	-187.13628	71.88898	-112.40137	-442.0101	728000	-1.3351441e-08	4900.4146	0.005570035	-162.2915	-0.6488731	0.016580207	0.20425	10.0	675.4475479125977
182	-720.0321	111.86061	-498.1126	-954.3026	200.0	-195.32765	62.32959	-121.03622	-438.59952	732000	-4.2915342e-09	4641.0024	0.0075942273	-324.6084	-0.64892113	0.017150167	0.22675	3.0	678.5041971206665
183	-744.6886	105.20484	-499.65897	-925.3349	200.0	-198.23877	68.774376	-81.30736	-443.10416	736000	-1.3828277e-08	4857.4937	0.004280777	-337.40918	-0.64917684	0.016109306	0.20025	5.0	681.629054069519
184	-747.91284	100.52076	-618.0203	-989.6783	200.0	-182.87291	67.45711	-98.07444	-439.7406	740000	-8.5830685e-09	6628.6265	-0.004909662	-599.4536	-0.64998907	0.0037769252	0.0565	79.0	685.2964088916779
185	-750.22906	76.356346	-620.5128	-897.13513	200.0	-205.04794	53.75253	-118.90448	-443.96478	744000	2.193451e-08	6303.387	-0.005323327	-193.71826	-0.6483431	0.007006793	0.10325	79.0	688.9063663482666
186	-729.15125	77.041306	-621.24335	-907.41223	200.0	-201.47108	58.34234	-123.55748	-425.1876	748000	-1.2397766e-08	5898.931	-0.0045960066	-195.55273	-0.66398543	0.0026005558	0.048	79.0	692.4723715782166
187	-776.8734	60.00007	-625.3043	-883.0616	200.0	-201.92944	54.348667	-131.69556	-409.33258	752000	-2.8133393e-08	6124.712	-0.004515166	-274.17383	-0.674279	0.003383078	0.054	79.0	696.0230565071106
188	-758.87683	83.176575	-621.5199	-1021.04395	200.0	-207.46304	59.396927	-142.69316	-449.95868	756000	-2.6702882e-08	5954.8374	0.007248112	-249.77344	-0.6938193	0.016493363	0.222	9.0	699.0884516239166
189	-744.4112	73.487404	-617.8035	-885.28265	200.0	-222.34059	50.93979	-143.46915	-425.62976	760000	5.722046e-09	5562.965	0.029607229	-465.57568	-0.69467866	0.05213491	0.41975	1.0	702.125853061676
190	-692.6681	114.733826	-493.04425	-945.14874	200.0	-217.67603	57.779755	-140.79597	-442.74954	764000	-2.5749207e-08	6925.6143	0.015178124	-2139.0732	-0.69475627	0.025097935	0.23675	1.0	705.162572145462
191	-637.18884	82.829605	-497.09903	-857.5446	200.0	-182.15553	61.042076	-53.327637	-422.71082	768000	-1.3828277e-08	4881.568	0.0071605137	-1168.8892	-0.69477296	0.015076621	0.19925	5.0	708.2182185649872
192	-671.7857	130.85649	-487.2415	-931.02844	200.0	-189.52592	73.640686	-99.56109	-438.5129	772000	-9.536743e-09	4117.865	-0.007006888	-639.29834	-0.6948345	0.008170381	0.06625	79.0	711.818318605423
193	-632.06213	73.44752	-502.1922	-794.30676	200.0	-161.69777	63.252872	-91.26157	-429.47653	776000	1.0967255e-08	3364.3125	-0.004905322	-147.19873	-0.69930804	0.005571859	0.0355	79.0	715.3387043476105
194	-636.54156	88.67301	-495.3075	-789.22455	200.0	-161.2056	62.22878	-86.70599	-431.86926	780000	-2.1457673e-08	3918.8547	-0.004004495	-370.36865	-0.69523686	0.004802954	0.02975	79.0	718.8458023071289
195	-642.79004	98.342964	-497.12173	-859.2016	200.0	-168.92853	68.550804	-83.4041	-437.3394	784000	-2.8610229e-08	3016.1345	-0.0059042536	-165.41357	-0.6913446	0.0043506706	0.0705	79.0	722.2638111114502
196	-626.9983	111.92452	-373.32297	-889.03894	200.0	-157.92053	61.136723	-80.81261	-434.2034	788000	-3.242493e-08	3489.006	0.0057126572	-151.86328	-0.7117991	0.021661012	0.2395	9.0	725.1927795410156
197	-608.6392	103.181465	-376.30115	-804.99243	200.0	-162.67146	62.24014	-76.17107	-414.19028	792000	-5.2452087e-09	3077.25	0.008741117	-271.4082	-0.7126063	0.015795559	0.21775	1.0	728.134476184845
198	-641.05963	94.691925	-497.8584	-783.06464	200.0	-164.52225	65.474236	-83.59005	-415.7712	796000	0.0	3063.0437	-0.006831722	-66.45825	-0.71282184	0.0067769606	0.081	79.0	731.5653865337372
199	-601.5697	96.293045	-497.99313	-861.69794	200.0	-153.72704	63.708885	-80.50386	-430.82272	800000	8.5830685e-09	2948.5554	-0.005123222	-355.188	-0.7215277	0.0064204647	0.06575	79.0	734.9952206611633
