Epoch	AverageEpRet	StdEpRet	MaxEpRet	MinEpRet	EpLen	AverageVVals	StdVVals	MaxVVals	MinVVals	TotalEnvInteracts	LossPi	LossV	DeltaLossPi	DeltaLossV	Entropy	KL	ClipFrac	StopIter	Time
0	-500.0	0.0	-500.0	-500.0	500.0	0.11979477	0.19239452	0.54399693	-0.3512013	4000	-6.837845e-07	7072.738	-0.006894278	-1381.2134	1.0859122	0.0024355727	0.0685	79.0	4.234427452087402
1	-489.375	28.111107	-415.0	-500.0	489.5	-9.080088	0.5439792	-2.5938137	-9.456234	8000	3.71933e-08	5513.544	-0.007891113	-870.7041	1.0689	0.0048918524	0.05775	79.0	8.617876052856445
2	-500.0	0.0	-500.0	-500.0	500.0	-15.698918	0.7854653	-2.1532319	-15.865121	12000	1.8692016e-07	4794.993	-0.007440819	-682.8721	1.0688552	0.008299269	0.05925	79.0	12.920665979385376
3	-458.125	67.98242	-314.0	-500.0	458.5	-21.189255	0.6492005	-8.842135	-21.382723	16000	-1.257658e-07	3881.1436	-0.0085984925	-537.12573	1.045064	0.0059187575	0.046	79.0	17.203160762786865
4	-448.75	72.89504	-308.0	-500.0	449.375	-25.901217	1.8769922	7.6885395	-26.294447	20000	-1.0371208e-08	3358.935	-0.011034355	-468.75513	1.0183952	0.0030074825	0.051	79.0	21.52763342857361
5	-414.33334	60.860497	-333.0	-500.0	415.1111	-30.70486	0.5196946	-22.489304	-30.886456	24000	-4.8190355e-08	2701.4705	-0.011290939	-362.22192	0.9971823	0.008418519	0.119	79.0	25.83003306388855
6	-449.0	45.82303	-373.0	-500.0	449.75	-35.021618	0.13465442	-32.249302	-35.05379	28000	1.680851e-08	2504.9775	-0.006131845	-339.98413	0.99122757	0.015700426	0.23575	9.0	29.51846408843994
7	-273.57144	77.93377	-160.0	-462.0	274.57144	-38.959545	0.8990623	-27.168833	-39.16569	32000	-3.3199786e-08	1426.1171	-0.01030474	-169.84424	0.93267846	0.0142297195	0.16925	79.0	33.9119930267334
8	-228.64706	49.64455	-157.0	-326.0	229.64706	-40.454414	6.393722	29.099398	-42.10786	36000	-1.847744e-08	979.56885	-0.0070727104	-111.322815	0.90355176	0.015181153	0.19525	23.0	37.75800800323486
9	-212.5	39.79566	-149.0	-307.0	213.5	-42.138344	6.596547	1.8356769	-44.404278	40000	1.7821788e-08	785.44763	-0.00798546	-105.003296	0.8449886	0.008039664	0.075	79.0	42.06200313568115
10	-226.05882	66.53037	-123.0	-409.0	227.05882	-39.6771	11.993444	9.810379	-46.453934	44000	-4.339218e-08	908.16425	-0.0072718323	-186.84766	0.7759755	0.0044571734	0.06725	79.0	46.395660400390625
11	-187.90475	33.040966	-123.0	-243.0	188.90475	-44.672756	7.9112687	-1.865293	-48.76386	48000	-3.6239623e-08	496.22372	-0.0077782553	-86.289185	0.7851356	0.004820835	0.0675	79.0	50.70669150352478
12	-176.90909	32.980587	-131.0	-266.0	177.90909	-41.777603	12.363765	4.718483	-50.52419	52000	4.2438508e-08	381.32913	-0.0081189945	-42.465576	0.76443654	0.0035533726	0.09725	79.0	55.00800442695618
13	-178.72728	34.038994	-117.0	-274.0	179.72728	-40.864353	14.943045	8.04487	-52.101665	56000	1.4066696e-08	373.83218	-0.011058571	-61.77469	0.7182529	0.011244142	0.149	79.0	59.26078772544861
14	-164.375	74.67474	-105.0	-500.0	165.33333	-44.405483	12.630733	-1.0458955	-53.67025	60000	-1.6212464e-08	596.6474	-0.011128421	-229.47049	0.71136343	0.010962011	0.13675	79.0	63.529709815979004
15	-151.03847	21.13961	-105.0	-190.0	152.03847	-43.715122	15.814143	15.760916	-54.788757	64000	1.859665e-08	229.15804	-0.008691173	-41.073395	0.6870686	0.008849614	0.14925	79.0	67.8090751171112
16	-164.95653	76.36609	-110.0	-500.0	165.91304	-42.038174	15.611961	9.676997	-55.667492	68000	-2.4795533e-08	633.85065	-0.007137167	-222.80728	0.64376783	0.0037300307	0.048	79.0	72.04857039451599
17	-141.78572	33.559498	-97.0	-277.0	142.78572	-47.641006	12.963077	8.396483	-56.899902	72000	3.0994416e-09	247.75009	-0.00765109	-55.741745	0.6540052	0.008596505	0.087	79.0	76.40845680236816
18	-163.54167	82.55603	-101.0	-500.0	164.5	-39.46202	16.708569	7.5284686	-57.553295	76000	-7.1287154e-08	650.14484	-0.009293235	-242.35852	0.62718993	0.0048619565	0.05625	79.0	80.64715504646301
19	-136.48276	33.35661	-104.0	-228.0	137.48276	-47.001102	14.382846	2.9798632	-58.58947	80000	2.026558e-09	243.31285	-0.008707481	-55.630356	0.6077215	0.0060746795	0.077	79.0	84.97896647453308
20	-132.55173	33.691895	-86.0	-225.0	133.55173	-43.25392	15.953838	6.2558317	-59.058014	84000	1.9073487e-09	220.22937	-0.009651471	-25.263245	0.56223214	0.010153402	0.091	79.0	89.28355002403259
21	-133.7931	29.59308	-91.0	-260.0	134.7931	-43.807915	15.465018	-0.9160548	-59.48655	88000	7.1525574e-10	174.09726	-0.008228459	-13.281921	0.55531126	0.005665363	0.05525	79.0	93.58733701705933
22	-123.28125	31.711823	-86.0	-225.0	124.28125	-44.62227	15.356272	0.5567223	-59.944206	92000	-1.8119811e-08	196.65668	-0.0075755874	-18.921097	0.5478593	0.0015102535	0.03925	79.0	97.87412428855896
23	-118.393936	33.751263	-81.0	-277.0	119.393936	-41.2445	16.779215	-0.30509698	-60.16031	96000	2.026558e-09	218.31952	-0.008985778	-28.479614	0.50544626	0.0053089196	0.06625	79.0	102.26653456687927
24	-125.96774	75.43957	-79.0	-500.0	126.935486	-39.56517	15.561387	6.8457003	-60.33579	100000	-3.6776065e-08	543.68866	-0.007882087	-217.68631	0.43033838	0.01149332	0.07525	79.0	106.53549003601074
25	-115.911766	29.770067	-75.0	-222.0	116.911766	-41.87025	16.762472	3.9987273	-60.79498	104000	-7.1525574e-10	208.90442	-0.008639724	-44.640045	0.45800698	0.006324507	0.05475	79.0	110.78494834899902
26	-103.45946	19.185572	-79.0	-166.0	104.45946	-40.64597	16.662373	7.5917997	-60.944256	108000	3.8146974e-09	140.12256	-0.00858061	-21.753143	0.41586635	0.001367071	0.05925	79.0	115.08518528938293
27	-114.44118	39.04612	-71.0	-243.0	115.44118	-38.364044	16.19746	2.8041797	-60.725883	112000	-8.225441e-09	258.78894	-0.008732725	-51.14598	0.3911738	0.008350676	0.066	79.0	119.32704854011536
28	-108.44444	31.363855	-79.0	-219.0	109.44444	-40.35643	16.476484	-0.8538909	-61.089695	116000	7.867813e-09	211.29301	-0.007833489	-21.096085	0.36321467	0.0043345597	0.047	79.0	123.56265544891357
29	-96.625	12.4171	-72.0	-126.0	97.625	-41.74932	14.727673	4.060597	-60.974308	120000	-1.4781952e-08	91.68504	-0.0071503413	-39.00035	0.3558464	0.000942042	0.0305	79.0	127.85815215110779
30	-95.95	21.066502	-64.0	-188.0	96.95	-36.352154	16.805878	5.4549074	-60.179714	124000	-1.7166137e-08	122.20186	-0.009742213	-12.959145	0.34823596	0.009159635	0.07	79.0	132.12615275382996
31	-102.052635	35.767487	-64.0	-265.0	103.052635	-36.650517	15.445729	1.3982762	-60.056194	128000	-1.9073487e-09	217.96172	-0.0073518963	-21.008804	0.34998006	0.0035596688	0.0485	79.0	136.34998226165771
32	-95.902435	20.71032	-69.0	-206.0	96.902435	-37.73843	16.042774	2.7481833	-60.56863	132000	-4.1127204e-09	126.02463	-0.0085314065	-17.81874	0.30527475	0.00603266	0.04275	79.0	140.7422866821289
33	-89.86364	18.428722	-64.0	-149.0	90.86364	-37.334225	15.241975	3.1480222	-59.995613	136000	4.7683715e-09	112.2259	-0.0060529537	-14.779442	0.2869156	0.003978232	0.029	79.0	145.09357690811157
34	-94.166664	27.991425	-62.0	-214.0	95.166664	-34.267155	15.418164	8.535998	-58.56828	140000	-2.2649764e-09	178.83435	-0.009299538	-24.89772	0.302305	0.0027374395	0.04275	79.0	149.31247663497925
35	-89.681816	14.371329	-61.0	-137.0	90.681816	-36.872627	15.494291	4.918008	-59.561428	144000	-6.9141386e-09	70.69403	-0.0076612276	-12.465248	0.26845706	0.0020999794	0.04325	79.0	153.68939900398254
36	-87.244446	14.962405	-63.0	-139.0	88.244446	-34.456886	15.831054	4.6952505	-58.45077	148000	-9.298325e-09	69.54711	-0.008524425	-3.6643753	0.24900606	0.0051305103	0.0485	79.0	157.9832625389099
37	-99.53846	48.65517	-63.0	-335.0	100.53846	-32.765533	15.232323	3.408883	-57.4902	152000	-5.9604646e-09	425.1254	-0.008570297	-151.56711	0.27852452	0.005064838	0.04125	79.0	162.211731672287
38	-101.25641	68.50294	-63.0	-500.0	102.23077	-37.88721	14.999012	10.413798	-59.797775	156000	1.5497208e-09	424.95947	-0.006999647	-139.0646	0.27704844	0.0058239503	0.04325	79.0	166.51026058197021
39	-85.434784	15.629755	-64.0	-119.0	86.434784	-38.161766	15.695627	21.286737	-59.90555	160000	2.7060509e-08	115.22233	-0.009020935	-38.434853	0.24138266	0.0028294863	0.04575	79.0	170.78000020980835
40	-98.15	29.464853	-69.0	-196.0	99.15	-32.026463	15.31007	2.06558	-56.954536	164000	1.4305114e-08	236.33702	-0.008294674	-55.758423	0.2509332	0.0031866967	0.0405	79.0	175.14317560195923
41	-98.175	66.30267	-63.0	-500.0	99.15	-38.83791	13.986918	5.632076	-59.527145	168000	-5.00679e-09	365.7096	-0.0075500403	-130.25543	0.27273312	0.0018994601	0.04575	79.0	179.59214854240417
42	-83.914894	10.073833	-64.0	-109.0	84.914894	-37.614304	15.144119	4.1437373	-60.500183	172000	2.384186e-10	87.1013	-0.007717298	-47.14497	0.21234421	0.0012564263	0.03225	79.0	183.94361019134521
43	-90.18604	22.598885	-64.0	-191.0	91.18604	-31.576023	15.527744	12.052664	-56.188103	176000	1.847744e-08	152.1233	-0.00886877	-22.277054	0.21307655	0.0032959115	0.02925	79.0	188.28593015670776
44	-107.13513	77.04059	-65.0	-500.0	108.10811	-35.307148	13.528898	4.050405	-58.01505	180000	2.336502e-08	554.64685	-0.010236612	-203.32074	0.25594524	0.0072311847	0.04125	79.0	192.52104783058167
45	-86.26667	17.959707	-64.0	-162.0	87.26667	-39.314804	15.593816	5.5736575	-61.04567	184000	-1.4662743e-08	148.09811	-0.007705675	-46.539375	0.20241138	0.0037406308	0.029	79.0	196.7727780342102
46	-84.23913	11.447773	-64.0	-109.0	85.23913	-34.194275	14.729238	3.5841103	-56.50051	188000	6.6757204e-09	55.814312	-0.00706272	-6.538521	0.19920023	0.0045847706	0.03075	79.0	201.05270051956177
47	-94.87805	36.226383	-63.0	-251.0	95.87805	-33.4949	14.667632	2.6228633	-56.376274	192000	6.6161157e-09	240.72533	-0.011359159	-37.08896	0.22525865	0.010378131	0.04625	79.0	205.38485860824585
48	-91.34884	64.368805	-64.0	-500.0	92.325584	-37.90374	14.359178	1.7192948	-59.168083	196000	1.07288365e-08	356.92776	-0.012455995	-139.28798	0.24179325	0.0081811305	0.03925	79.0	209.64227938652039
49	-91.139534	24.160877	-63.0	-179.0	92.139534	-32.644173	15.705362	15.905556	-59.157967	200000	8.34465e-09	185.7202	-0.010142415	-40.752136	0.21170947	0.00515308	0.05575	79.0	213.8852939605713
50	-92.52381	22.870481	-64.0	-173.0	93.52381	-35.50933	14.274601	0.62513	-59.692158	204000	4.172325e-09	149.59302	-0.008646897	-13.467712	0.21612832	0.0039116777	0.0435	79.0	218.23013138771057
51	-89.34091	21.393438	-64.0	-189.0	90.34091	-35.549046	15.562259	-0.82736754	-59.033936	208000	-4.4107438e-09	141.32243	-0.008692332	-13.664993	0.20486315	0.0038540473	0.03925	79.0	222.54112148284912
52	-86.71111	20.867435	-62.0	-159.0	87.71111	-35.36773	15.082867	2.004636	-58.168518	212000	-8.46386e-09	134.06746	-0.009039053	-14.000458	0.1961598	0.0014936917	0.042	79.0	227.00705647468567
53	-122.375	122.481316	-64.0	-500.0	123.28125	-34.488422	12.684624	0.29167265	-57.245308	216000	2.169609e-08	1103.6221	-0.013487118	-590.2873	0.31842458	0.014774302	0.0685	79.0	231.9219262599945
54	-83.34042	18.048723	-63.0	-161.0	84.34042	-40.57187	15.106451	11.51753	-65.34541	220000	7.390976e-09	213.69087	-0.009651058	-108.6169	0.18816377	0.0002071284	0.0415	79.0	236.25172901153564
55	-83.74468	15.679596	-64.0	-146.0	84.74468	-33.021053	14.156647	6.508521	-60.43687	224000	-1.257658e-08	90.79415	-0.007548691	-11.846687	0.17135365	0.0023345833	0.028	79.0	240.54118418693542
56	-83.914894	26.728603	-62.0	-209.0	84.914894	-33.019344	14.732793	7.246679	-55.99307	228000	-6.6757204e-09	184.31015	-0.008064762	-29.1447	0.18707421	0.0027603053	0.036	79.0	244.83078265190125
57	-92.64286	64.79705	-63.0	-500.0	93.61905	-33.47186	14.136721	5.0495386	-55.48903	232000	-1.2159347e-08	370.71136	-0.010885762	-155.84561	0.22464718	0.006705244	0.04775	79.0	249.46958947181702
58	-90.23256	20.179241	-64.0	-181.0	91.23256	-33.12815	15.190922	5.729394	-57.819168	236000	1.168251e-08	140.81355	-0.0081888605	-18.78241	0.17362323	0.003003557	0.034	79.0	253.86744594573975
59	-85.71739	42.03087	-63.0	-348.0	86.71739	-36.39421	14.712707	2.090521	-63.616795	240000	7.1525574e-10	321.89957	-0.009540096	-106.865845	0.18355648	0.004954444	0.03025	79.0	258.1794059276581
60	-89.90909	60.585712	-63.0	-480.0	90.90909	-36.697407	15.5720825	15.668395	-65.418015	244000	9.894371e-09	204.83144	-0.00771758	-28.821777	0.21450302	-0.0005453727	0.0345	79.0	262.5097224712372
61	-87.13333	21.649326	-64.0	-160.0	88.13333	-34.5235	15.433375	7.3027244	-68.21606	248000	-1.8119811e-08	159.68834	-0.009317301	-37.464134	0.1896486	0.0032484694	0.04675	79.0	266.8834204673767
62	-103.31579	95.00807	-63.0	-500.0	104.26316	-37.199017	14.379492	5.902072	-62.844166	252000	-7.867813e-09	608.30493	-0.01071222	-200.51312	0.2792509	0.004235912	0.047	79.0	271.1147184371948
63	-87.31111	21.967472	-61.0	-149.0	88.31111	-36.28081	15.534689	9.633164	-69.10768	256000	-7.927418e-09	190.37184	-0.0076076086	-44.150803	0.16957486	0.0024500417	0.03275	79.0	275.3631908893585
64	-79.0	12.742057	-63.0	-116.0	80.0	-35.503696	13.864992	3.6141958	-57.679043	260000	-5.00679e-09	86.70252	-0.00782906	-24.379326	0.1524041	0.0015060456	0.0305	79.0	279.6838104724884
65	-85.67391	24.122925	-63.0	-171.0	86.67391	-30.516851	14.695367	2.7518673	-58.636326	264000	-2.503395e-08	177.88248	-0.008853458	-29.810165	0.16454913	0.0068850154	0.041	79.0	284.00891518592834
66	-97.46154	77.72728	-63.0	-500.0	98.4359	-34.88414	12.787996	0.52666044	-58.72245	268000	-1.5497207e-08	647.04193	-0.009312615	-271.23105	0.25508228	0.0032347913	0.0465	79.0	288.80576372146606
67	-76.68627	12.716348	-62.0	-119.0	77.68627	-37.27899	14.0161915	2.706702	-59.476433	272000	1.7166137e-08	109.336464	-0.005449213	-49.987953	0.14697385	0.0020986474	0.02175	79.0	293.141193151474
68	-80.061226	12.586692	-62.0	-132.0	81.061226	-30.255037	14.679458	4.948244	-56.620457	276000	8.8214875e-09	66.02843	-0.007080691	-8.920799	0.14746152	0.0011918837	0.03475	79.0	297.34554839134216
69	-74.15094	11.651215	-61.0	-127.0	75.15094	-33.160103	14.528039	3.13066	-54.92442	280000	1.4305115e-09	64.16573	-0.0064948956	-14.334187	0.13980682	0.0023866505	0.02675	79.0	301.6356143951416
70	-78.38	11.527168	-62.0	-130.0	79.38	-28.775127	14.587407	6.365438	-52.417393	284000	-4.887581e-09	55.951797	-0.006395999	-11.071751	0.13259575	0.003020929	0.0285	79.0	306.0453357696533
71	-93.90476	71.04385	-63.0	-500.0	94.88095	-33.2304	16.078367	5.541235	-67.60602	288000	-2.4080277e-08	443.2664	-0.011441574	-140.594	0.21324341	0.006539299	0.0415	79.0	310.70500326156616
72	-81.395836	15.353799	-63.0	-144.0	82.395836	-35.967243	14.129447	6.039709	-64.19627	292000	-1.2874604e-08	118.00461	-0.0083793895	-38.569283	0.15454097	0.003877175	0.03225	79.0	315.0039505958557
73	-89.431816	65.46665	-63.0	-500.0	90.40909	-37.148113	17.178894	4.6507163	-69.82754	296000	3.5762786e-09	243.79018	-0.008243708	-10.368988	0.2184317	0.0048541715	0.034	79.0	319.27889251708984
74	-87.4	53.324333	-62.0	-425.0	88.4	-36.066883	16.884783	5.8133726	-71.33525	300000	-1.2516975e-08	250.71326	-0.0100478325	-16.01442	0.18831947	0.0029800904	0.03575	79.0	323.524689912796
75	-77.98	15.369437	-62.0	-157.0	78.98	-33.837696	14.293733	7.2147913	-59.240723	304000	-1.45435335e-08	106.01929	-0.006525518	-26.329681	0.14477728	0.001655039	0.02475	79.0	327.85419154167175
76	-80.704544	16.002243	-63.0	-141.0	81.704544	-33.403156	16.806385	6.3519545	-70.55832	308000	7.152557e-09	231.59644	-0.009734726	-51.63513	0.19469701	0.0057133893	0.0515	79.0	332.1290566921234
77	-77.333336	11.243589	-62.0	-113.0	78.333336	-34.82342	14.537586	5.2299037	-70.81387	312000	2.384186e-10	82.57572	-0.007710912	-31.488567	0.14562413	0.0022104282	0.02675	79.0	336.4017901420593
78	-89.13636	64.515884	-61.0	-500.0	90.11364	-34.31051	17.584818	7.4910655	-73.49954	316000	-1.0162592e-08	297.85312	-0.009383	-47.198257	0.20134076	0.0041311313	0.0475	79.0	340.6407346725464
79	-77.254906	11.07168	-62.0	-101.0	78.254906	-34.107212	14.14623	7.3050427	-63.234016	320000	-1.7762185e-08	72.05337	-0.007487797	-22.237434	0.14655885	0.0009299604	0.02475	79.0	344.91529870033264
80	-93.97619	75.74313	-63.0	-500.0	94.95238	-35.508884	18.607016	4.846481	-73.419235	324000	-6.198883e-09	402.81693	-0.010252823	-103.30618	0.21383911	0.004593294	0.0475	79.0	349.2749183177948
81	-98.925	83.05853	-63.0	-500.0	99.9	-41.741745	20.440573	14.524107	-73.85551	328000	4.351139e-09	347.13925	-0.009952453	-34.882843	0.22603706	0.0050469013	0.04725	79.0	353.6266117095947
82	-84.04256	17.80743	-63.0	-172.0	85.04256	-34.12543	15.349466	5.10443	-74.03501	332000	1.502037e-08	117.75356	-0.00821022	-26.984077	0.1433733	0.0031991855	0.0285	79.0	357.9642083644867
83	-80.0	14.541987	-62.0	-132.0	81.0	-33.866413	14.892451	11.209725	-63.66654	336000	-1.0967255e-08	76.432076	-0.007342855	-7.818756	0.13113417	0.0019329422	0.03275	79.0	362.2853493690491
84	-79.918365	12.8091755	-63.0	-123.0	80.918365	-31.786753	14.812394	3.7007966	-55.37149	340000	-1.1920929e-09	56.795715	-0.006816665	-3.2411041	0.13350293	0.0032454925	0.029	79.0	366.6976673603058
85	-80.61224	22.084084	-63.0	-172.0	81.61224	-31.394	14.987242	6.212485	-55.782303	344000	-9.417534e-09	152.99107	-0.007922285	-16.722061	0.127519	0.0048408858	0.03875	79.0	370.9528155326843
86	-79.36735	13.897134	-63.0	-141.0	80.36735	-32.845913	13.591119	4.1181335	-54.55929	348000	1.4066696e-08	75.65706	-0.0071399226	-9.565086	0.13702573	0.00048212917	0.0295	79.0	375.23010516166687
87	-82.65958	21.278576	-62.0	-163.0	83.65958	-30.942387	14.623129	4.9923153	-55.22881	352000	2.6226044e-09	132.59396	-0.008405717	-16.896736	0.13172066	0.0040526013	0.03025	79.0	379.5003468990326
88	-82.702126	24.160732	-62.0	-187.0	83.702126	-33.088913	14.395253	9.369274	-56.425205	356000	4.7683715e-09	149.11409	-0.0073364526	-10.402069	0.14282772	0.0013752414	0.02575	79.0	383.75980949401855
89	-84.891304	30.309439	-62.0	-243.0	85.891304	-33.572758	13.9585705	1.3495877	-60.091465	360000	7.152557e-09	179.21133	-0.010002296	-14.260315	0.14975104	0.0045265676	0.041	79.0	388.11151576042175
90	-89.704544	43.949135	-63.0	-352.0	90.704544	-34.653027	14.843512	2.5303495	-66.20539	364000	1.0848045e-08	248.329	-0.010984898	-21.599915	0.17510082	0.004265233	0.0425	79.0	392.38679456710815
91	-79.591835	14.005711	-63.0	-124.0	80.591835	-36.096134	14.025074	7.126241	-64.6865	368000	-3.5762787e-10	101.29753	-0.010228411	-40.30566	0.1380661	-0.000782351	0.03025	79.0	396.6958706378937
92	-81.104164	18.399773	-63.0	-176.0	82.104164	-31.227169	14.931644	10.221638	-54.699345	372000	-1.0490417e-08	107.457115	-0.008862608	-18.383743	0.1263046	0.0044583585	0.03425	79.0	401.009352684021
93	-81.916664	19.331358	-61.0	-164.0	82.916664	-32.552547	14.294356	8.657309	-55.455643	376000	1.168251e-08	121.12396	-0.008494036	-12.014832	0.1344961	0.0028894688	0.03625	79.0	405.25288558006287
94	-88.47727	43.79627	-62.0	-273.0	89.47727	-31.879356	14.431726	8.005895	-55.160084	380000	2.6583672e-08	374.76074	-0.014206114	-116.08429	0.14752582	0.010464214	0.042	79.0	409.51150941848755
95	-77.01961	18.277266	-62.0	-190.0	78.01961	-35.747368	14.213272	7.6702332	-65.15587	384000	-9.536743e-09	112.97389	-0.008590302	-30.694313	0.123352766	0.0039134477	0.03475	79.0	413.8167886734009
96	-80.12245	17.021753	-62.0	-134.0	81.12245	-30.317755	14.510945	4.5433617	-53.40326	388000	-4.887581e-09	96.60572	-0.007547929	-9.883293	0.12622164	-0.000637064	0.02475	79.0	418.0846405029297
97	-101.447365	74.3012	-63.0	-500.0	102.42105	-34.877377	15.960704	2.6815922	-65.872154	392000	5.9604646e-09	472.3602	-0.010560467	-83.76315	0.19782409	0.0040566484	0.041	79.0	422.34730672836304
98	-76.4902	11.232608	-62.0	-120.0	77.4902	-39.293705	13.417954	-0.93967354	-59.311695	396000	-2.2053719e-08	128.08932	-0.006077857	-80.61247	0.12089021	0.00026167158	0.0275	79.0	426.66683864593506
99	-81.208336	24.510166	-61.0	-185.0	82.208336	-31.06397	14.750837	6.1031365	-68.22828	400000	5.9604643e-10	148.78598	-0.00947241	-16.993729	0.1333522	0.0034858296	0.03525	79.0	430.9062385559082
100	-77.0	10.426211	-60.0	-103.0	78.0	-32.67891	14.235639	10.9822645	-54.674942	404000	-7.152557e-09	48.836002	-0.007387038	-8.396214	0.121203355	0.0005451805	0.02075	79.0	435.23805356025696
101	-89.11364	41.148407	-61.0	-248.0	90.11364	-29.606743	14.856532	6.2301793	-54.245842	408000	1.692772e-08	373.44962	-0.012591919	-129.19525	0.14041293	0.015094031	0.05225	44.0	439.29827427864075
102	-77.7	15.6783285	-62.0	-144.0	78.7	-35.431023	14.293031	6.0386524	-57.07135	412000	1.6689301e-09	114.71861	-0.008628381	-44.01023	0.12018571	0.006247988	0.03825	79.0	443.590740442276
103	-89.47727	64.39349	-62.0	-500.0	90.454544	-31.95736	13.687991	5.34309	-56.618744	416000	-2.8133393e-08	399.22263	-0.012126479	-170.52525	0.16543119	0.00896884	0.0455	79.0	447.84438705444336
104	-91.30232	60.258564	-62.0	-466.0	92.30232	-36.779648	18.039646	5.0704355	-77.12631	420000	-1.26361845e-08	220.50345	-0.008627896	-25.192673	0.16077541	0.002520137	0.037	79.0	452.1145932674408
105	-77.58	14.676635	-61.0	-140.0	78.58	-35.081226	14.512513	6.823148	-69.70218	424000	1.502037e-08	106.571556	-0.008876091	-31.740898	0.12154416	0.0024882588	0.0255	79.0	456.41057682037354
106	-83.80851	62.352	-60.0	-500.0	84.78723	-33.35571	14.868881	7.1087165	-72.87426	428000	1.1444092e-08	348.70874	-0.010404223	-148.87276	0.14734738	0.0043699616	0.022	79.0	460.7186019420624
107	-79.38776	14.604748	-61.0	-147.0	80.38776	-31.207094	15.013514	17.818901	-78.3118	432000	2.6226044e-09	102.34953	-0.009549317	-29.387207	0.11560977	0.002953711	0.03175	79.0	465.6315276622772
108	-79.61224	18.251997	-62.0	-169.0	80.61224	-30.974878	14.86715	9.117098	-55.35536	436000	-7.3313715e-09	108.4459	-0.0065168715	-14.229599	0.10789561	0.0051260223	0.02775	79.0	469.9716749191284
109	-81.6875	14.252421	-62.0	-117.0	82.6875	-31.830101	14.632993	10.404183	-67.218155	440000	-1.9073487e-09	87.36128	-0.0071937074	-15.93869	0.115071006	-0.000598683	0.022	79.0	474.31983399391174
110	-82.59574	20.887398	-63.0	-167.0	83.59574	-31.888332	14.940815	10.026682	-55.51464	444000	-6.9141386e-09	126.75126	-0.007962536	-14.752899	0.1117761	0.004456306	0.0315	79.0	478.68574953079224
111	-78.88	28.318644	-62.0	-258.0	79.88	-33.60252	14.237277	8.084064	-55.733524	448000	-1.2993812e-08	182.64906	-0.008126004	-40.256622	0.11249805	0.0034476244	0.03325	79.0	483.04202914237976
112	-78.8	14.933185	-63.0	-134.0	79.8	-31.146494	14.018653	17.879232	-53.66498	452000	3.3378602e-09	90.88967	-0.0068102516	-16.389992	0.11202333	0.001591479	0.02475	79.0	487.4023253917694
113	-79.36735	16.490807	-61.0	-139.0	80.36735	-31.851097	14.335434	7.2302413	-54.311954	456000	-2.861023e-09	84.85317	-0.0065556658	-4.797577	0.11447145	0.002479734	0.02125	79.0	491.7387351989746
114	-102.289474	96.24528	-63.0	-500.0	103.23684	-35.301094	15.125276	2.4151535	-66.74042	460000	-5.00679e-09	649.2441	-0.011238333	-240.2279	0.15627345	0.013401189	0.04475	79.0	495.9938974380493
115	-78.61224	13.513132	-61.0	-109.0	79.61224	-36.322914	13.44888	7.485809	-60.4323	464000	1.6450882e-08	113.9177	-0.009781474	-42.164062	0.11560066	0.00037557184	0.03075	79.0	500.23976278305054
116	-77.23529	11.406204	-63.0	-111.0	78.23529	-31.895065	14.652848	7.0479164	-56.268295	468000	-7.987023e-09	49.08055	-0.006189694	-4.0037766	0.11057974	0.003356216	0.0275	79.0	504.4224524497986
117	-80.32653	30.187431	-61.0	-274.0	81.32653	-32.397728	15.506505	5.748338	-74.370735	472000	-2.384186e-10	174.10942	-0.008117301	-22.00853	0.12500167	0.0044032927	0.0335	79.0	508.63845777511597
118	-77.17647	16.203009	-62.0	-144.0	78.17647	-32.21362	14.11916	8.18743	-63.5845	476000	5.3644182e-09	99.47763	-0.008173864	-16.193481	0.121507496	0.0026620817	0.035	79.0	512.8583858013153
119	-77.43137	11.653923	-61.0	-106.0	78.43137	-31.090721	14.0123415	2.7955348	-54.086678	480000	-2.3245812e-09	50.68829	-0.008538339	-5.537243	0.123696186	0.0018955698	0.0375	79.0	517.1856045722961
120	-85.35555	63.34602	-62.0	-500.0	86.333336	-33.976692	15.675489	7.0498505	-61.616768	484000	9.417534e-09	267.06546	-0.010988511	-59.77661	0.13695173	0.015416928	0.0545	43.0	521.1581509113312
121	-77.94	13.799146	-62.0	-138.0	78.94	-31.86386	15.012706	8.94674	-55.24358	488000	8.46386e-09	71.11871	-0.0077247503	-9.434822	0.12324482	0.0011473646	0.0265	79.0	525.4363787174225
122	-80.916664	14.705205	-62.0	-128.0	81.916664	-30.768402	14.807317	7.0676527	-64.68533	492000	9.536743e-09	78.980606	-0.00974226	-11.369331	0.12688765	0.0014472792	0.03	79.0	529.6468343734741
123	-77.14	20.136543	-60.0	-172.0	78.14	-33.157734	14.475417	9.511513	-56.412636	496000	-5.2452087e-09	123.67362	-0.009859795	-17.325592	0.12322504	0.008613629	0.04275	79.0	533.8391559123993
124	-76.39216	10.979621	-61.0	-104.0	77.39216	-31.052896	14.252974	4.821309	-55.742813	500000	-1.4305115e-09	46.270287	-0.007934912	-3.8030663	0.12495415	0.0025559373	0.0305	79.0	538.1354141235352
125	-81.0625	18.481304	-61.0	-165.0	82.0625	-30.022415	14.531263	6.883274	-54.42718	504000	5.4836273e-09	112.973465	-0.008721605	-15.1054	0.1372703	0.0034556778	0.03425	79.0	542.3826339244843
126	-79.83673	21.554247	-62.0	-171.0	80.83673	-32.63057	14.282316	3.8383765	-67.34325	508000	-3.516674e-09	140.87654	-0.011523023	-15.59922	0.1343772	0.004793845	0.04175	79.0	546.7534222602844
127	-79.79592	17.671583	-62.0	-168.0	80.79592	-32.095985	14.065175	3.1522949	-54.30366	512000	-3.4570693e-09	89.72652	-0.009418562	-8.296463	0.13637115	0.004515983	0.0415	79.0	550.9732098579407
128	-87.55556	63.61152	-62.0	-500.0	88.53333	-32.860947	14.739952	5.477503	-63.651764	516000	2.1457671e-09	342.46964	-0.014249749	-140.55237	0.1582593	0.008790674	0.046	79.0	555.1964359283447
129	-74.42308	13.44983	-61.0	-128.0	75.42308	-33.927906	14.279678	3.96038	-72.65133	520000	2.6106834e-08	89.8948	-0.010261625	-26.480614	0.12511703	0.00028028892	0.0295	79.0	559.4416253566742
130	-73.603775	9.787053	-62.0	-104.0	74.603775	-30.589437	13.9898205	8.218252	-52.920258	524000	2.9802323e-09	38.22978	-0.0086895265	-4.9191704	0.12292334	0.001992402	0.03125	79.0	563.686930179596
131	-76.117645	13.1292925	-62.0	-111.0	77.117645	-28.904388	14.754922	6.4574065	-52.92986	528000	9.536743e-09	66.32684	-0.0072321156	-8.238178	0.11409714	0.0027349747	0.0285	79.0	567.9178714752197
132	-76.70588	16.844494	-62.0	-129.0	77.70588	-30.402264	14.529014	4.2315936	-53.396797	532000	-4.529953e-09	93.5963	-0.008234974	-8.017586	0.114697546	0.0037537029	0.03075	79.0	572.1728630065918
133	-76.31373	12.886367	-62.0	-103.0	77.31373	-31.20573	13.908501	4.354821	-53.846794	536000	-9.059906e-09	59.07297	-0.0087786205	-6.521698	0.11064655	0.0013132755	0.0315	79.0	576.512687921524
134	-81.479164	24.801704	-62.0	-180.0	82.479164	-30.540316	14.25865	4.169486	-55.1567	540000	-1.2040139e-08	169.45876	-0.013181125	-24.836441	0.12197649	0.006523573	0.04	79.0	580.8120150566101
135	-77.17647	15.445928	-62.0	-151.0	78.17647	-32.858337	14.143625	2.9070473	-55.1565	544000	-4.1723253e-10	79.82639	-0.009051692	-9.764679	0.11222212	-0.0012724659	0.03075	79.0	585.0590658187866
136	-74.09434	10.316253	-62.0	-107.0	75.09434	-31.943445	13.9707	3.8707395	-53.81696	548000	1.7523766e-08	52.03544	-0.0069476007	-11.1516075	0.104725875	0.0016348581	0.0245	79.0	589.2778363227844
137	-76.05882	11.467621	-62.0	-107.0	77.05882	-29.422085	14.543142	7.846793	-52.903675	552000	-1.6212464e-08	49.554317	-0.007765666	-4.2201157	0.10578177	0.0009988113	0.0345	79.0	593.5660178661346
138	-75.23077	21.03716	-61.0	-211.0	76.23077	-30.84013	14.341325	3.1504385	-53.91308	556000	-2.6226044e-09	124.33473	-0.012412786	-25.589073	0.10594637	0.0041209175	0.028	79.0	597.9109151363373
139	-78.0	14.181678	-62.0	-111.0	79.0	-30.225948	14.202312	7.554879	-54.376804	560000	-2.7418137e-09	79.47584	-0.008694771	-17.59433	0.11366969	0.0023631542	0.02775	79.0	602.2002942562103
140	-76.666664	11.793429	-62.0	-102.0	77.666664	-31.433067	14.592797	4.099882	-54.811356	564000	-8.8214875e-09	52.904537	-0.008020508	-6.4683266	0.10822811	0.0034064434	0.02475	79.0	606.6154899597168
141	-75.71154	10.722615	-61.0	-105.0	76.71154	-30.59241	14.848168	8.555897	-54.010914	568000	-2.026558e-09	40.899025	-0.007421448	-2.789875	0.10637494	0.0037324298	0.02825	79.0	610.9274773597717
142	-74.37736	12.399371	-62.0	-120.0	75.37736	-30.670406	14.567958	4.883228	-54.020718	572000	1.0371208e-08	52.523525	-0.0077839247	-4.0694466	0.101260275	0.0026981551	0.02925	79.0	615.2779257297516
143	-74.320755	14.199088	-62.0	-119.0	75.320755	-30.299412	14.160411	3.2337673	-53.51215	576000	-4.768372e-10	66.75215	-0.0063635656	-3.4695587	0.09743779	0.0029834332	0.024	79.0	619.5286238193512
144	-76.72549	20.810139	-62.0	-191.0	77.72549	-29.810284	14.098493	3.9558218	-53.431732	580000	1.525879e-08	128.50188	-0.010819503	-20.561462	0.098402694	0.0058247363	0.035	79.0	623.7538270950317
145	-76.666664	20.19189	-62.0	-155.0	77.666664	-30.876696	13.942887	4.0003724	-54.20318	584000	4.7683715e-09	120.820595	-0.007865113	-12.480827	0.10156262	0.0034787366	0.028	79.0	627.9577882289886
146	-76.82353	14.319473	-61.0	-135.0	77.82353	-31.11149	13.92141	3.018671	-54.14667	588000	-4.172325e-09	72.78159	-0.0071376427	-8.863533	0.110921614	0.0014674717	0.02375	79.0	632.1889820098877
147	-77.196075	15.974268	-61.0	-122.0	78.196075	-30.986095	14.123506	2.1619108	-54.203613	592000	-1.6689301e-09	85.02062	-0.007871041	-7.7685394	0.10955466	0.004488504	0.03275	79.0	637.1660549640656
148	-74.71154	13.546695	-61.0	-120.0	75.71154	-31.699871	14.057854	3.0483985	-54.53005	596000	-6.198883e-09	64.98316	-0.0069833966	-6.132145	0.105024956	0.0013779942	0.024	79.0	641.3727028369904
149	-73.30189	11.177107	-62.0	-110.0	74.30189	-30.008713	14.631095	2.7856126	-52.838783	600000	1.1205673e-08	45.03936	-0.008008437	-4.6294136	0.09905651	0.007533532	0.03425	79.0	645.7032425403595
150	-79.81633	16.849482	-62.0	-122.0	80.81633	-28.608894	14.0488	4.346228	-53.85205	604000	-1.8954276e-08	104.795204	-0.009134056	-20.203743	0.12615597	0.0020243893	0.03825	79.0	650.0367307662964
151	-75.54902	14.130088	-62.0	-116.0	76.54902	-32.831524	14.313358	3.7997093	-55.551243	608000	1.2397766e-08	72.614655	-0.009245289	-10.133614	0.12545285	0.0057300976	0.035	79.0	654.3447616100311
152	-72.754715	11.089525	-62.0	-104.0	73.754715	-31.117918	14.338219	4.1571956	-54.419197	612000	-1.7404556e-08	50.78787	-0.008411774	-5.3963776	0.113242425	0.002134701	0.0345	79.0	658.5239069461823
153	-73.62264	12.070901	-62.0	-112.0	74.62264	-29.752806	14.339728	4.4733124	-53.32109	616000	-5.00679e-09	44.598278	-0.007953033	-4.084511	0.11322943	0.0020205292	0.03225	79.0	662.8042368888855
154	-72.92453	14.793994	-62.0	-137.0	73.92453	-29.827961	14.196687	3.542182	-52.768932	620000	-3.0994416e-09	72.69803	-0.007831737	-5.5512924	0.10280187	0.0031784526	0.02725	79.0	667.0241696834564
155	-76.35294	17.427523	-62.0	-135.0	77.35294	-29.986715	13.445708	3.3502164	-52.431908	624000	1.66893e-08	96.43561	-0.010883622	-6.5666504	0.11764056	0.004299111	0.0405	79.0	671.2346091270447
156	-78.78	14.773341	-61.0	-111.0	79.78	-29.98993	14.334677	5.6162395	-53.06007	628000	-5.722046e-09	69.73445	-0.007469868	-7.224865	0.11726424	0.0039534713	0.03325	79.0	675.3325517177582
157	-74.245285	13.3486	-61.0	-113.0	75.245285	-32.466045	14.7346325	2.8140826	-54.91487	632000	-5.2452087e-09	69.87816	-0.00837228	-13.26033	0.11780544	0.0045554545	0.03025	79.0	679.3673033714294
158	-73.84906	13.404303	-62.0	-122.0	74.84906	-30.48452	13.578662	3.7541292	-52.36666	636000	-8.702278e-09	60.694004	-0.008345607	-5.284607	0.11353041	0.001102803	0.027	79.0	683.5514974594116
159	-76.82353	17.230509	-61.0	-169.0	77.82353	-29.490065	14.49335	6.534274	-53.46113	640000	1.3351441e-08	86.473755	-0.010760299	-15.466911	0.12277321	0.0076858755	0.03475	79.0	687.554913520813
160	-70.43636	10.233215	-61.0	-108.0	71.43636	-31.636906	14.588782	8.260123	-55.073627	644000	-3.9339067e-08	48.678566	-0.0073153144	-11.280567	0.10201551	0.0036382321	0.029	79.0	691.7371010780334
161	-78.28	15.010716	-62.0	-117.0	79.28	-27.755812	14.087998	3.241507	-52.073067	648000	-2.026558e-09	86.010124	-0.009422443	-21.083763	0.12148266	0.0035249277	0.0295	79.0	696.4879703521729
162	-77.39216	15.633144	-61.0	-139.0	78.39216	-31.165493	14.595416	6.916817	-54.26405	652000	-1.2159347e-08	74.086075	-0.009867548	-9.691292	0.11717666	0.0044359434	0.03975	79.0	700.5234224796295
163	-75.23077	16.766054	-62.0	-147.0	76.23077	-31.687904	14.337703	4.6028185	-54.40174	656000	-8.5830685e-09	87.50955	-0.008431935	-9.446945	0.11261868	0.005083532	0.0395	79.0	704.5190899372101
164	-75.76923	18.902193	-61.0	-147.0	76.76923	-30.328957	14.130141	6.9238343	-54.967457	660000	-1.1324882e-09	108.09995	-0.011416378	-15.707565	0.11408303	0.0049891	0.03025	79.0	708.5297157764435
165	-73.35849	12.7502775	-62.0	-121.0	74.35849	-31.108343	14.121165	3.6709633	-54.22279	664000	2.3841857e-09	61.159306	-0.009572953	-8.066784	0.11368267	0.0009908314	0.0315	79.0	712.6545479297638
166	-72.833336	12.567964	-62.0	-130.0	73.833336	-29.856718	14.1681385	5.0085154	-53.15779	668000	1.9073486e-08	54.10845	-0.008404087	-5.3116226	0.1094485	0.0026088515	0.03475	79.0	716.6162722110748
167	-77.68	24.509949	-62.0	-213.0	78.68	-29.396105	14.010185	5.6825776	-52.551308	672000	-1.0490417e-08	147.92688	-0.010919919	-26.545998	0.13683258	0.0054540653	0.03825	79.0	720.6479060649872
168	-74.26415	15.300944	-61.0	-159.0	75.26415	-31.879007	14.10005	5.9346466	-55.34895	676000	-8.5830685e-09	64.9261	-0.007848647	-7.6031876	0.11270873	0.0018710388	0.032	79.0	724.6943769454956
169	-70.98182	11.455037	-61.0	-116.0	71.98182	-30.971422	14.180327	2.6550572	-53.809082	680000	-1.9073487e-09	53.34696	-0.009248983	-9.997898	0.11234436	0.00790909	0.04225	79.0	728.6120438575745
170	-72.5	13.717723	-61.0	-124.0	73.5	-28.920235	13.858754	5.5538177	-51.4804	684000	6.496906e-09	62.891277	-0.010165507	-8.020874	0.119476855	0.0029768215	0.03125	79.0	732.4804270267487
171	-72.85185	13.944875	-62.0	-135.0	73.85185	-29.479433	14.277471	5.8734193	-54.172783	688000	5.00679e-09	62.627434	-0.009706758	-8.081722	0.11487075	0.0028643494	0.03125	79.0	736.2682802677155
172	-71.65455	11.006145	-61.0	-104.0	72.65455	-29.966578	14.107648	2.2365284	-53.037663	692000	4.7683715e-09	43.895016	-0.0069182483	-4.449093	0.100239486	0.00071194064	0.02725	79.0	739.954342842102
173	-74.01887	14.046406	-62.0	-125.0	75.01887	-28.756699	14.256073	3.1219106	-52.28062	696000	1.4305114e-08	66.94955	-0.0100139165	-7.383629	0.1055368	0.0047919285	0.0375	79.0	743.5161647796631
174	-75.63461	27.586248	-62.0	-260.0	76.63461	-30.43554	13.6340065	3.180446	-53.357475	700000	-4.768372e-10	130.22705	-0.014954561	-28.1045	0.10873657	0.009919495	0.0425	79.0	747.1524541378021
175	-72.12963	11.468227	-61.0	-105.0	73.12963	-30.2868	14.711427	8.548902	-53.426258	704000	1.3709068e-09	46.16182	-0.007871772	-5.6569824	0.10167856	0.00465544	0.033	79.0	750.7073259353638
176	-73.18868	14.426204	-61.0	-117.0	74.18868	-29.278316	14.185352	7.472183	-55.28886	708000	-5.1259996e-09	75.56925	-0.009914296	-8.852982	0.09936884	0.0050364533	0.03	79.0	754.1606693267822
177	-72.42593	11.206152	-62.0	-107.0	73.42593	-30.149694	14.084754	3.7455711	-53.917557	712000	7.867813e-09	42.30989	-0.0069614444	-4.027977	0.09514149	0.0036653266	0.02975	79.0	757.6932051181793
178	-70.42857	14.567402	-62.0	-146.0	71.42857	-29.54949	14.155145	6.7461023	-53.41815	716000	1.7881393e-09	72.98319	-0.008185513	-13.086098	0.0914856	0.0049913246	0.025	79.0	761.2922883033752
179	-72.22222	11.650253	-62.0	-104.0	73.22222	-28.921234	13.924082	6.6205983	-52.750557	720000	-1.7881394e-08	42.72964	-0.007140211	-3.9771652	0.097992525	0.0017395937	0.025	79.0	764.960572719574
180	-71.69091	12.253197	-61.0	-127.0	72.69091	-29.530975	13.941643	5.9661684	-52.942352	724000	8.8214875e-09	52.91111	-0.00819179	-4.916218	0.09180545	0.0027912492	0.03475	79.0	768.5125246047974
181	-71.4	13.219269	-61.0	-121.0	72.4	-29.371012	14.033857	3.694578	-53.62681	728000	1.168251e-08	55.387245	-0.007221158	-5.7610016	0.08732522	0.004385999	0.0275	79.0	772.7104775905609
182	-75.34615	19.26324	-62.0	-167.0	76.34615	-28.841171	13.970642	9.032603	-52.08775	732000	-1.013279e-08	108.62674	-0.009684408	-17.45974	0.09781038	0.003759818	0.03025	79.0	776.6045470237732
183	-69.14035	10.136678	-62.0	-112.0	70.14035	-30.970316	14.059192	6.8719025	-53.30286	736000	-2.9087067e-08	49.612926	-0.009318019	-13.979519	0.07972498	0.004204765	0.0295	79.0	780.097617149353
184	-74.09434	15.929401	-61.0	-152.0	75.09434	-27.65893	14.0039015	5.8509216	-51.476658	740000	-6.198883e-09	88.914024	-0.008305096	-15.31369	0.09169494	0.005551737	0.036	79.0	783.5670020580292
185	-72.40741	11.366812	-61.0	-106.0	73.40741	-30.347649	14.0097275	6.1585145	-53.934784	744000	3.695488e-09	43.985744	-0.0067317192	-7.5149307	0.085218646	0.0030434704	0.0235	79.0	787.1599788665771
186	-68.54386	10.263323	-61.0	-120.0	69.54386	-30.25641	14.287884	4.036314	-53.63556	748000	-8.5830685e-09	40.483994	-0.007700189	-9.424431	0.08237288	0.005272742	0.0275	79.0	791.0061337947845
187	-68.789474	9.187591	-62.0	-98.0	69.789474	-27.938885	14.230596	6.4453	-51.733845	752000	-3.8146974e-09	29.878979	-0.007038574	-3.3046017	0.085192166	0.0036935208	0.0315	79.0	794.6248292922974
188	-71.77778	11.386584	-61.0	-105.0	72.77778	-27.427782	14.142377	5.0618925	-51.1138	756000	2.2530555e-08	42.903313	-0.0068109864	-7.4815674	0.07706607	0.003946139	0.02725	79.0	798.1162779331207
189	-70.16071	10.468963	-61.0	-109.0	71.16071	-29.041801	14.619729	9.391532	-53.159145	760000	5.3644182e-09	33.113995	-0.0073219356	-3.3198185	0.08025684	0.0059409747	0.02875	79.0	801.6218509674072
190	-72.296295	18.550861	-62.0	-177.0	73.296295	-29.14321	13.923205	2.447534	-52.869728	764000	3.5762786e-09	95.22719	-0.010102864	-11.452866	0.0863861	0.0048860386	0.03	79.0	805.0948405265808
191	-70.65455	12.866048	-62.0	-127.0	71.65455	-29.932062	13.566124	6.693602	-53.445454	768000	6.3180923e-09	58.545525	-0.010746992	-12.2383	0.082735986	4.286885e-05	0.024	79.0	808.5817530155182
192	-71.34545	13.586381	-62.0	-121.0	72.34545	-28.583149	14.14843	3.7918606	-54.252327	772000	0.0	53.97664	-0.008028654	-8.5067215	0.0731109	0.0031913575	0.027	79.0	812.1039321422577
193	-72.333336	12.697331	-61.0	-112.0	73.333336	-29.022165	14.116323	11.049291	-53.111687	776000	-1.37090685e-08	51.85403	-0.0059167575	-6.914856	0.07957287	0.0017360024	0.01875	79.0	815.6085870265961
194	-68.73684	9.327429	-62.0	-113.0	69.73684	-29.957571	14.27714	3.4944038	-54.08977	780000	-3.242493e-08	35.814587	-0.007320893	-7.478075	0.06979104	0.0003420367	0.02925	79.0	819.0708293914795
195	-70.33929	16.48514	-62.0	-163.0	71.33929	-27.933174	14.045118	4.3652306	-51.754868	784000	-1.8954276e-08	90.48204	-0.008742274	-13.994652	0.073902085	0.0050497795	0.0305	79.0	822.4811906814575
196	-70.26786	10.9568815	-61.0	-101.0	71.26786	-29.022589	13.506327	4.049527	-53.560608	788000	-2.384186e-10	46.66946	-0.006978314	-5.6288986	0.06807453	0.0025776292	0.0215	79.0	825.8383576869965
197	-69.78571	10.761562	-61.0	-106.0	70.78571	-28.7183	13.842122	5.4976716	-52.277008	792000	1.0490417e-08	42.07128	-0.0058482983	-4.679203	0.06104347	0.0018473443	0.0195	79.0	829.1880378723145
198	-70.21429	9.884538	-62.0	-97.0	71.21429	-28.285282	14.209169	4.7164807	-52.377262	796000	-2.9802323e-09	38.35421	-0.006476718	-3.8251228	0.061954346	0.003558921	0.0225	79.0	832.5061378479004
199	-70.21429	11.600053	-61.0	-114.0	71.21429	-28.726559	13.92161	2.5752778	-52.011543	800000	-1.847744e-09	45.577705	-0.0056923046	-3.113243	0.06176093	0.005659458	0.02275	79.0	835.9083168506622
