Epoch	AverageEpRet	StdEpRet	MaxEpRet	MinEpRet	EpLen	AverageVVals	StdVVals	MaxVVals	MinVVals	TotalEnvInteracts	LossPi	LossV	DeltaLossPi	DeltaLossV	Entropy	KL	ClipFrac	StopIter	Time
0	-200.0	0.0	-200.0	-200.0	200.0	0.13753767	0.015567967	0.1828513	0.08793579	4000	9.536743e-09	3860.274	-0.003271531	-955.10596	1.0985326	0.012243359	0.04725	79.0	3.837797164916992
1	-200.0	0.0	-200.0	-200.0	200.0	-9.018322	0.047730528	-8.825999	-9.116223	8000	6.866455e-08	2910.0537	-0.0038684402	-570.9558	1.0842845	0.015004841	0.0	79.0	7.513484716415405
2	-200.0	0.0	-200.0	-200.0	200.0	-15.412037	0.01832406	-15.327689	-15.454831	12000	3.71933e-08	2342.714	-0.0043741064	-408.44873	1.0547026	0.017118394	0.2925	16.0	10.786092758178711
3	-200.0	0.0	-200.0	-200.0	200.0	-20.647305	0.00938641	-20.606503	-20.669367	16000	8.773804e-08	1937.3069	-0.003121088	-320.61108	1.0436963	0.015002009	0.477	44.0	14.28457760810852
4	-200.0	0.0	-200.0	-200.0	200.0	-25.333977	0.0085993	-25.299202	-25.354712	20000	-8.296966e-08	1619.3896	-0.0023665333	-254.83533	0.96590143	0.015525536	0.0	31.0	17.607722520828247
5	-200.0	0.0	-200.0	-200.0	200.0	-29.599749	0.0056293644	-29.57572	-29.612532	24000	-1.4305114e-08	1367.0575	-0.003063492	-201.7373	0.878119	0.008122494	0.035	79.0	21.388370513916016
6	-200.0	0.0	-200.0	-200.0	200.0	-33.488655	0.0051590945	-33.465683	-33.500504	28000	1.7166137e-08	1167.7699	-0.0015130892	-158.05896	0.8726719	0.0048959027	0.0	79.0	25.076619863510132
7	-200.0	0.0	-200.0	-200.0	200.0	-37.024734	0.0047141416	-37.009342	-37.03389	32000	-6.6757204e-09	1011.9801	-0.0009052572	-122.06506	0.86795694	0.0060979156	0.01875	79.0	28.82470941543579
8	-200.0	0.0	-200.0	-200.0	200.0	-40.22208	0.0028080724	-40.211132	-40.227882	36000	2.6702882e-08	891.9974	-0.002986103	-92.6626	0.80168146	0.009621912	0.00175	79.0	32.494433879852295
9	-200.0	0.0	-200.0	-200.0	200.0	-43.08882	0.0023522223	-43.080025	-43.094856	40000	-2.0980835e-08	801.27435	-0.00034201334	-69.01538	0.70911133	0.0048208325	0.0025	79.0	36.15996313095093
10	-200.0	0.0	-200.0	-200.0	200.0	-45.63536	0.0031639487	-45.61805	-45.641693	44000	-3.242493e-08	734.0316	-0.0012980175	-50.338623	0.72958815	0.0065076184	0.00075	79.0	39.82858610153198
11	-200.0	0.0	-200.0	-200.0	200.0	-47.87571	0.0023490475	-47.864716	-47.881664	48000	-9.536744e-10	685.2767	-0.003388391	-35.88379	0.79419225	0.00842348	0.00025	79.0	43.49580907821655
12	-200.0	0.0	-200.0	-200.0	200.0	-49.822845	0.0027984788	-49.812355	-49.828472	52000	-7.629395e-09	650.8004	-0.00039035798	-24.967102	0.8035697	0.0027733527	0.0	79.0	47.139774560928345
13	-200.0	0.0	-200.0	-200.0	200.0	-51.495594	0.0027985086	-51.485764	-51.50104	56000	3.6239623e-08	627.06	-0.003045847	-16.925293	0.75864923	0.0073410273	0.0065	79.0	51.19795370101929
14	-200.0	0.0	-200.0	-200.0	200.0	-52.91276	0.0028900017	-52.899925	-52.918793	60000	-2.193451e-08	611.1759	-0.0029968987	-11.165894	0.82307696	0.010761406	0.01975	79.0	54.973172187805176
15	-200.0	0.0	-200.0	-200.0	200.0	-54.097733	0.0019689603	-54.085056	-54.10253	64000	-6.6757204e-09	600.9058	-0.00037335017	-7.1575317	0.74131423	0.0014545935	0.04775	79.0	58.710004568099976
16	-200.0	0.0	-200.0	-200.0	200.0	-55.072643	0.0025319585	-55.062824	-55.077293	68000	1.7166137e-08	594.4828	-0.00075776957	-4.454834	0.7193561	0.000536631	0.0	79.0	62.37305045127869
17	-200.0	0.0	-200.0	-200.0	200.0	-55.863457	0.0019344343	-55.85624	-55.8677	72000	-2.0980835e-08	590.6349	-0.001814415	-2.6881104	0.7008402	0.008477462	0.03475	79.0	66.0086362361908
18	-200.0	0.0	-200.0	-200.0	200.0	-56.494537	0.0022247855	-56.484608	-56.4987	76000	1.0490417e-08	588.4184	-0.0022769738	-1.5708008	0.66201043	0.0037330575	0.011	79.0	69.75699138641357
19	-200.0	0.0	-200.0	-200.0	200.0	-56.98963	0.0021575675	-56.980278	-56.993935	80000	-9.536744e-10	587.22943	-0.001413682	-0.8882446	0.684678	0.007396509	0.021	79.0	73.48152661323547
20	-200.0	0.0	-200.0	-200.0	200.0	-57.371655	0.0021206012	-57.364456	-57.37662	84000	-1.9073487e-09	586.6404	-0.0025943213	-0.48535156	0.7461986	0.005131865	0.01675	79.0	77.18031024932861
21	-200.0	0.0	-200.0	-200.0	200.0	-57.6618	0.002040369	-57.654823	-57.666424	88000	4.7683715e-09	586.38416	-0.001890687	-0.25598145	0.7110494	0.0058109374	0.0085	79.0	80.85818791389465
22	-200.0	0.0	-200.0	-200.0	200.0	-57.877323	0.0022198106	-57.86734	-57.882233	92000	-9.536743e-09	586.29785	-0.0027015957	-0.13031006	0.73298603	0.008153106	0.04475	79.0	84.6164960861206
23	-200.0	0.0	-200.0	-200.0	200.0	-58.03538	0.0017974344	-58.028027	-58.039574	96000	2.193451e-08	586.29004	-0.0016134805	-0.06359863	0.65466744	0.005016163	0.02375	79.0	88.2812511920929
24	-200.0	0.0	-200.0	-200.0	200.0	-58.1484	0.0018951804	-58.140045	-58.152836	100000	1.1444092e-08	586.31085	-0.0015806255	-0.029846191	0.5764108	0.0030908573	0.016	79.0	91.90422558784485
25	-200.0	0.0	-200.0	-200.0	200.0	-58.227818	0.0018996077	-58.216717	-58.23244	104000	-8.5830685e-09	586.34454	-0.00084036734	-0.0134887695	0.63741857	0.004971443	0.00775	79.0	95.64863443374634
26	-200.0	0.0	-200.0	-200.0	200.0	-58.282692	0.0015554804	-58.276787	-58.286327	108000	1.525879e-08	586.373	-0.00086580275	-0.005859375	0.57011783	0.0057393536	0.001	79.0	99.47405743598938
27	-200.0	0.0	-200.0	-200.0	200.0	-58.319187	0.0016704636	-58.313587	-58.32306	112000	2.193451e-08	586.3936	-0.0024662665	-0.0024414062	0.60201246	0.0062525757	0.2255	79.0	103.2227053642273
28	-200.0	0.0	-200.0	-200.0	200.0	-58.343704	0.0017972187	-58.337315	-58.3478	116000	-3.8146974e-09	586.4114	-0.0009425945	-0.0009765625	0.5307429	0.0029129616	0.0	79.0	107.09524440765381
29	-200.0	0.0	-200.0	-200.0	200.0	-58.359463	0.0017903423	-58.351242	-58.36334	120000	2.2888184e-08	586.41986	-0.0014481269	-0.00036621094	0.49007532	0.0051108454	0.0175	79.0	110.80346608161926
30	-200.0	0.0	-200.0	-200.0	200.0	-58.368977	0.0021851745	-58.36175	-58.373295	124000	-1.9073486e-08	586.42737	-0.0016570062	-0.00012207031	0.55139	0.002230995	0.028	79.0	114.9202172756195
31	-200.0	0.0	-200.0	-200.0	200.0	-58.375	0.0020494105	-58.36482	-58.379692	128000	9.536743e-09	586.43585	-0.0011235742	-6.1035156e-05	0.61438006	0.0041001947	0.0	79.0	118.59685587882996
32	-200.0	0.0	-200.0	-200.0	200.0	-58.378475	0.0016179801	-58.373898	-58.38238	132000	-6.6757204e-09	586.43475	-0.0043248185	0.0	0.64396346	0.006217031	0.0	79.0	122.33232307434082
33	-200.0	0.0	-200.0	-200.0	200.0	-58.38097	0.0017671391	-58.373386	-58.38494	136000	-9.536744e-10	586.43896	-0.00064085965	-6.1035156e-05	0.5956802	0.0005178109	0.002	79.0	126.04223918914795
34	-200.0	0.0	-200.0	-200.0	200.0	-58.382084	0.0020335575	-58.37476	-58.38627	140000	-3.8146974e-09	586.44025	-0.0023635875	0.0	0.5991223	0.005080481	0.0105	79.0	129.69264936447144
35	-200.0	0.0	-200.0	-200.0	200.0	-58.382923	0.0018674367	-58.373795	-58.386898	144000	-8.5830685e-09	586.43695	-0.0009998474	0.0	0.522918	0.004352815	0.0	79.0	133.33613467216492
36	-200.0	0.0	-200.0	-200.0	200.0	-58.383335	0.0015110654	-58.37831	-58.38636	148000	5.722046e-09	586.4377	-0.0014844799	6.1035156e-05	0.45477906	0.0028672053	0.01925	79.0	137.0801157951355
37	-200.0	0.0	-200.0	-200.0	200.0	-58.383408	0.0015210743	-58.377396	-58.38691	152000	-1.525879e-08	586.43726	-0.00043173027	0.0	0.39023826	0.0037387349	0.012	79.0	140.7580602169037
38	-200.0	0.0	-200.0	-200.0	200.0	-58.383453	0.0015701565	-58.37585	-58.38712	156000	1.1444092e-08	586.4411	-0.00077253056	6.1035156e-05	0.334511	0.001467177	0.01175	79.0	144.49047017097473
39	-200.0	0.0	-200.0	-200.0	200.0	-58.383514	0.0014475567	-58.377968	-58.387	160000	1.1444092e-08	586.43994	-0.00071344856	-6.1035156e-05	0.30682743	0.00034740445	0.0035	79.0	148.13990545272827
40	-200.0	0.0	-200.0	-200.0	200.0	-58.38346	0.0015287386	-58.378788	-58.386765	164000	9.536744e-10	586.44055	-0.00081733987	0.0	0.34939507	0.0010416978	0.01425	79.0	151.86942720413208
41	-200.0	0.0	-200.0	-200.0	200.0	-58.383423	0.0015748049	-58.378242	-58.386555	168000	-2.861023e-09	586.444	-0.0005079832	-6.1035156e-05	0.39684248	0.0027783862	0.006	79.0	155.50475645065308
42	-200.0	0.0	-200.0	-200.0	200.0	-58.383633	0.001284233	-58.37938	-58.386467	172000	1.1444092e-08	586.44196	-0.00015440273	0.0	0.36929405	0.0026859713	0.0	79.0	159.23250555992126
43	-200.0	0.0	-200.0	-200.0	200.0	-58.3835	0.0015631138	-58.37809	-58.386948	176000	-1.2397766e-08	586.442	-0.00067446614	-6.1035156e-05	0.41948584	0.00040585754	0.07775	79.0	162.94459629058838
44	-200.0	0.0	-200.0	-200.0	200.0	-58.3835	0.0014004151	-58.378902	-58.386692	180000	-1.0490417e-08	586.4418	-0.00079464057	0.0	0.47070196	0.0011144344	0.0	79.0	166.67050909996033
45	-200.0	0.0	-200.0	-200.0	200.0	-58.38339	0.0018240407	-58.374878	-58.38721	184000	9.536744e-10	586.4406	-0.002403243	-6.1035156e-05	0.48613396	0.0035212631	0.05325	79.0	170.39025497436523
46	-200.0	0.0	-200.0	-200.0	200.0	-58.383213	0.001650448	-58.373985	-58.387386	188000	-1.1444092e-08	586.4347	-0.00086564536	-6.1035156e-05	0.51013094	0.0014805583	0.00075	79.0	174.0585858821869
47	-200.0	0.0	-200.0	-200.0	200.0	-58.383156	0.0016150151	-58.376713	-58.386543	192000	-9.536743e-09	586.4335	-0.0007872171	-0.00012207031	0.53832847	0.00489444	0.01025	79.0	177.71234464645386
48	-200.0	0.0	-200.0	-200.0	200.0	-58.38344	0.0018499661	-58.376682	-58.38725	196000	1.2397766e-08	586.4396	-0.0013246812	0.0	0.46884555	0.0013882179	0.01125	79.0	181.35795187950134
49	-200.0	0.0	-200.0	-200.0	200.0	-58.38357	0.0016737352	-58.374847	-58.387177	200000	-1.1444092e-08	586.44617	-0.0008132028	0.0	0.40493083	0.003633222	0.00125	79.0	185.05926775932312
50	-200.0	0.0	-200.0	-200.0	200.0	-58.38331	0.0018201332	-58.37836	-58.38682	204000	-4.7683715e-09	586.4412	-0.0014748268	6.1035156e-05	0.43873698	0.0040732627	0.0	79.0	188.79188799858093
51	-200.0	0.0	-200.0	-200.0	200.0	-58.383118	0.0018949803	-58.37663	-58.38708	208000	-9.536744e-10	586.439	-0.00060769176	6.1035156e-05	0.49423894	0.006824545	0.00675	79.0	193.09622859954834
52	-200.0	0.0	-200.0	-200.0	200.0	-58.38349	0.0015932875	-58.378372	-58.386585	212000	2.861023e-09	586.4435	-0.0007088833	-6.1035156e-05	0.449557	0.0016766118	0.00375	79.0	196.7429642677307
53	-200.0	0.0	-200.0	-200.0	200.0	-58.383335	0.0015810191	-58.377827	-58.386578	216000	-3.8146974e-09	586.4396	-0.0024923687	0.0	0.5050755	0.0035594264	0.01925	79.0	200.90114831924438
54	-200.0	0.0	-200.0	-200.0	200.0	-58.38318	0.0017076002	-58.3781	-58.386448	220000	6.6757204e-09	586.4372	-0.0024627964	6.1035156e-05	0.5642417	0.0029479447	0.0	79.0	204.5690360069275
55	-200.0	0.0	-200.0	-200.0	200.0	-58.38308	0.001967629	-58.375977	-58.387585	224000	0.0	586.44147	-0.002528265	0.00012207031	0.59943163	0.009870944	0.006	79.0	208.31476163864136
56	-200.0	0.0	-200.0	-200.0	200.0	-58.383556	0.0019695903	-58.375267	-58.387413	228000	-3.8146974e-09	586.4399	-0.0008558578	-6.1035156e-05	0.5526044	0.0029933364	0.0	79.0	212.0681402683258
57	-200.0	0.0	-200.0	-200.0	200.0	-58.383602	0.001791057	-58.374176	-58.387638	232000	9.536744e-10	586.4432	-0.0007522945	-6.1035156e-05	0.48663324	0.00045912215	0.0115	79.0	215.7017970085144
58	-200.0	0.0	-200.0	-200.0	200.0	-58.383568	0.0016714109	-58.378838	-58.386784	236000	-9.536744e-10	586.44226	-0.00068749144	0.0	0.49474505	0.0037778164	0.01775	79.0	219.34362268447876
59	-200.0	0.0	-200.0	-200.0	200.0	-58.383484	0.0016116827	-58.376553	-58.387268	240000	9.536744e-10	586.44073	-0.00046662713	6.1035156e-05	0.46122503	0.0030936236	0.0	79.0	223.0790615081787
60	-200.0	0.0	-200.0	-200.0	200.0	-58.383625	0.0016914207	-58.377	-58.38736	244000	-5.722046e-09	586.4464	-0.0007356949	-0.00018310547	0.40171918	0.0028249917	0.00375	79.0	226.7149269580841
61	-200.0	0.0	-200.0	-200.0	200.0	-58.38354	0.0015798253	-58.376102	-58.387104	248000	-3.8146974e-09	586.4436	-0.0009304771	-6.1035156e-05	0.37010643	0.000110166875	0.03	79.0	230.3658742904663
62	-200.0	0.0	-200.0	-200.0	200.0	-58.383392	0.0015391684	-58.376335	-58.387184	252000	1.9073487e-09	586.44196	-0.00041233638	-6.1035156e-05	0.39110744	0.00033281665	0.01625	79.0	234.0014660358429
63	-200.0	0.0	-200.0	-200.0	200.0	-58.383423	0.0017591548	-58.37661	-58.38721	256000	8.5830685e-09	586.44885	-0.0024165488	-0.00030517578	0.36544982	0.0018396332	0.0405	79.0	237.70291900634766
64	-200.0	0.0	-200.0	-200.0	200.0	-58.383415	0.0014940895	-58.37912	-58.38655	260000	-1.7166137e-08	586.4425	-0.0008173113	-6.1035156e-05	0.391469	0.0020104658	0.0055	79.0	241.8566312789917
65	-200.0	0.0	-200.0	-200.0	200.0	-58.383316	0.0015746957	-58.376778	-58.386345	264000	-2.002716e-08	586.44183	-0.0002826414	-6.1035156e-05	0.44127807	0.0011459753	0.002	79.0	245.58488702774048
66	-200.0	0.0	-200.0	-200.0	200.0	-58.383404	0.0014101379	-58.37715	-58.38659	268000	-1.9073487e-09	586.4368	-0.0018912164	-6.1035156e-05	0.48361146	0.0013425916	0.05725	79.0	249.28925776481628
67	-200.0	0.0	-200.0	-200.0	200.0	-58.383385	0.0017062464	-58.376118	-58.387486	272000	2.861023e-09	586.43726	-0.00022766495	0.0	0.44108894	0.0023628746	0.01625	79.0	252.95385146141052
68	-200.0	0.0	-200.0	-200.0	200.0	-58.383373	0.001606572	-58.37459	-58.38739	276000	1.0490417e-08	586.44305	-0.0013741025	-6.1035156e-05	0.46083486	0.003737023	0.0	79.0	256.65097165107727
69	-200.0	0.0	-200.0	-200.0	200.0	-58.383488	0.0013710012	-58.3778	-58.38639	280000	-9.536743e-09	586.43585	-0.0008329592	-6.1035156e-05	0.42436653	0.00064734736	0.0165	79.0	260.34312438964844
70	-200.0	0.0	-200.0	-200.0	200.0	-58.383335	0.0015347257	-58.378162	-58.38671	284000	-1.525879e-08	586.44257	-0.002450878	-0.00012207031	0.4603169	0.0017678676	0.00525	79.0	264.0378186702728
71	-200.0	0.0	-200.0	-200.0	200.0	-58.383312	0.0015182368	-58.3789	-58.386482	288000	2.861023e-09	586.4403	-0.002008892	0.0	0.5174804	0.003942811	0.0	79.0	268.1676239967346
72	-200.0	0.0	-200.0	-200.0	200.0	-58.383297	0.0017465282	-58.377895	-58.38688	292000	1.0490417e-08	586.44324	-0.0012111807	-0.00012207031	0.57776314	0.0047925874	0.004	79.0	271.85057306289673
73	-200.0	0.0	-200.0	-200.0	200.0	-58.383568	0.0014409893	-58.37856	-58.38674	296000	-6.6757204e-09	586.4398	-0.00034750463	6.1035156e-05	0.5417762	0.001256767	0.0015	79.0	275.590970993042
74	-200.0	0.0	-200.0	-200.0	200.0	-58.383366	0.0014729283	-58.376698	-58.387203	300000	1.9073487e-09	586.4376	-0.0011619339	-6.1035156e-05	0.5444063	0.0043125898	0.0	79.0	279.3131229877472
75	-200.0	0.0	-200.0	-200.0	200.0	-58.38318	0.0015457507	-58.376663	-58.386955	304000	-7.629395e-09	586.4381	-0.0011414575	0.0	0.56899667	0.0024798105	0.0	79.0	283.00416350364685
76	-200.0	0.0	-200.0	-200.0	200.0	-58.383125	0.0020249635	-58.37386	-58.38699	308000	2.861023e-09	586.43964	-0.0031834736	0.0	0.6182548	0.0052177757	0.02325	79.0	286.696608543396
77	-200.0	0.0	-200.0	-200.0	200.0	-58.3836	0.0017880095	-58.377502	-58.387207	312000	-1.2397766e-08	586.4367	-0.003375629	-0.00018310547	0.5424435	0.0035453911	0.025	79.0	290.3301966190338
78	-200.0	0.0	-200.0	-200.0	200.0	-58.383266	0.0018044779	-58.37681	-58.387367	316000	9.536743e-09	586.43524	-0.002620924	-0.00030517578	0.605167	0.007563415	0.14325	79.0	294.05648946762085
79	-200.0	0.0	-200.0	-200.0	200.0	-58.383152	0.0017589272	-58.376816	-58.386883	320000	3.8146974e-09	586.43964	-0.0013198128	6.1035156e-05	0.6385879	0.007215045	0.00725	79.0	297.82406067848206
80	-200.0	0.0	-200.0	-200.0	200.0	-58.38346	0.0020364898	-58.37484	-58.38771	324000	2.861023e-09	586.4304	-0.0018256236	-0.00061035156	0.5662897	0.0017704141	0.0105	79.0	301.53985118865967
81	-200.0	0.0	-200.0	-200.0	200.0	-58.382973	0.002538174	-58.37005	-58.388016	328000	-1.9073487e-09	586.4355	-0.00045553493	-0.00024414062	0.59896344	0.0082995035	0.00025	79.0	305.23288011550903
82	-200.0	0.0	-200.0	-200.0	200.0	-58.383713	0.002151536	-58.37345	-58.3887	332000	1.3351441e-08	586.4366	-0.00044005204	-0.00012207031	0.52886146	0.0005795458	0.0055	79.0	308.9359230995178
83	-200.0	0.0	-200.0	-200.0	200.0	-58.383297	0.0021949105	-58.374645	-58.388107	336000	-3.8146974e-09	586.4417	-0.002397726	-0.00012207031	0.55225784	0.0045041977	0.00025	79.0	312.547080039978
84	-200.0	0.0	-200.0	-200.0	200.0	-58.383736	0.00188687	-58.378746	-58.387707	340000	-1.3351441e-08	586.4422	-0.0025579988	-6.1035156e-05	0.4969319	0.006448721	0.16425	79.0	316.15687108039856
85	-200.0	0.0	-200.0	-200.0	200.0	-58.383144	0.002115624	-58.373154	-58.387527	344000	-9.536743e-09	586.4354	-8.607864e-05	-0.00018310547	0.5544485	1.806426e-05	0.0	79.0	319.7859048843384
86	-200.0	0.0	-200.0	-200.0	200.0	-58.38333	0.0021180871	-58.3741	-58.3879	348000	-8.5830685e-09	586.43787	-0.0013127174	-6.1035156e-05	0.5483508	0.0071985037	0.00125	79.0	323.57378792762756
87	-200.0	0.0	-200.0	-200.0	200.0	-58.38364	0.0017710513	-58.378098	-58.38779	352000	-5.722046e-09	586.442	-0.0026696385	0.0	0.49830016	0.0063188495	0.0105	79.0	327.24130725860596
88	-200.0	0.0	-200.0	-200.0	200.0	-58.38361	0.0020952227	-58.37509	-58.38808	356000	2.4795533e-08	586.4421	-0.0005191555	-6.1035156e-05	0.45525745	0.00095333904	0.0175	79.0	330.88827991485596
89	-200.0	0.0	-200.0	-200.0	200.0	-58.383587	0.0020828824	-58.37381	-58.388588	360000	-8.5830685e-09	586.44617	-0.001598032	-0.0007324219	0.45181283	0.0026836765	0.0215	79.0	334.53972911834717
90	-200.0	0.0	-200.0	-200.0	200.0	-58.38356	0.0017154883	-58.376545	-58.387344	364000	0.0	586.4468	-0.0019465027	-0.0004272461	0.38788018	0.0016522324	0.02175	79.0	338.30430817604065
91	-200.0	0.0	-200.0	-200.0	200.0	-58.38334	0.0017292331	-58.376244	-58.387146	368000	2.861023e-09	586.43427	-0.00067515374	-0.00018310547	0.35809642	0.0035382286	0.01125	79.0	341.95541977882385
92	-200.0	0.0	-200.0	-200.0	200.0	-58.38351	0.0018140898	-58.377125	-58.38738	372000	-1.2397766e-08	586.4435	-0.0018526888	-0.00012207031	0.33384967	0.002620456	0.00925	79.0	345.59554386138916
93	-200.0	0.0	-200.0	-200.0	200.0	-58.383587	0.0013726905	-58.378574	-58.386776	376000	2.0980835e-08	586.4424	-0.0006743135	-0.00018310547	0.28320652	0.0016654286	0.00225	79.0	349.3000841140747
94	-200.0	0.0	-200.0	-200.0	200.0	-58.383358	0.0016041349	-58.376244	-58.38693	380000	1.525879e-08	586.44507	-0.0003000984	-0.0004272461	0.32291484	0.0003959177	0.0375	79.0	352.90840435028076
95	-200.0	0.0	-200.0	-200.0	200.0	-58.383293	0.00174684	-58.377865	-58.38648	384000	-1.8119811e-08	586.4448	-0.0005590811	-0.00024414062	0.27399316	0.0012255333	0.00725	79.0	356.5355386734009
96	-200.0	0.0	-200.0	-200.0	200.0	-58.383507	0.0013626	-58.379047	-58.38644	388000	3.8146974e-09	586.44226	-0.0015736714	-0.00012207031	0.31332263	0.0018779802	0.00525	79.0	360.2353079319
97	-200.0	0.0	-200.0	-200.0	200.0	-58.38342	0.0013157695	-58.37894	-58.386612	392000	1.9073487e-09	586.44543	-0.00079022505	-0.00048828125	0.3579432	0.00040507026	0.01425	79.0	363.87908959388733
98	-200.0	0.0	-200.0	-200.0	200.0	-58.383423	0.001092093	-58.37975	-58.385647	396000	-1.525879e-08	586.4411	-0.0011830903	-0.00012207031	0.34559083	0.001338108	0.02675	79.0	367.5422191619873
99	-200.0	0.0	-200.0	-200.0	200.0	-58.383244	0.0014784029	-58.378216	-58.386166	400000	-9.536744e-10	586.4395	-0.0016414614	-6.1035156e-05	0.39446893	0.0014589097	0.0	79.0	371.28296089172363
100	-200.0	0.0	-200.0	-200.0	200.0	-58.383465	0.0011516868	-58.377373	-58.38619	404000	2.6702882e-08	586.44135	-0.001825655	0.0	0.33502674	0.001969833	0.0	79.0	374.98726415634155
101	-200.0	0.0	-200.0	-200.0	200.0	-58.383343	0.0013031012	-58.378216	-58.385807	408000	3.8146974e-09	586.43774	-0.0017647791	-0.00012207031	0.38476592	0.0022261916	0.02525	79.0	378.6783404350281
102	-200.0	0.0	-200.0	-200.0	200.0	-58.38343	0.0012007713	-58.37675	-58.386646	412000	-2.5749207e-08	586.4419	-0.00096791843	0.0	0.32569483	0.00035430156	0.024	79.0	382.36157631874084
103	-200.0	0.0	-200.0	-200.0	200.0	-58.38344	0.0012006558	-58.37826	-58.386147	416000	-4.7683715e-09	586.44293	-0.00045092104	-0.00018310547	0.295235	0.0014367992	0.0015	79.0	385.97501826286316
104	-200.0	0.0	-200.0	-200.0	200.0	-58.383316	0.0013894868	-58.378582	-58.38619	420000	-1.4305114e-08	586.4407	-0.0019000177	-0.00012207031	0.33651245	0.001264416	0.02825	79.0	389.6050183773041
105	-200.0	0.0	-200.0	-200.0	200.0	-58.383396	0.0012320117	-58.37909	-58.385845	424000	-1.3351441e-08	586.4412	-0.0001993885	0.0	0.2848768	0.0010714795	0.00525	79.0	393.3127019405365
106	-200.0	0.0	-200.0	-200.0	200.0	-58.383465	0.001210188	-58.379337	-58.386074	428000	4.7683715e-09	586.44324	-0.00022879506	-0.0004272461	0.24458665	0.00072206225	0.0	79.0	396.9415805339813
107	-200.0	0.0	-200.0	-200.0	200.0	-58.383305	0.0012176499	-58.379158	-58.385704	432000	-9.536743e-09	586.44165	-0.00092784024	-6.1035156e-05	0.28104195	0.0016661815	0.00325	79.0	400.5852565765381
108	-200.0	0.0	-200.0	-200.0	200.0	-58.383427	0.0010621068	-58.379368	-58.385708	436000	-1.0490417e-08	586.4422	-0.0010437431	-0.00018310547	0.32273522	0.001301699	0.06325	79.0	404.21115803718567
109	-200.0	0.0	-200.0	-200.0	200.0	-58.383373	0.0010202599	-58.379288	-58.385574	440000	-1.6212464e-08	586.44183	-0.001019517	-0.00018310547	0.3690713	0.0025571052	0.0235	79.0	407.862309217453
110	-200.0	0.0	-200.0	-200.0	200.0	-58.38335	0.0009443207	-58.38063	-58.38511	444000	1.6212464e-08	586.4411	-0.00067727186	0.0	0.42026514	0.0019507245	0.00775	79.0	411.4735496044159
111	-200.0	0.0	-200.0	-200.0	200.0	-58.38346	0.001059166	-58.378853	-58.385693	448000	-1.525879e-08	586.4389	-0.0017048998	-0.00036621094	0.40595695	0.0020617226	0.024	79.0	415.1405076980591
112	-200.0	0.0	-200.0	-200.0	200.0	-58.38331	0.00094213453	-58.379475	-58.38547	452000	-1.3351441e-08	586.43896	-0.0009659691	-6.1035156e-05	0.39097148	0.0041920654	0.01375	79.0	418.7947313785553
113	-200.0	0.0	-200.0	-200.0	200.0	-58.38341	0.0009516399	-58.37945	-58.385735	456000	1.8119811e-08	586.44196	-0.0007661495	-6.1035156e-05	0.33158284	0.0024216364	0.00625	79.0	422.5078980922699
114	-200.0	0.0	-200.0	-200.0	200.0	-58.38341	0.0009967288	-58.379124	-58.38563	460000	-1.4305114e-08	586.4381	-0.0006573477	0.0	0.31960124	0.00115964	0.0035	79.0	426.2959215641022
115	-200.0	0.0	-200.0	-200.0	200.0	-58.383358	0.0009889653	-58.380135	-58.38549	464000	9.536744e-10	586.43976	-0.0017695418	0.0	0.3627575	0.0005006318	0.02725	79.0	429.89705181121826
116	-200.0	0.0	-200.0	-200.0	200.0	-58.38343	0.001004048	-58.37983	-58.385376	468000	-5.722046e-09	586.4395	-0.0011273088	0.0	0.35687986	0.0032726952	0.05375	79.0	433.49262404441833
117	-200.0	0.0	-200.0	-200.0	200.0	-58.38332	0.001306997	-58.377296	-58.385887	472000	-9.536744e-10	586.4417	-0.0007348547	-0.00048828125	0.34851238	0.0010671924	0.014	79.0	437.0792591571808
118	-200.0	0.0	-200.0	-200.0	200.0	-58.383408	0.00083254406	-58.37993	-58.385292	476000	-1.525879e-08	586.4431	-0.0008995857	-0.00024414062	0.29605573	0.00054600084	0.01225	79.0	440.6768035888672
119	-200.0	0.0	-200.0	-200.0	200.0	-58.383392	0.000969537	-58.380104	-58.38529	480000	8.5830685e-09	586.43964	-0.0019285574	-6.1035156e-05	0.3388396	0.0017190226	0.00875	79.0	444.29634308815
120	-200.0	0.0	-200.0	-200.0	200.0	-58.383327	0.0010096596	-58.37828	-58.385513	484000	9.536744e-10	586.44183	-0.0014266024	-0.00024414062	0.38806194	8.026448e-05	0.01025	79.0	447.9051094055176
121	-200.0	0.0	-200.0	-200.0	200.0	-58.383358	0.0008115781	-58.377712	-58.38559	488000	4.7683715e-09	586.4381	-0.0004950657	0.0	0.38991576	0.0026291662	0.00775	79.0	451.49871468544006
122	-200.0	0.0	-200.0	-200.0	200.0	-58.383327	0.0008664524	-58.379726	-58.385002	492000	-2.861023e-09	586.4382	-0.00084498024	-0.00012207031	0.396796	0.0021524536	0.0095	79.0	455.14422845840454
123	-200.0	0.0	-200.0	-200.0	200.0	-58.38333	0.0009788324	-58.379627	-58.385124	496000	1.4305114e-08	586.4385	-0.0014201069	-6.1035156e-05	0.45067596	0.0038540792	0.085	79.0	458.8316204547882
124	-200.0	0.0	-200.0	-200.0	200.0	-58.383286	0.0011203203	-58.375996	-58.38615	500000	7.629395e-09	586.44165	-0.0027355833	-0.00012207031	0.46845198	0.003320944	0.03525	79.0	462.5008156299591
125	-200.0	0.0	-200.0	-200.0	200.0	-58.383408	0.0009986759	-58.37892	-58.385548	504000	-1.525879e-08	586.4403	-0.00058744906	-6.1035156e-05	0.40123698	0.00063761283	0.0	79.0	466.29662442207336
126	-200.0	0.0	-200.0	-200.0	200.0	-58.383415	0.0009261044	-58.379417	-58.385433	508000	-9.536744e-10	586.441	-0.0010682917	-6.1035156e-05	0.40600422	0.0018877919	0.0	79.0	470.0099353790283
127	-200.0	0.0	-200.0	-200.0	200.0	-58.38332	0.0009657067	-58.379185	-58.385456	512000	7.629395e-09	586.4411	-0.0008058157	0.0	0.45832852	0.0014456713	0.0095	79.0	473.71906757354736
128	-200.0	0.0	-200.0	-200.0	200.0	-58.3834	0.0009631999	-58.378674	-58.38545	516000	1.3351441e-08	586.44073	-0.00074669457	-0.00012207031	0.46457255	0.0035087753	0.0065	79.0	477.45760560035706
129	-200.0	0.0	-200.0	-200.0	200.0	-58.383335	0.0010337179	-58.37868	-58.385685	520000	1.2397766e-08	586.43896	-9.8044395e-05	-0.00024414062	0.521454	0.00038832324	0.0	79.0	481.16478276252747
130	-200.0	0.0	-200.0	-200.0	200.0	-58.38343	0.0008654992	-58.380085	-58.385284	524000	3.8146974e-09	586.43774	-0.0012893142	-6.1035156e-05	0.47909424	0.0044774595	0.13725	79.0	484.9084703922272
131	-200.0	0.0	-200.0	-200.0	200.0	-58.383408	0.000898266	-58.38016	-58.385387	528000	1.0490417e-08	586.44	-0.0019083157	0.0	0.4395564	0.0011583614	0.004	79.0	488.64445877075195
132	-200.0	0.0	-200.0	-200.0	200.0	-58.383373	0.0010646691	-58.379025	-58.38554	532000	-4.7683715e-09	586.4396	-0.0013240214	-0.00018310547	0.40665287	0.0007639899	0.01475	79.0	492.417133808136
133	-200.0	0.0	-200.0	-200.0	200.0	-58.38329	0.0011252403	-58.379215	-58.385548	536000	-1.525879e-08	586.4367	-0.0011469622	-0.0014648438	0.46266907	0.00081790035	0.013	79.0	496.1764531135559
134	-200.0	0.0	-200.0	-200.0	200.0	-58.383537	0.0013353488	-58.37843	-58.386288	540000	6.6757204e-09	586.44116	-0.00156923	-0.00024414062	0.39553162	0.0029672896	0.01725	79.0	499.95973539352417
135	-200.0	0.0	-200.0	-200.0	200.0	-58.3834	0.0013854553	-58.37795	-58.38606	544000	-1.9073487e-09	586.4407	-0.00056239316	-0.00036621094	0.3374399	-9.262273e-05	0.00425	79.0	503.6989483833313
136	-200.0	0.0	-200.0	-200.0	200.0	-58.383335	0.0012925431	-58.376392	-58.386242	548000	-8.5830685e-09	586.44086	-0.0001223135	-6.1035156e-05	0.38422465	0.00060471176	0.0	79.0	507.512202501297
137	-200.0	0.0	-200.0	-200.0	200.0	-58.383385	0.0013804063	-58.376354	-58.386246	552000	8.5830685e-09	586.4391	-0.0011450558	-6.1035156e-05	0.3422814	0.0013978273	0.0075	79.0	511.2401342391968
138	-200.0	0.0	-200.0	-200.0	200.0	-58.383415	0.0010805968	-58.37754	-58.386093	556000	-9.536743e-09	586.43976	-0.0014701586	-6.1035156e-05	0.32030997	0.0007993164	0.02875	79.0	515.0343592166901
139	-200.0	0.0	-200.0	-200.0	200.0	-58.383377	0.0010381648	-58.379986	-58.3854	560000	5.722046e-09	586.44	-0.00083797646	0.0	0.3051715	0.0020421639	0.02475	79.0	518.8293704986572
140	-200.0	0.0	-200.0	-200.0	200.0	-58.383434	0.0011594062	-58.377605	-58.385815	564000	-2.861023e-09	586.4402	-0.0018376302	-0.00018310547	0.27176255	0.0017672145	0.0125	79.0	522.6079688072205
141	-200.0	0.0	-200.0	-200.0	200.0	-58.383305	0.0011434425	-58.378872	-58.385693	568000	-1.3351441e-08	586.43994	-0.0007362519	0.0	0.2749577	4.676798e-05	0.00625	79.0	526.3203639984131
142	-200.0	0.0	-200.0	-200.0	200.0	-58.38337	0.0010810458	-58.3783	-58.38577	572000	-5.722046e-09	586.43713	-0.00096234225	-0.0009765625	0.3086129	0.0014133165	0.0325	79.0	530.0429635047913
143	-200.0	0.0	-200.0	-200.0	200.0	-58.383373	0.0010514305	-58.37962	-58.385555	576000	1.4305114e-08	586.4383	-0.00091957476	6.1035156e-05	0.31791034	0.0010011721	0.0	79.0	533.7104015350342
144	-200.0	0.0	-200.0	-200.0	200.0	-58.383217	0.0013218095	-58.377144	-58.386154	580000	0.0	586.4418	-0.0010373936	0.0	0.3608136	0.0027129976	0.01025	79.0	537.3903272151947
145	-200.0	0.0	-200.0	-200.0	200.0	-58.38355	0.0013180324	-58.378796	-58.386074	584000	1.3351441e-08	586.4389	-0.00078092766	-0.0013427734	0.3398111	0.0019351713	0.01925	79.0	541.0604114532471
146	-200.0	0.0	-200.0	-200.0	200.0	-58.383255	0.0018828519	-58.375256	-58.387257	588000	8.5830685e-09	586.4328	-0.001226204	-0.010070801	0.3495023	0.0003277839	0.01025	79.0	544.7632155418396
147	-200.0	0.0	-200.0	-200.0	200.0	-58.37864	0.0056371596	-58.358574	-58.390026	592000	3.8146974e-09	586.429	-0.0017000752	-6.0907593	0.33111036	0.0007444546	0.00425	79.0	548.5279595851898
148	-200.0	0.0	-200.0	-200.0	200.0	-58.44456	1.2309582	-53.272663	-60.57985	596000	1.4305114e-08	581.39374	-9.560204e-05	-2.7267456	0.2787659	0.00018367029	0.0	79.0	552.2235810756683
149	-200.0	0.0	-200.0	-200.0	200.0	-58.014797	3.6855044	-40.145065	-63.405426	600000	2.2888184e-08	572.6049	-0.00037211034	-2.1801758	0.28811783	0.0013794497	0.00225	79.0	555.9191632270813
150	-200.0	0.0	-200.0	-200.0	200.0	-59.264034	2.398192	-45.975716	-62.226288	604000	1.9073487e-09	583.85	-0.0015724201	-6.399353	0.29340822	0.00030318793	0.02725	79.0	559.5469689369202
151	-200.0	0.0	-200.0	-200.0	200.0	-57.007477	4.94126	-24.935867	-62.181953	608000	1.9073486e-08	570.6386	-0.0002860012	-9.210754	0.33439454	0.001800373	0.0095	79.0	563.1699390411377
152	-200.0	0.0	-200.0	-200.0	200.0	-58.64506	3.7737758	-33.896385	-62.697315	612000	-1.3351441e-08	576.6375	-0.0012035636	-3.88385	0.30454037	0.002030912	0.017	79.0	566.9075655937195
153	-200.0	0.0	-200.0	-200.0	200.0	-58.507088	1.7463406	-43.987442	-60.558964	616000	9.536743e-09	587.5227	-0.000985445	-4.145569	0.3171944	0.00085978076	0.0	79.0	570.5562858581543
154	-200.0	0.0	-200.0	-200.0	200.0	-58.48	1.2018182	-50.414516	-59.272694	620000	0.0	576.4329	-0.0006542521	-14.087952	0.30292773	0.002767515	0.0	79.0	574.249213218689
155	-200.0	0.0	-200.0	-200.0	200.0	-56.311275	8.595724	-5.2627144	-62.153008	624000	-9.536743e-09	609.00354	-0.0011427832	-35.583496	0.28427556	0.00011464387	0.0005	79.0	577.9579813480377
156	-200.0	0.0	-200.0	-200.0	200.0	-59.073925	1.8694704	-40.98944	-60.05748	628000	-5.722046e-09	580.6144	-0.0006580505	-8.195435	0.27254	0.00030154618	0.0	79.0	581.5880610942841
157	-200.0	0.0	-200.0	-200.0	200.0	-58.57272	3.4653568	-32.704346	-61.971657	632000	-3.8146974e-09	584.91833	-0.0014965362	-7.247864	0.31033757	-0.00090413284	0.001	79.0	585.2097656726837
158	-200.0	0.0	-200.0	-200.0	200.0	-57.95239	5.1420865	-10.277531	-60.01767	636000	8.5830685e-09	584.47906	-0.000500247	-13.851807	0.3558211	0.0034549737	0.00375	79.0	588.8403928279877
159	-200.0	0.0	-200.0	-200.0	200.0	-58.05675	4.6910186	-17.226927	-61.06654	640000	9.536744e-10	600.0736	-0.00037866022	-17.434753	0.34792796	0.0008063305	0.014	79.0	592.4578156471252
160	-200.0	0.0	-200.0	-200.0	200.0	-58.462444	1.3606907	-46.828876	-59.059692	644000	9.536743e-09	579.15955	-0.0010445443	-6.204895	0.34749338	0.001768074	0.0135	79.0	596.105761051178
161	-200.0	0.0	-200.0	-200.0	200.0	-58.356667	4.550776	-24.24215	-60.229065	648000	-1.1444092e-08	572.92755	-0.00084843254	-1.272522	0.3944705	0.0025460985	0.0085	79.0	599.7561411857605
162	-200.0	0.0	-200.0	-200.0	200.0	-58.422512	3.2324882	-34.328247	-60.21638	652000	-1.9073487e-09	578.74744	-0.00076512335	-5.62854	0.33549207	0.0017558933	0.0	79.0	603.3940715789795
163	-200.0	0.0	-200.0	-200.0	200.0	-57.62604	4.5057282	-29.860117	-61.66162	656000	-1.8119811e-08	556.6202	-0.00044239615	-2.8396606	0.34780508	0.00026348475	0.02	79.0	607.0087766647339
164	-200.0	0.0	-200.0	-200.0	200.0	-58.962345	5.0480676	-11.924833	-63.03881	660000	-4.7683715e-09	582.6086	-0.00047133828	-7.942993	0.3560794	0.0017982054	0.003	79.0	610.6401393413544
165	-200.0	0.0	-200.0	-200.0	200.0	-58.49675	2.4067276	-41.458294	-61.595142	664000	-1.3351441e-08	571.21674	-0.0011413879	-11.767334	0.30310526	0.0017123977	0.02925	79.0	614.2759056091309
166	-200.0	0.0	-200.0	-200.0	200.0	-58.910614	4.994574	-19.228973	-62.42694	668000	-5.722046e-09	578.18774	-0.00083396054	-4.3516235	0.25660136	7.177475e-05	0.004	79.0	617.9103963375092
167	-200.0	0.0	-200.0	-200.0	200.0	-58.21971	3.8629007	-33.382465	-61.21169	672000	-2.861023e-09	578.72614	-0.0008484497	-1.7531128	0.2938527	0.0016511326	0.0165	79.0	621.5695974826813
168	-200.0	0.0	-200.0	-200.0	200.0	-57.893578	3.6458368	-29.603954	-60.419083	676000	6.6757204e-09	583.1251	-0.00090640545	-13.710022	0.24748923	0.0005501563	0.00525	79.0	625.1860845088959
169	-200.0	0.0	-200.0	-200.0	200.0	-58.22669	2.3322	-53.574913	-61.45074	680000	1.9073487e-09	579.98364	-0.0016458645	-0.51446533	0.23181257	0.00038863046	0.02175	79.0	628.7926948070526
170	-200.0	0.0	-200.0	-200.0	200.0	-58.24158	2.5364351	-53.67084	-61.61478	684000	-1.7166137e-08	576.7969	-0.0009708433	-3.387146	0.240466	0.00038500057	0.0205	79.0	632.5024502277374
171	-200.0	0.0	-200.0	-200.0	200.0	-58.27624	2.7272115	-50.29671	-61.764545	688000	-6.6757204e-09	583.99835	-0.0005182142	-6.1622925	0.20289072	0.00045314693	0.00375	79.0	636.1163544654846
172	-200.0	0.0	-200.0	-200.0	200.0	-58.930298	1.005608	-50.83019	-60.8314	692000	9.536744e-10	579.7847	-0.000483758	-2.1815186	0.18924405	0.0008643416	0.003	79.0	639.7441051006317
173	-200.0	0.0	-200.0	-200.0	200.0	-58.44518	1.2617961	-46.032234	-60.574707	696000	1.525879e-08	578.3046	-0.00065363216	-4.763794	0.20916417	0.0007335687	0.004	79.0	643.4604485034943
174	-200.0	0.0	-200.0	-200.0	200.0	-57.707047	4.561265	-31.030983	-61.46671	700000	-2.0980835e-08	588.98114	-0.0010948515	-8.907227	0.21845633	0.0012263715	0.0	79.0	647.1954481601715
175	-200.0	0.0	-200.0	-200.0	200.0	-58.54789	2.1921496	-47.726673	-60.520226	704000	1.7166137e-08	577.90405	-0.00027648354	-7.246765	0.2508815	0.0005039985	0.0	79.0	650.9199774265289
176	-200.0	0.0	-200.0	-200.0	200.0	-58.201603	5.1587424	-11.767368	-60.884228	708000	-1.9073487e-09	593.53265	-0.00059755135	-13.0164795	0.25949308	0.00094807043	0.00025	79.0	654.546793460846
177	-200.0	0.0	-200.0	-200.0	200.0	-57.653515	2.758024	-43.630596	-59.98416	712000	3.8146974e-09	586.6029	-0.00054945756	-12.408386	0.23713802	0.0009239043	0.012	79.0	658.251594543457
178	-200.0	0.0	-200.0	-200.0	200.0	-58.405514	2.844101	-45.989285	-61.780155	716000	1.9073487e-09	582.1553	-0.0010358581	-5.128723	0.25034443	0.0024383967	0.013	79.0	661.8478236198425
179	-200.0	0.0	-200.0	-200.0	200.0	-58.310246	2.9444041	-31.935823	-60.915207	720000	-6.6757204e-09	582.30817	-0.0015919342	-7.626587	0.22909454	0.0018763236	0.01	79.0	665.2915563583374
180	-200.0	0.0	-200.0	-200.0	200.0	-58.564587	3.277255	-38.006504	-62.802124	724000	1.2397766e-08	579.63226	-0.0007034903	-7.5355225	0.21379904	0.001437346	0.012	79.0	668.7520670890808
181	-200.0	0.0	-200.0	-200.0	200.0	-58.72878	2.2899508	-43.259308	-61.272026	728000	-4.7683715e-09	576.34106	-0.00042908764	-6.9889526	0.17941874	0.00042485088	0.0	79.0	672.2079000473022
182	-200.0	0.0	-200.0	-200.0	200.0	-57.423405	6.353285	-1.762463	-60.234833	732000	-2.861023e-09	592.71515	-0.00053606037	-17.70227	0.19053422	0.0011344325	0.00175	79.0	675.7059955596924
183	-200.0	0.0	-200.0	-200.0	200.0	-58.788204	2.124781	-46.770645	-62.681435	736000	1.525879e-08	575.5931	-0.0010492563	-4.138611	0.21867794	0.0019013977	0.0165	79.0	679.1257774829865
184	-200.0	0.0	-200.0	-200.0	200.0	-57.586952	6.451777	6.206472	-62.70154	740000	-1.0490417e-08	587.3697	-0.0007928248	-12.384705	0.2300268	0.001269974	0.008	79.0	682.6441557407379
185	-200.0	0.0	-200.0	-200.0	200.0	-58.703682	2.4379117	-41.592342	-62.264423	744000	1.9073487e-09	577.71155	-0.0006533919	-2.090271	0.21393213	0.0015580514	0.0	79.0	686.1916496753693
186	-200.0	0.0	-200.0	-200.0	200.0	-58.151226	3.9574192	-17.660189	-61.07934	748000	-7.629395e-09	589.3408	-0.0004996233	-6.9243164	0.22389813	0.00048021882	0.00225	79.0	689.6599807739258
187	-200.0	0.0	-200.0	-200.0	200.0	-58.25724	1.7235167	-39.24487	-60.75476	752000	-9.536744e-10	577.441	-0.0010778437	-6.0183716	0.25649044	0.0020399743	0.00025	79.0	693.1063332557678
188	-200.0	0.0	-200.0	-200.0	200.0	-58.419575	3.3125265	-38.199333	-62.674416	756000	-1.0490417e-08	571.04834	-0.0006965609	-3.883728	0.22312021	0.00038978958	0.0	79.0	696.5734868049622
189	-200.0	0.0	-200.0	-200.0	200.0	-58.2168	4.505995	-28.434	-62.272297	760000	1.9073487e-09	581.5512	-0.0020947675	-6.088684	0.239188	0.0007199051	0.01425	79.0	700.0151469707489
190	-200.0	0.0	-200.0	-200.0	200.0	-58.20973	5.6317596	18.840366	-60.134483	764000	2.861023e-09	583.96893	-0.0005996761	-12.56781	0.2591414	0.001298474	0.00175	79.0	703.4870271682739
191	-200.0	0.0	-200.0	-200.0	200.0	-58.44195	1.4960183	-39.251175	-60.3821	768000	-4.7683715e-09	582.24744	-0.0005945892	-4.9977417	0.29518154	0.0024916783	0.006	79.0	707.0629894733429
192	-200.0	0.0	-200.0	-200.0	200.0	-58.25782	2.9238646	-31.617153	-60.677143	772000	-9.536744e-10	577.05237	-0.0012545624	-9.097473	0.33531702	0.002462654	0.00325	79.0	710.5767431259155
193	-200.0	0.0	-200.0	-200.0	200.0	-58.266914	4.665029	-19.335201	-62.41526	776000	1.3351441e-08	569.98035	-0.0012091942	-1.9182129	0.36188158	0.0022163582	0.004	79.0	714.1035778522491
194	-200.0	0.0	-200.0	-200.0	200.0	-58.160923	4.651642	-15.1899395	-62.60853	780000	3.8146974e-09	573.8406	-0.000668644	-2.9746094	0.41095278	0.0020309198	0.0185	79.0	717.5273480415344
195	-200.0	0.0	-200.0	-200.0	200.0	-57.05809	7.8161497	7.18512	-61.994984	784000	1.6212464e-08	593.5693	-0.001039051	-26.158264	0.44538826	0.0042855465	0.0	79.0	720.9111223220825
196	-200.0	0.0	-200.0	-200.0	200.0	-58.54693	2.096312	-29.235481	-59.694664	788000	5.722046e-09	572.0041	-0.00088491535	-10.966431	0.3907379	0.0010202266	0.0	79.0	724.2447428703308
197	-200.0	0.0	-200.0	-200.0	200.0	-59.078003	3.1588786	-39.724434	-61.96245	792000	4.7683715e-09	573.7628	-0.0009785681	-3.2954712	0.3499749	0.0008714439	0.0	79.0	727.5888433456421
198	-200.0	0.0	-200.0	-200.0	200.0	-56.61917	6.4737763	-12.92853	-61.0909	796000	1.9073487e-09	575.1806	-0.0008616924	-12.744446	0.3134665	0.0024886308	0.0285	79.0	730.8658876419067
199	-200.0	0.0	-200.0	-200.0	200.0	-59.177982	3.308454	-47.931698	-62.0311	800000	-4.7683715e-09	572.9265	-0.000548336	-11.941406	0.35377672	0.0038419275	0.0	79.0	734.1219644546509
