Epoch	AverageEpRet	StdEpRet	MaxEpRet	MinEpRet	EpLen	AverageVVals	StdVVals	MaxVVals	MinVVals	TotalEnvInteracts	LossPi	LossV	DeltaLossPi	DeltaLossV	Entropy	KL	ClipFrac	StopIter	Time
0	-35.821957	0.7814259	-34.652493	-36.574352	999.0	0.07475114	0.0028943482	0.086533815	0.06461686	4000	-5.3465367e-08	11.671548	-0.008240084	-11.016506	0.91893786	0.00034498074	0.0045	79.0	3.5129454135894775
1	-36.15	0.5612925	-35.430485	-37.006207	999.0	-3.18375	0.09670806	-2.8253868	-3.3802114	8000	2.6226044e-09	0.64970237	-0.0032642726	-0.012172997	0.89533824	0.0021874795	0.00475	79.0	6.680662155151367
2	-34.82258	0.44719246	-34.085182	-35.291527	999.0	-3.275275	0.0494545	-3.069351	-3.366642	12000	7.867813e-09	0.61785716	-0.0034567888	-0.02030015	0.88082904	0.0017185641	0.0095	79.0	9.938488721847534
3	-31.967352	1.5549397	-30.21	-34.472683	999.0	-3.140418	0.023708778	-2.9851093	-3.1621406	16000	-1.0728836e-09	0.5663189	-0.0031427643	-0.06440544	0.8647695	0.0017517238	0.007	79.0	13.125457048416138
4	-31.881344	0.71360904	-30.707901	-32.534767	999.0	-2.8970594	0.021032443	-2.7826912	-2.9377155	20000	-5.841255e-09	0.5643346	-0.0048440625	-0.0025193691	0.8499395	0.0011876167	0.01025	79.0	16.275044202804565
5	-31.320717	0.26183027	-30.95001	-31.650122	999.0	-2.8655348	0.038900733	-2.6971252	-2.952152	24000	1.2516975e-09	0.5039315	-0.004259327	-0.007065028	0.8300224	0.0044052606	0.0205	79.0	19.453637838363647
6	-28.747496	1.0166645	-27.01694	-29.626812	999.0	-2.8177216	0.030175127	-2.6512249	-2.8865335	28000	1.692772e-08	0.40640375	-0.003952807	-0.052859873	0.8126226	0.0038391824	0.02675	79.0	22.62098264694214
7	-29.653599	0.9672243	-28.86941	-31.31033	999.0	-2.5915215	0.016764611	-2.520334	-2.6273634	32000	-7.2717667e-09	0.45300448	-0.0069255875	-0.0079547465	0.7966684	0.0016998472	0.02175	79.0	25.846715927124023
8	-28.313032	1.7991285	-25.213247	-29.641283	999.0	-2.6754446	0.015565718	-2.594453	-2.7088542	36000	-2.861023e-09	0.44729102	-0.005237254	-0.020617485	0.77355963	0.0021908302	0.013	79.0	29.02679991722107
9	-25.573494	0.8042133	-24.695683	-26.85374	999.0	-2.5402558	0.009740385	-2.4712145	-2.5474708	40000	1.5735626e-08	0.4064274	-0.0041056583	-0.06729996	0.74999225	0.0001551528	0.006	79.0	32.24393558502197
10	-25.665651	0.40102056	-25.084906	-26.156206	999.0	-2.2661607	0.03038158	-2.1129282	-2.2958076	44000	-2.3841857e-09	0.3583022	-0.0065020756	-0.008248121	0.72892976	0.002145281	0.01225	79.0	35.44939684867859
11	-24.09411	1.1375945	-22.749193	-25.855862	999.0	-2.3406405	0.033194765	-2.1466577	-2.3799582	48000	-8.106232e-09	0.36377725	-0.0044226735	-0.03021437	0.7037737	0.0019356988	0.00625	79.0	38.645366191864014
12	-21.81916	0.5793299	-21.206667	-22.752064	999.0	-2.1770945	0.010742748	-2.1160917	-2.1889029	52000	-1.66893e-08	0.2614472	-0.0028645168	-0.04869093	0.68155736	-0.00033114947	0.001	79.0	41.85079383850098
13	-21.713531	0.44152224	-21.156609	-22.350166	999.0	-1.9458396	0.024852654	-1.8249611	-1.9695936	56000	1.3589859e-08	0.21240823	-0.0040810574	-0.002909556	0.6617659	0.00031828557	0.006	79.0	45.045591831207275
14	-21.642706	1.0679306	-19.805752	-22.444094	999.0	-1.9782943	0.0431275	-1.6999063	-2.0250826	60000	2.3841857e-09	0.2352715	-0.0043414705	-0.0010157973	0.64035726	0.0024749727	0.00925	79.0	48.20765781402588
15	-20.18088	0.6127215	-19.403917	-21.1102	999.0	-1.9315256	0.076100856	-1.561454	-2.013592	64000	-1.3113022e-09	0.20611656	-0.0044269506	-0.016080901	0.6191176	0.0011158789	0.0035	79.0	51.442172050476074
16	-19.527248	0.5020926	-18.83888	-20.104753	999.0	-1.8609226	0.026678056	-1.6958609	-1.9004431	68000	5.2452087e-09	0.18424755	-0.005043311	-0.015366226	0.59556514	0.0017847918	0.0115	79.0	54.622589349746704
17	-18.69297	0.5552083	-17.84725	-19.382292	999.0	-1.7483121	0.055479422	-1.4769104	-1.8202748	72000	2.3841857e-09	0.17642693	-0.0054100165	-0.005102098	0.5713535	0.004258814	0.0185	79.0	57.778488874435425
18	-16.506092	0.8424042	-15.086407	-17.295351	999.0	-1.6979104	0.033352	-1.5182856	-1.7406505	76000	3.0994416e-09	0.1670732	-0.003867037	-0.049063154	0.5499301	0.00055732613	0.00825	79.0	60.98273015022278
19	-17.321491	0.51574194	-16.580564	-18.033106	999.0	-1.4749529	0.0452561	-1.2462595	-1.5209119	80000	-5.00679e-09	0.13583317	-0.0033682056	-0.010945015	0.532914	0.0011548618	0.0025	79.0	64.20713186264038
20	-15.498814	0.59646654	-14.891484	-16.159176	999.0	-1.5731586	0.049018007	-1.3358202	-1.6265246	84000	1.7166137e-08	0.13408513	-0.0042399275	-0.030736908	0.5130273	0.0024991066	0.01	79.0	67.45862221717834
21	-15.274324	0.32086617	-14.825707	-15.719354	999.0	-1.4155352	0.04621568	-1.1557705	-1.4573826	88000	2.861023e-09	0.114362486	-0.00374156	-0.0016132966	0.49193287	-0.00017964009	0.0035	79.0	70.71093368530273
22	-15.061894	0.46214065	-14.580932	-15.810687	999.0	-1.3331147	0.10937763	-0.8993559	-1.4234327	92000	-6.7949295e-09	0.10979238	-0.00478841	-0.003135398	0.46971974	0.0004142734	0.0095	79.0	73.91832089424133
23	-14.542133	0.4988775	-13.725731	-15.038389	999.0	-1.3435923	0.11183623	-0.8783852	-1.4276526	96000	5.4836273e-09	0.09930638	-0.004987779	-0.0015905425	0.44883737	0.00056299433	0.0035	79.0	77.06997013092041
24	-13.695405	0.46183228	-13.03151	-14.240848	999.0	-1.3697934	0.046757948	-1.0985138	-1.4076974	100000	-1.6689301e-09	0.089485824	-0.0036921708	-0.019473068	0.42324042	0.000978497	0.00825	79.0	80.34304904937744
25	-13.0904665	0.6422193	-12.039951	-13.771529	999.0	-1.2104306	0.08748456	-0.8154981	-1.2790045	104000	3.5762787e-10	0.07030328	-0.003771766	-0.0019126311	0.40232563	0.002041833	0.0065	79.0	83.49674320220947
26	-12.739722	0.24084358	-12.448638	-13.099927	999.0	-1.1942858	0.067737475	-0.81307536	-1.238844	108000	-3.4570693e-09	0.068244144	-0.0052547795	-0.0024918616	0.3806636	0.0015893908	0.00875	79.0	86.68570876121521
27	-11.89752	0.39225376	-11.417292	-12.500548	999.0	-1.0648489	0.14921902	-0.570046	-1.2019122	112000	-1.2457371e-08	0.057939872	-0.005868257	-0.0013314709	0.3565181	0.0015023234	0.02125	79.0	89.89634680747986
28	-11.363741	0.38599023	-11.004117	-12.00857	999.0	-1.0870843	0.15091754	-0.56825244	-1.2197918	116000	4.7683715e-09	0.04616961	-0.0040758997	-0.0053476095	0.33561853	0.0040630205	0.03325	79.0	93.04747724533081
29	-10.938856	0.11848135	-10.749824	-11.0765915	999.0	-1.0496202	0.101113215	-0.61364067	-1.1322929	120000	9.298325e-09	0.06473021	-0.004620013	-0.0042686723	0.32407877	0.00072421785	0.00675	79.0	96.28759598731995
30	-11.057192	0.55442095	-10.139748	-11.58009	999.0	-1.0078485	0.059139866	-0.74377745	-1.0574439	124000	2.3841857e-09	0.050782707	-0.007060177	-0.0015339442	0.30183032	0.0018325177	0.01475	79.0	99.50324177742004
31	-10.132717	0.51430327	-9.680124	-10.947636	999.0	-0.9093597	0.14746164	-0.53322273	-1.0580449	128000	7.1525574e-10	0.042802647	-0.004941598	-0.0012492798	0.2761155	0.0015112784	0.00725	79.0	102.69953107833862
32	-10.203765	0.36654925	-9.805142	-10.781326	999.0	-0.96211034	0.109190255	-0.5764536	-1.0419375	132000	2.026558e-09	0.04379833	-0.0070076566	-0.0031535104	0.25210965	0.004027145	0.0225	79.0	105.93750333786011
33	-9.270184	0.39907843	-8.944674	-9.946641	999.0	-0.93570274	0.072895594	-0.5589406	-0.98456866	136000	-1.1920929e-08	0.04592381	-0.0054522683	-0.009974971	0.22679152	0.0021308807	0.01325	79.0	109.17372679710388
34	-8.800314	0.23552623	-8.401677	-9.004509	999.0	-0.85137665	0.041221306	-0.6322457	-0.88102454	140000	1.0490417e-08	0.036128845	-0.00545082	-0.00388043	0.20439354	0.001820726	0.0175	79.0	112.40333580970764
35	-8.403854	0.34196943	-7.8512187	-8.787999	999.0	-0.771116	0.07773779	-0.40184653	-0.829073	144000	-3.5762786e-09	0.030131996	-0.0049123075	-0.00030054338	0.18033533	0.001396907	0.009	79.0	115.62124609947205
36	-8.383088	0.31274518	-7.887384	-8.745201	999.0	-0.78609633	0.036011796	-0.6151522	-0.8112648	148000	-7.629395e-09	0.026885135	-0.0044791047	-0.0011788905	0.15635799	0.0019321378	0.0105	79.0	118.87544631958008
37	-7.9211073	0.16423076	-7.6611505	-8.096368	999.0	-0.77119607	0.020100135	-0.6686298	-0.7830773	152000	1.1742115e-08	0.027263548	-0.0035611365	-0.003379168	0.13514411	0.0010157106	0.00825	79.0	122.09007596969604
38	-7.383844	0.40810096	-6.877977	-7.866525	999.0	-0.6787482	0.06097241	-0.44294903	-0.73258096	156000	-3.3378602e-09	0.023575502	-0.005597245	-0.0009883083	0.11459821	0.0014221907	0.00925	79.0	125.28573298454285
39	-7.1164446	0.43645537	-6.539047	-7.7035947	999.0	-0.7016977	0.02862948	-0.54230094	-0.7220626	160000	8.8214875e-09	0.024130953	-0.0035888986	-0.0042915996	0.09090034	0.0025252874	0.01025	79.0	128.49721908569336
40	-6.314001	0.15121593	-6.057459	-6.432262	999.0	-0.6300763	0.026448643	-0.51581514	-0.65653807	164000	-1.7166137e-08	0.021647751	-0.0027429103	-0.0045363083	0.07260227	-0.00039933014	0.0045	79.0	131.76335835456848
41	-6.4816065	0.22968084	-6.0875645	-6.6435018	999.0	-0.5586218	0.030994251	-0.41093218	-0.59010726	168000	8.3446505e-10	0.01898811	-0.0059957034	-0.0009795185	0.053273197	0.0017904143	0.0165	79.0	135.07594752311707
42	-6.4276705	0.18549171	-6.2559133	-6.702513	999.0	-0.5892788	0.028549751	-0.47941378	-0.61703	172000	-4.2915342e-09	0.018707681	-0.0059786257	-0.00035619177	0.027074888	0.005060912	0.02525	79.0	138.33528399467468
43	-6.104722	0.27505684	-5.847075	-6.5573907	999.0	-0.58010423	0.02738616	-0.47128722	-0.60818	176000	-5.9604646e-09	0.016790584	-0.004731517	-0.0007473063	0.0028526783	0.0018997393	0.00525	79.0	141.5072727203369
44	-5.78735	0.11477559	-5.705928	-5.984834	999.0	-0.5349785	0.07000546	-0.21890756	-0.5832094	180000	-1.2040139e-08	0.01907064	-0.0044206334	-0.0022416487	-0.02386101	0.0029298107	0.0105	79.0	144.63179779052734
45	-5.3312507	0.19479902	-5.0013137	-5.5056815	999.0	-0.5370223	0.026809288	-0.39452377	-0.55523896	184000	2.7060509e-08	0.018168889	-0.0038469126	-0.0032118522	-0.041942164	0.00035303514	0.00175	79.0	147.81881594657898
46	-5.24833	0.19047038	-4.9184585	-5.3619967	999.0	-0.4743428	0.028863356	-0.35255805	-0.49646845	188000	2.3841857e-09	0.010556984	-0.004479872	-5.334243e-05	-0.06640914	0.002819401	0.0095	79.0	151.05166220664978
47	-4.919044	0.087284565	-4.808548	-5.05304	999.0	-0.48256776	0.019450631	-0.40069324	-0.4973929	192000	1.001358e-08	0.012707956	-0.0039752014	-0.0016592713	-0.089379914	0.0009836275	0.006	79.0	154.23581051826477
48	-4.7297735	0.06297215	-4.637449	-4.8116903	999.0	-0.44154125	0.02319902	-0.32108316	-0.4563179	196000	-5.722046e-09	0.010254322	-0.00479991	-0.00030637905	-0.112279646	0.0013452697	0.0135	79.0	157.48213934898376
49	-4.598531	0.12652043	-4.3982053	-4.7462378	999.0	-0.42866173	0.0089482	-0.3938617	-0.43786523	200000	1.192093e-10	0.00907845	-0.0040491335	-0.0002162978	-0.13575384	0.0021916542	0.00675	79.0	160.66287469863892
50	-4.2694054	0.14737678	-4.063117	-4.4784503	999.0	-0.41331467	0.016795944	-0.33434784	-0.42347467	204000	7.867813e-09	0.008356703	-0.003963799	-0.0007185219	-0.15938304	0.002617071	0.00675	79.0	163.95014572143555
51	-4.1092525	0.1692642	-3.8613303	-4.330696	999.0	-0.38803264	0.011717965	-0.33405906	-0.3975061	208000	-2.3841857e-09	0.009465767	-0.0061316933	-0.00023755245	-0.18282513	0.0015446537	0.00825	79.0	167.16334986686707
52	-3.818469	0.07955118	-3.7098842	-3.9060748	999.0	-0.3683247	0.018620297	-0.27333558	-0.38349965	212000	3.3378602e-09	0.00674476	-0.0059345327	-0.00056616496	-0.21093558	0.0016697041	0.01	79.0	170.39260149002075
53	-3.5707889	0.06779474	-3.475557	-3.6394029	999.0	-0.33852863	0.050038323	-0.09349077	-0.36723906	216000	0.0	0.0076693017	-0.0036191505	-0.0015998236	-0.23810525	0.00042354522	0.0085	79.0	173.6004388332367
54	-3.6700134	0.22769648	-3.3572974	-3.9486127	999.0	-0.31675208	0.0402659	-0.1390515	-0.34188256	220000	-2.1457671e-09	0.0065991157	-0.0039504026	-0.0008000331	-0.25917447	0.0023933465	0.0085	79.0	176.8752429485321
55	-3.397811	0.08914239	-3.2558885	-3.4738874	999.0	-0.33652192	0.0070866304	-0.29002616	-0.34170312	224000	-6.6757204e-09	0.0056910664	-0.004546965	-0.00096089067	-0.28168312	0.0012347586	0.00975	79.0	180.1307532787323
56	-3.1060877	0.109305836	-2.931075	-3.2127748	999.0	-0.3087566	0.0045099375	-0.28033662	-0.3130899	228000	-7.1525574e-10	0.006075056	-0.0053281495	-0.000740299	-0.3061882	0.00029549628	0.00575	79.0	183.39964604377747
57	-2.9713995	0.05597672	-2.9091294	-3.0575073	999.0	-0.2825099	0.0045149885	-0.2580065	-0.28575304	232000	-4.2915342e-09	0.004516864	-0.0040397183	-0.0001901146	-0.33340064	0.0016966767	0.00575	79.0	186.68366146087646
58	-2.908979	0.111684754	-2.7495673	-3.038603	999.0	-0.2640639	0.010460105	-0.21743482	-0.27318907	236000	6.9141386e-09	0.003644882	-0.00396019	-0.00012426637	-0.35699955	0.0008660048	0.00375	79.0	189.92854642868042
59	-2.7203968	0.128241	-2.552138	-2.9104843	999.0	-0.26954395	0.006270578	-0.223423	-0.27405512	240000	-2.861023e-09	0.0034969638	-0.0038120917	-0.0004966459	-0.3809398	0.00036400353	0.003	79.0	193.1239960193634
60	-2.6745286	0.044321716	-2.616852	-2.7387984	999.0	-0.23492637	0.018424219	-0.14575197	-0.2529402	244000	-5.9604646e-09	0.0028873952	-0.0042833276	-2.8527342e-05	-0.4048879	0.0020311114	0.00725	79.0	196.34755492210388
61	-2.5821471	0.098393776	-2.420974	-2.6625903	999.0	-0.2515541	0.007309351	-0.21610917	-0.25769532	248000	-6.556511e-09	0.0041025085	-0.005744749	-0.00040394883	-0.42893574	0.0020134815	0.01175	79.0	199.55943250656128
62	-2.3057578	0.02527484	-2.2838566	-2.3476264	999.0	-0.2296919	0.010019359	-0.17298943	-0.23753245	252000	1.3589859e-08	0.0027090267	-0.00544222	-0.0005039652	-0.45797342	0.00084132364	0.01575	79.0	203.43093991279602
63	-2.2137842	0.09712741	-2.104377	-2.3687847	999.0	-0.21193145	0.0055278875	-0.18166307	-0.2164289	256000	1.1920929e-09	0.0021887296	-0.0040798495	-0.00011673686	-0.48251364	0.0020075666	0.00925	79.0	206.6354579925537
64	-2.1703136	0.031727135	-2.1340704	-2.207453	999.0	-0.19774374	0.01020088	-0.14806722	-0.20608582	260000	3.5762786e-09	0.0021129602	-0.0064861	-2.7667498e-05	-0.5041399	0.0023271241	0.013	79.0	209.8817777633667
65	-2.0707269	0.089160204	-1.9302557	-2.1732564	999.0	-0.19700278	0.013271061	-0.11515921	-0.20418465	264000	-1.1920929e-09	0.002001346	-0.004453803	-0.0001231815	-0.5323603	0.0006124491	0.00475	79.0	213.11014318466187
66	-1.9525208	0.07153534	-1.8835318	-2.0522404	999.0	-0.1837189	0.0137289595	-0.10147336	-0.19434132	268000	-1.3113022e-08	0.0015335097	0.018826809	-4.2964937e-05	-0.5563311	0.03702389	0.421	6.0	215.78578329086304
67	-1.9571607	0.036109388	-1.90575	-2.0016582	999.0	-0.1774078	0.013452595	-0.09402962	-0.18799993	272000	9.298325e-09	0.0015347204	-0.0032317978	-5.325768e-06	-0.55795705	6.649515e-05	0.00125	79.0	218.96764826774597
68	-1.9430137	0.07627826	-1.8553706	-2.0259302	999.0	-0.18110532	0.0067353044	-0.14571035	-0.18702076	276000	8.46386e-09	0.0016269309	-0.0053226613	-4.4286484e-05	-0.5795396	0.0009470507	0.00775	79.0	222.13089394569397
69	-1.9086523	0.074470125	-1.7933265	-1.9972585	999.0	-0.16842595	0.018593874	-0.080395564	-0.18331473	280000	-9.536744e-10	0.0017235115	-0.004337409	-9.286171e-05	-0.606303	0.0018639351	0.00925	79.0	225.31659078598022
70	-1.6675018	0.08869205	-1.571524	-1.7841295	999.0	-0.17722267	0.011181061	-0.11529139	-0.18502496	284000	1.2159347e-08	0.0020548373	-0.0042361934	-0.0007632114	-0.6269843	0.0024350628	0.02075	79.0	228.57815527915955
71	-1.6515849	0.028524552	-1.6116787	-1.6874983	999.0	-0.1491526	0.0075060567	-0.111137316	-0.15620399	288000	1.4305115e-09	0.0010503397	-0.0036491468	-5.8233272e-06	-0.6441751	0.0019175654	0.0115	79.0	232.54825234413147
72	-1.5866808	0.047557794	-1.5541221	-1.6688205	999.0	-0.14775082	0.008515208	-0.10569604	-0.15554732	292000	3.9339065e-09	0.0010831682	-0.004188953	-1.5533762e-05	-0.6637061	0.0010427871	0.00475	79.0	236.10337591171265
73	-1.4723282	0.071772374	-1.3818109	-1.5529424	999.0	-0.13988593	0.014941432	-0.047279533	-0.1517475	296000	-8.106232e-09	0.0008918759	-0.0044927984	-7.407775e-05	-0.68932074	0.0027285176	0.032	79.0	239.3120720386505
74	-1.4242486	0.034681074	-1.3814515	-1.4759947	999.0	-0.1399475	0.0016557199	-0.1278311	-0.14175676	300000	-1.66893e-08	0.001075783	-0.00507572	-0.00015354925	-0.7106016	0.0010644689	0.01575	79.0	242.5191044807434
75	-1.3678119	0.069154724	-1.3082459	-1.4856389	999.0	-0.115609	0.018332163	-0.020280704	-0.13119934	304000	-2.169609e-08	0.0011070824	-0.0047702636	-0.00021177647	-0.7346246	4.2903066e-05	0.0115	79.0	245.7747254371643
76	-1.337323	0.0121900905	-1.3204201	-1.3517612	999.0	-0.12929876	0.0015604467	-0.121079236	-0.1306701	308000	6.437302e-09	0.0008528619	0.00065864966	-7.590861e-05	-0.7537104	0.02019346	0.24	2.0	248.49099946022034
77	-1.2579942	0.045428272	-1.1888759	-1.3140192	999.0	-0.12076764	0.0020134272	-0.10883272	-0.12222782	312000	1.6689301e-09	0.00078357867	-0.004323241	-9.2741335e-05	-0.75420594	-5.1864085e-06	0.00625	79.0	251.6996111869812
78	-1.2535771	0.07073134	-1.1675636	-1.3629451	999.0	-0.10869368	0.010373684	-0.06241178	-0.116216555	316000	6.0796737e-09	0.00093559554	-0.0050390894	-7.6472934e-05	-0.7794647	0.00083467574	0.00475	79.0	254.96883392333984
79	-1.1583128	0.044888947	-1.0853196	-1.1966172	999.0	-0.11419328	0.002301554	-0.10197636	-0.1165336	320000	-5.2452087e-09	0.00073987216	-0.004236836	-0.00010610989	-0.808052	0.00087450264	0.011	79.0	258.11226081848145
80	-1.2062951	0.043824352	-1.152902	-1.2749515	999.0	-0.10299054	0.0036058752	-0.08123353	-0.10530147	324000	-1.7225743e-08	0.0006215878	-0.0052384194	-3.896514e-05	-0.83075184	0.0024277586	0.0085	79.0	261.2990355491638
81	-1.1004184	0.016222175	-1.08778	-1.1282291	999.0	-0.10838867	0.0036266635	-0.08672935	-0.111540064	328000	3.8146974e-09	0.0005689489	-0.0049348865	-8.735526e-05	-0.85772544	0.004806168	0.0245	79.0	265.2176752090454
82	-1.0111191	0.021366917	-0.9745441	-1.0283568	999.0	-0.10020698	0.0019403434	-0.09115388	-0.10221513	332000	0.0	0.00056172756	-0.005361893	-0.00010606475	-0.8782784	0.002663795	0.0195	79.0	268.84121346473694
83	-0.9397846	0.04029612	-0.8757276	-0.98122925	999.0	-0.0909988	0.00074668083	-0.08698427	-0.09165061	336000	-1.6212464e-08	0.00053196575	-0.005229401	-3.74167e-05	-0.90164196	0.0025359401	0.0125	79.0	272.0891978740692
84	-0.8809699	0.03154004	-0.8408786	-0.9238652	999.0	-0.084873654	0.0017674218	-0.07833798	-0.0864924	340000	4.172325e-09	0.0003976836	0.0031664616	-2.2722495e-05	-0.928545	0.015747959	0.235	2.0	274.72137212753296
85	-0.9038646	0.019329349	-0.8720056	-0.9198758	999.0	-0.07996939	0.0019648892	-0.06781028	-0.08101179	344000	4.529953e-09	0.00045524366	-0.0053100297	-3.6777637e-06	-0.92914593	0.0008081464	0.008	79.0	277.9605886936188
86	-0.91109765	0.02419962	-0.8873406	-0.94768703	999.0	-0.0817493	0.001563705	-0.07309824	-0.08296539	348000	1.7881393e-09	0.00035263723	-0.0040909145	-3.870635e-06	-0.9554063	0.002380415	0.0035	79.0	281.22914361953735
87	-0.85117936	0.030850643	-0.8100505	-0.8917885	999.0	-0.081896484	0.0016099497	-0.075735845	-0.08336458	352000	-1.6450882e-08	0.00034569227	-0.0031478235	-3.3381977e-05	-0.98090345	0.0013576851	0.0015	79.0	284.45819306373596
88	-0.79303694	0.024156602	-0.7766653	-0.83477163	999.0	-0.076618716	0.0019356972	-0.06613669	-0.078274414	356000	7.152557e-09	0.00032242064	-0.004136506	-3.284056e-05	-1.0032215	0.0006425548	0.00275	79.0	287.71751070022583
89	-0.7459119	0.03361095	-0.70421094	-0.7881726	999.0	-0.071305476	0.0007195534	-0.06712582	-0.07194905	360000	-8.5830685e-09	0.0002554701	-0.0041272566	-1.6165897e-05	-1.0288622	0.0022116997	0.01025	79.0	290.89039397239685
90	-0.7488673	0.037868965	-0.69120085	-0.7869137	999.0	-0.06621506	0.002336575	-0.051778544	-0.06782426	364000	-1.5497208e-09	0.00026882908	0.013168849	-4.7717476e-06	-1.0518173	0.019852273	0.25375	4.0	293.6042728424072
91	-0.7498869	0.015094815	-0.7242192	-0.7629734	999.0	-0.06837474	0.0014437573	-0.060866054	-0.06977518	368000	-4.7683715e-09	0.00021098365	0.0030002887	-2.8782233e-06	-1.052912	0.01681255	0.2685	3.0	296.77816939353943
92	-0.7259511	0.014293524	-0.7043332	-0.74449944	999.0	-0.067654625	0.0015482653	-0.059966877	-0.06864544	372000	3.3378602e-09	0.0002507484	-0.0053303274	-3.441237e-06	-1.0537411	0.004418339	0.01625	79.0	299.931401014328
93	-0.694976	0.04277452	-0.62457675	-0.73735136	999.0	-0.06609251	0.0005217408	-0.06398823	-0.06681925	376000	-3.3378602e-09	0.00026702232	0.0020185334	-1.1392258e-05	-1.0788202	0.015393123	0.26025	6.0	302.6158814430237
94	-0.6857704	0.020788841	-0.6603232	-0.7173447	999.0	-0.06185647	0.002029366	-0.051857453	-0.063264534	380000	-3.8146974e-09	0.00024169408	-0.005464946	-6.763439e-07	-1.0806369	0.0014722402	0.01275	79.0	306.00752568244934
95	-0.6557612	0.025336402	-0.6170724	-0.687214	999.0	-0.063106276	0.00056272093	-0.060451046	-0.06372667	384000	-1.2516975e-08	0.00023116881	-0.005222473	-1.5888276e-05	-1.104387	0.0039716484	0.01375	79.0	309.2474720478058
96	-0.6365309	0.04385235	-0.5754123	-0.6993516	999.0	-0.0573802	0.0036350598	-0.032132164	-0.059853077	388000	7.1525574e-10	0.00022692395	-0.007632862	-2.6925263e-06	-1.1303877	0.0032647671	0.01725	79.0	312.5472762584686
97	-0.5787309	0.0068741497	-0.5702294	-0.58942384	999.0	-0.05909303	0.00048063253	-0.057159446	-0.059513666	392000	-4.7683715e-09	0.00021151511	-0.004523162	-4.6077097e-05	-1.1617686	0.0014413454	0.0075	79.0	315.8691008090973
98	-0.56099963	0.01067263	-0.5470954	-0.5717485	999.0	-0.052265335	0.0005146227	-0.05002021	-0.05278337	396000	-2.1457671e-09	0.00017613929	-0.0048567695	-3.334324e-06	-1.1872315	0.0024474445	0.01225	79.0	319.15383887290955
99	-0.5155458	0.018436745	-0.4968498	-0.53638667	999.0	-0.049968503	0.0010823578	-0.045737185	-0.051162034	400000	8.5830685e-09	0.00013703576	0.017048161	-1.2587203e-05	-1.2119595	0.027286625	0.387	6.0	321.9240436553955
100	-0.5500651	0.02883288	-0.50671667	-0.5867361	999.0	-0.046885423	0.0010581493	-0.03981804	-0.047983788	404000	1.0490417e-08	0.0001434539	-0.0056463773	-7.624345e-06	-1.2135464	0.003653364	0.02375	79.0	325.2739610671997
101	-0.49789748	0.017023256	-0.47410208	-0.5181626	999.0	-0.04874076	0.0016763555	-0.039721195	-0.0509372	408000	-1.001358e-08	0.000101264544	-0.0029759884	-1.6096004e-05	-1.2350314	-5.363494e-06	0.00325	79.0	328.714239358902
102	-0.47980794	0.0054698135	-0.473011	-0.48624542	999.0	-0.045240495	0.0008957895	-0.0404646	-0.04644763	412000	-1.4305115e-09	0.0001271636	0.002702198	-4.259229e-06	-1.2555848	0.019842641	0.27225	2.0	331.31714153289795
103	-0.4809519	0.016698759	-0.46663246	-0.5081757	999.0	-0.042656858	0.0021030372	-0.03066735	-0.044381298	416000	1.1444092e-08	0.00010331829	-0.0048402436	-6.2337494e-07	-1.2560887	0.0023446553	0.008	79.0	334.5149166584015
104	-0.4608501	0.017831791	-0.43753842	-0.48553947	999.0	-0.044295043	0.0007916425	-0.041180246	-0.045131356	420000	-1.6689301e-09	9.2249866e-05	-0.0029158113	-5.7856814e-06	-1.2799237	0.00090937543	0.003	79.0	337.73648619651794
105	-0.4430636	0.010487688	-0.43402466	-0.45963702	999.0	-0.040283546	0.0025859296	-0.02857428	-0.04286792	424000	1.0967255e-08	8.2593295e-05	0.008730401	-2.424349e-07	-1.299849	0.019055301	0.29775	6.0	340.44004106521606
106	-0.43206733	0.023856191	-0.40427357	-0.46296537	999.0	-0.041203286	0.0012544938	-0.03554636	-0.04251034	428000	6.6757204e-09	9.843564e-05	0.0054458003	-6.296679e-06	-1.3014022	0.018889511	0.29225	9.0	343.1400167942047
107	-0.43555653	0.020729348	-0.40992072	-0.46754473	999.0	-0.038283754	0.0018416026	-0.028458755	-0.04008114	432000	-2.3841857e-09	0.00010917084	0.0038094427	-9.2267146e-07	-1.3039291	0.016825926	0.234	1.0	345.78220200538635
108	-0.43707836	0.013606123	-0.41720343	-0.4534532	999.0	-0.039605074	0.00092619413	-0.035309777	-0.040784582	436000	-3.5762787e-10	9.677515e-05	0.0069736484	-1.9052823e-07	-1.3042238	0.020575196	0.28325	4.0	348.45146918296814
109	-0.41908944	0.010593736	-0.40857685	-0.43570393	999.0	-0.039151352	0.0011358832	-0.03238737	-0.04065089	440000	1.0609627e-08	8.783316e-05	0.005217383	-2.594461e-06	-1.3054152	0.018607264	0.27375	3.0	351.115665435791
110	-0.43592525	0.0077849217	-0.42295483	-0.4426375	999.0	-0.037816465	0.0009930546	-0.033809625	-0.039082915	444000	1.6093255e-08	9.456134e-05	-0.0057685315	-3.6135825e-06	-1.3063188	0.0026871436	0.0265	79.0	354.35481452941895
111	-0.42027268	0.009185271	-0.4070915	-0.43061957	999.0	-0.038784966	0.0022833627	-0.02732933	-0.040882234	448000	6.6757204e-09	7.493877e-05	-0.0031936753	-1.3384488e-06	-1.3266768	0.0018910494	0.004	79.0	357.5382800102234
112	-0.40943894	0.019840078	-0.380039	-0.4300439	999.0	-0.038732994	0.0014247585	-0.031186588	-0.04005509	452000	5.2452087e-09	8.6390166e-05	-0.0040649483	-2.8755894e-06	-1.3469489	0.0015930834	0.00325	79.0	360.743460893631
113	-0.38292897	0.008280093	-0.37449235	-0.392587	999.0	-0.036174156	0.0022496043	-0.023362935	-0.03831712	456000	5.2452087e-09	7.8325196e-05	-0.004489846	-3.2336175e-06	-1.3719168	0.0017767842	0.00475	79.0	363.9297618865967
114	-0.35238457	0.009694519	-0.3385359	-0.36188644	999.0	-0.035606094	0.00047440358	-0.034238026	-0.03627514	460000	-1.835823e-08	7.184032e-05	0.0052123847	-1.7044724e-05	-1.3954455	0.015088359	0.26375	16.0	367.53104853630066
115	-0.34978768	0.014614302	-0.33114275	-0.3675385	999.0	-0.031477474	0.0003902861	-0.030172393	-0.032057256	464000	-5.9604646e-09	6.6783956e-05	0.0049690087	-9.834184e-08	-1.3997815	0.0152537795	0.2515	4.0	370.94147205352783
116	-0.3598999	0.013026291	-0.34371197	-0.37462232	999.0	-0.031653043	0.00040936106	-0.030047245	-0.032223076	468000	-1.6689301e-09	6.504809e-05	0.0026382552	-1.0398799e-06	-1.4009386	0.02171883	0.2425	3.0	373.77755093574524
117	-0.35824165	0.019372119	-0.33682412	-0.38349223	999.0	-0.031902257	0.0012643979	-0.02618751	-0.03333281	472000	4.7683715e-09	6.285852e-05	0.006764136	-7.154813e-07	-1.401871	0.018906688	0.2785	9.0	376.4278326034546
118	-0.36063474	0.009692424	-0.35186228	-0.37635842	999.0	-0.032989945	0.00021604048	-0.03172131	-0.033378303	476000	-1.07288365e-08	5.9384263e-05	-0.0048174607	-4.1274689e-07	-1.4046226	0.0058968063	0.031	79.0	379.5596399307251
119	-0.34393016	0.003980019	-0.34074226	-0.35067075	999.0	-0.032224793	0.00050184363	-0.029913273	-0.032937367	480000	2.1457671e-09	6.02669e-05	-0.005081657	-2.418139e-06	-1.4262547	0.0012264195	0.01	79.0	382.69187903404236
120	-0.31029576	0.020491429	-0.2876021	-0.33646068	999.0	-0.030347597	0.0008309778	-0.027102053	-0.031663597	484000	4.529953e-09	5.053266e-05	-0.0036883438	-6.1925894e-06	-1.4532012	0.00038234424	0.0095	79.0	385.8978981971741
121	-0.3204282	0.007383795	-0.31223485	-0.32842746	999.0	-0.027884638	0.0007461213	-0.02508767	-0.029195748	488000	8.702278e-09	5.5220156e-05	-0.0050410694	-1.1137527e-06	-1.4747823	0.0027999696	0.00975	79.0	389.12467217445374
122	-0.30335635	0.0067418288	-0.29605478	-0.31076407	999.0	-0.029063575	0.0007363618	-0.027057376	-0.030365448	492000	8.46386e-09	4.554072e-05	-0.0033097449	-2.34849e-06	-1.5004922	0.0027547441	0.0045	79.0	392.34316968917847
123	-0.28430513	0.009502043	-0.27206248	-0.29813096	999.0	-0.027657952	0.00068125257	-0.024332311	-0.028620567	496000	-1.8000602e-08	4.7894224e-05	-0.004944959	-4.620604e-06	-1.5217031	0.0021580658	0.00625	79.0	395.5864963531494
124	-0.26702973	0.003245162	-0.26266143	-0.2709875	999.0	-0.025523117	0.0005647978	-0.023437638	-0.026296128	500000	-1.66893e-08	3.669438e-05	-0.0056642345	-2.29153e-06	-1.5484111	0.0033824407	0.01775	79.0	398.8951151371002
125	-0.24680017	0.008247088	-0.23622337	-0.2555879	999.0	-0.024431953	0.00015786689	-0.023524977	-0.024671718	504000	1.3113022e-08	3.2381773e-05	-0.0040182206	-4.029207e-06	-1.5724946	-6.207034e-05	0.00675	79.0	402.1245596408844
126	-0.24731755	0.012849505	-0.23198919	-0.26749125	999.0	-0.022152608	0.0007244101	-0.018938508	-0.022878937	508000	-9.536743e-09	2.8505394e-05	-0.0036969343	-4.3936234e-07	-1.5943106	0.0017989393	0.008	79.0	405.4012005329132
127	-0.2273378	0.007452782	-0.21744157	-0.2383795	999.0	-0.022350773	0.00043540692	-0.020368252	-0.022959132	512000	9.059906e-09	2.4919023e-05	-0.003823238	-3.3918932e-06	-1.6170968	0.0013231328	0.0085	79.0	408.947327375412
128	-0.22378662	0.0062261955	-0.2161407	-0.23279105	999.0	-0.020500882	0.00031202784	-0.018971298	-0.020984378	516000	-1.4781952e-08	2.2413004e-05	-0.004033763	-2.4391193e-07	-1.6393397	0.0019229682	0.012	79.0	412.1031095981598
129	-0.20754409	0.0078019686	-0.19542998	-0.2168681	999.0	-0.020137116	0.00045963636	-0.018875211	-0.020939402	520000	-3.8146974e-09	2.3881645e-05	0.00669083	-1.810884e-06	-1.6598928	0.019692777	0.30525	8.0	414.8321132659912
130	-0.2154082	0.005879363	-0.20873496	-0.22432573	999.0	-0.018730156	0.0004373781	-0.017054953	-0.01944521	524000	-2.6226044e-09	2.4916784e-05	0.00741235	-6.0371895e-07	-1.6620486	0.018942203	0.29675	3.0	417.4664046764374
131	-0.21244164	0.004512824	-0.20787953	-0.21831194	999.0	-0.019432802	0.000506857	-0.016147476	-0.01986124	528000	1.704693e-08	2.6590005e-05	-0.0064705308	-1.874032e-07	-1.6629676	0.0014508937	0.00825	79.0	420.66159105300903
132	-0.19724922	0.004227136	-0.19345796	-0.20441799	999.0	-0.01919268	0.00024221132	-0.018051036	-0.019445203	532000	-1.2159347e-08	2.0497137e-05	0.007411768	-2.0869684e-06	-1.6944689	0.022232743	0.2835	32.0	423.5699999332428
133	-0.20058645	0.010161581	-0.18495929	-0.2126836	999.0	-0.01782607	8.1423095e-05	-0.017497461	-0.017975021	536000	7.7486035e-09	1.8530462e-05	-0.0038220168	-6.84322e-08	-1.7044687	0.0016871204	0.011	79.0	426.75146079063416
134	-0.1881669	0.0067516677	-0.18166181	-0.19808461	999.0	-0.017888803	0.0004255631	-0.016203135	-0.018378723	540000	2.4795533e-08	1.7465323e-05	0.0033894298	-9.017749e-07	-1.7248642	0.018107487	0.24175	2.0	429.43645119667053
135	-0.18645173	0.0060958676	-0.17967826	-0.19337997	999.0	-0.017011592	0.000375071	-0.015155822	-0.017354906	544000	2.169609e-08	1.541776e-05	-0.004027552	-8.133611e-08	-1.7253574	0.0014742115	0.009	79.0	432.60062527656555
136	-0.17610967	0.005877112	-0.1697822	-0.18568571	999.0	-0.016924322	0.00020112962	-0.016387057	-0.017262544	548000	1.4305115e-09	1.563069e-05	-0.003709282	-1.1773791e-06	-1.7477528	1.4288276e-05	0.0025	79.0	435.90470242500305
137	-0.1686246	0.005404103	-0.15942535	-0.1728217	999.0	-0.015735274	0.00048696887	-0.013398252	-0.0161109	552000	-1.0490417e-08	1.4282119e-05	-0.004949065	-4.60489e-07	-1.7703904	0.0014244121	0.00575	79.0	439.18783807754517
138	-0.16445819	0.0044777347	-0.15813419	-0.17060755	999.0	-0.015086534	0.00047086074	-0.0123507045	-0.0155028105	556000	7.1525574e-10	1.3011155e-05	-0.0050694933	3.369596e-07	-1.7975343	0.0015433413	0.00625	79.0	442.38957715034485
139	-0.15215127	0.00705838	-0.14236465	-0.15987721	999.0	-0.015796421	0.00014319769	-0.015173946	-0.015991405	560000	0.0	1.5993934e-05	-0.004408384	-4.4025583e-06	-1.825375	0.00038269616	0.00625	79.0	445.61593294143677
140	-0.14692226	0.0016911533	-0.14439894	-0.148643	999.0	-0.01337181	0.00042000585	-0.011409882	-0.013671134	564000	-1.07288365e-08	9.718889e-06	0.0032548434	-1.4649049e-07	-1.8503232	0.017290875	0.23975	5.0	448.3858907222748
141	-0.1482211	0.008322749	-0.13635091	-0.15816134	999.0	-0.013290532	0.00033491274	-0.011410553	-0.01372331	568000	-5.9604643e-10	1.0562868e-05	0.0028018942	-1.1114025e-08	-1.8517567	0.016646914	0.2105	6.0	451.1282320022583
142	-0.14552173	0.0048931274	-0.13908361	-0.15049405	999.0	-0.013330641	0.0004220497	-0.010911014	-0.013804328	572000	0.0	1.0757634e-05	-0.00533815	-5.8738806e-08	-1.8535266	0.0013565291	0.00775	79.0	454.32357931137085
143	-0.13485529	0.0014153346	-0.13334839	-0.13701291	999.0	-0.013336387	6.327948e-05	-0.013066966	-0.013422318	576000	-6.3180923e-09	1.0062892e-05	-0.004838382	-1.3881499e-06	-1.880997	0.0013467513	0.00525	79.0	457.5684051513672
144	-0.12962884	0.0026257986	-0.12567121	-0.13235891	999.0	-0.011906468	0.00044348906	-0.009578627	-0.012518078	580000	1.0251999e-08	8.88835e-06	0.004073086	-8.2789484e-08	-1.9076047	0.016005144	0.196	9.0	460.29848551750183
145	-0.1342485	0.001997124	-0.13235901	-0.1373259	999.0	-0.011850104	0.0003558809	-0.009789605	-0.012299247	584000	-1.0967255e-08	7.983574e-06	-0.0041531785	9.218915e-06	-1.9104431	0.0019136162	0.01925	79.0	463.4706633090973
146	-0.122868605	0.002270334	-0.120852396	-0.12671219	999.0	-0.008808189	0.00033039434	-0.0071227923	-0.009127345	588000	2.8252602e-08	1.1957512e-05	0.0026884312	-5.2501814e-06	-1.9310488	0.01666641	0.26425	1.0	466.2228059768677
147	-0.122647	0.003919976	-0.1188047	-0.12809417	999.0	-0.011125337	0.00025026503	-0.010178372	-0.011427343	592000	7.390976e-09	6.813346e-06	0.010692098	-1.4698799e-08	-1.9312907	0.023071893	0.31675	1.0	468.9119038581848
148	-0.12515785	0.00429135	-0.12029946	-0.1314629	999.0	-0.01110874	0.00016800076	-0.010306232	-0.01126701	596000	-2.7418137e-09	9.296604e-06	0.006514678	-6.119171e-08	-1.931545	0.024879541	0.33575	2.0	471.55136251449585
149	-0.11969329	0.002862455	-0.11552261	-0.12328764	999.0	-0.011199974	0.00032772022	-0.009637218	-0.011501368	600000	-9.298325e-09	7.0743263e-06	0.009672016	-2.0514426e-07	-1.9320686	0.021847045	0.3085	3.0	474.27464056015015
150	-0.13113919	0.0028668502	-0.1269803	-0.1342114	999.0	-0.011004475	2.3309927e-05	-0.010832556	-0.0110376105	604000	1.7166137e-08	8.674018e-06	0.017749311	-5.60648e-07	-1.932908	0.032696277	0.44	6.0	477.0496599674225
151	-0.12329851	0.0036581354	-0.12040904	-0.1295757	999.0	-0.011612417	0.00030533344	-0.010124274	-0.011907008	608000	8.34465e-09	7.4481823e-06	0.008535485	-3.148457e-07	-1.9346769	0.02035099	0.30575	7.0	479.7109184265137
152	-0.12721927	0.007198622	-0.11615477	-0.13504058	999.0	-0.011028989	0.00043009562	-0.008763507	-0.011306945	612000	4.768372e-10	8.74475e-06	0.014577803	3.188834e-07	-1.9366912	0.020424575	0.31125	6.0	482.3743989467621
153	-0.11905849	0.0031517162	-0.11543544	-0.123987146	999.0	-0.010766363	9.5473195e-05	-0.010501128	-0.010876667	616000	8.225441e-09	6.6360785e-06	0.025421739	2.0838797e-08	-1.9385673	0.02222118	0.3705	1.0	484.9965651035309
154	-0.12971604	0.007372979	-0.122308254	-0.14019194	999.0	-0.010755397	0.00014000757	-0.01016451	-0.010914318	620000	1.3589859e-08	9.047632e-06	0.021978937	-1.139937e-06	-1.9388895	0.047027577	0.4715	3.0	487.6063492298126
155	-0.12524043	0.0070773624	-0.117549285	-0.13456377	999.0	-0.011838238	0.00012757309	-0.011033855	-0.011944249	624000	-7.867813e-09	8.0061545e-06	0.018985502	-2.7899387e-07	-1.9398537	0.029240679	0.3765	3.0	490.2631149291992
156	-0.1270323	0.005840607	-0.11906404	-0.13459122	999.0	-0.011280772	0.00037241992	-0.009028189	-0.011522248	628000	-7.1525574e-10	7.167619e-06	-0.00409802	-1.0442636e-07	-1.9408103	0.0023629349	0.03375	79.0	493.3943347930908
157	-0.1195918	0.0048976615	-0.111895226	-0.12453691	999.0	-0.011422508	0.000117863194	-0.010909017	-0.011547726	632000	8.5830685e-09	6.874822e-06	0.00717449	-4.1993917e-07	-1.9600333	0.019029992	0.32075	11.0	496.1579735279083
158	-0.11931473	0.0030727023	-0.11592951	-0.12407161	999.0	-0.010911379	0.000100826386	-0.010484293	-0.011048377	636000	1.1920929e-09	7.2956373e-06	-0.006251101	-3.472951e-08	-1.9625429	0.0038001179	0.019	79.0	499.52226877212524
159	-0.10805338	0.0066166776	-0.1028934	-0.119326375	999.0	-0.010794275	0.00019003719	-0.009596575	-0.010998946	640000	-1.3113022e-08	6.9270523e-06	0.0074621444	-1.1059265e-06	-1.9884685	0.01751251	0.1595	4.0	502.15476083755493
160	-0.10626821	0.0044823387	-0.099376455	-0.11189494	999.0	-0.009998957	9.5721225e-05	-0.009553302	-0.010139961	644000	1.0251999e-08	5.9966233e-06	0.016428763	-2.0286689e-07	-1.9896424	0.0313922	0.42075	13.0	504.8608615398407
161	-0.110116184	0.0035688684	-0.10646121	-0.11551573	999.0	-0.009533636	0.00024847916	-0.008346789	-0.009815317	648000	1.3589859e-08	5.802901e-06	-0.005086391	1.0060537e-05	-1.9936972	0.0040277317	0.01825	79.0	508.1477472782135
162	-0.108811006	0.0044678133	-0.10462149	-0.115917176	999.0	-0.013547359	8.114764e-05	-0.0133623555	-0.013689939	652000	6.735325e-08	1.8862043e-05	-0.0033388857	-1.3549506e-05	-2.017045	0.0026589008	0.00725	79.0	511.3945732116699
163	-0.10371551	0.0045175734	-0.09664689	-0.108778656	999.0	-0.009979272	9.762723e-05	-0.009674609	-0.010131203	656000	7.152557e-09	5.7003385e-06	-0.0038412218	-4.43953e-07	-2.03775	0.0017364223	0.00325	79.0	514.648713350296
164	-0.09481976	0.0020834396	-0.09210221	-0.09696936	999.0	-0.00910397	0.00014201374	-0.008300461	-0.009522829	660000	-2.861023e-09	4.560547e-06	0.0071369414	-2.8204568e-07	-2.0618284	0.016677191	0.26025	6.0	517.3816719055176
165	-0.09180165	0.0052783345	-0.08526951	-0.09947216	999.0	-0.008710597	7.637924e-05	-0.008380298	-0.00891554	664000	1.525879e-08	4.067137e-06	0.012079433	-1.4352463e-07	-2.063549	0.025910312	0.341	8.0	520.1332201957703
166	-0.0944954	0.0030395996	-0.08955258	-0.09781301	999.0	-0.008373644	0.0001080183	-0.007863779	-0.008560866	668000	-3.0994416e-09	4.6730765e-06	0.0134719135	9.466385e-08	-2.0658236	0.021338405	0.299	5.0	522.9278762340546
167	-0.100887254	0.0037684967	-0.095129766	-0.10519311	999.0	-0.008808997	3.0358897e-05	-0.008686237	-0.008845501	672000	1.502037e-08	4.6188716e-06	0.0013246211	-6.7029305e-08	-2.067383	0.018840875	0.3125	10.0	525.6371910572052
168	-0.09131005	0.0021941112	-0.087824635	-0.09327636	999.0	-0.0092193475	0.00010404155	-0.008664656	-0.009330131	676000	-1.835823e-08	5.161842e-06	-0.0041192207	-8.8339266e-07	-2.0703766	0.00026222895	0.01075	79.0	528.8740651607513
169	-0.09155454	0.0046927026	-0.08344477	-0.094569094	999.0	-0.008292071	5.1473482e-05	-0.008006588	-0.008391336	680000	-1.2397766e-08	4.044987e-06	-0.005261397	-1.0471467e-08	-2.0910037	0.0016791174	0.00525	79.0	532.0708615779877
170	-0.08590941	0.0031044907	-0.08115302	-0.08942585	999.0	-0.0080815535	0.00012804165	-0.007543687	-0.008350827	684000	-9.536743e-09	3.6476856e-06	0.007506382	-1.121216e-07	-2.1185882	0.021975508	0.314	5.0	534.7226319313049
171	-0.09106903	0.006158776	-0.083776705	-0.09928536	999.0	-0.007655387	0.00016048246	-0.0067889877	-0.0079566315	688000	1.990795e-08	4.699997e-06	0.00878421	-3.976793e-07	-2.120179	0.028823767	0.35925	2.0	537.4499242305756
172	-0.08352365	0.0034462248	-0.07920468	-0.08878514	999.0	-0.008349537	3.3424094e-05	-0.008283529	-0.008557342	692000	-8.702278e-09	3.652177e-06	0.041451816	-6.182131e-07	-2.1208155	0.079127215	0.572	1.0	540.1493294239044
173	-0.09402564	0.0019344644	-0.09135393	-0.09679886	999.0	-0.007497072	5.731967e-05	-0.0073418617	-0.0076217204	696000	-9.536743e-09	5.0187464e-06	0.01036485	-9.262849e-07	-2.1211252	0.027306732	0.4365	3.0	542.8110091686249
174	-0.08241831	0.0047136983	-0.07426688	-0.085463	999.0	-0.008370491	0.00020746514	-0.007587772	-0.009052761	700000	1.859665e-08	4.6320633e-06	-0.0052482774	-8.9102195e-07	-2.1220543	0.002047534	0.00925	79.0	546.0705940723419
175	-0.07874844	0.004028915	-0.071775734	-0.0813085	999.0	-0.007499525	4.7316516e-05	-0.0072767213	-0.007706534	704000	7.629395e-09	3.3662072e-06	-0.0044638673	5.6873205e-08	-2.1484983	0.0007492089	0.00375	79.0	549.3114614486694
176	-0.078782395	0.0017559623	-0.07600571	-0.080832385	999.0	-0.007644781	7.105184e-05	-0.007369019	-0.008010376	708000	-3.218651e-09	3.014849e-06	-0.004723506	-2.8505178e-07	-2.1734197	0.002489951	0.01375	79.0	552.5682139396667
177	-0.07410792	0.0020883945	-0.07172103	-0.07736018	999.0	-0.0070427135	5.243345e-05	-0.0069364607	-0.0073246285	712000	1.45435335e-08	2.9975474e-06	-0.004962777	-1.2815553e-07	-2.1979055	0.0034653586	0.01675	79.0	555.8051331043243
178	-0.07048824	0.0029370675	-0.065578066	-0.07296996	999.0	-0.006496623	8.506401e-05	-0.0063455664	-0.006733734	716000	-7.1525574e-10	2.4812887e-06	0.0074779503	8.0949076e-07	-2.2211921	0.01923955	0.2675	13.0	558.9345145225525
179	-0.0692997	0.004141814	-0.065162614	-0.07376497	999.0	-0.0052622943	9.398404e-05	-0.005046904	-0.0057037883	720000	2.992153e-08	3.2590285e-06	0.014868306	-9.473265e-07	-2.2249112	0.022623383	0.30675	2.0	561.6240744590759
180	-0.069857195	0.0010882334	-0.068622045	-0.07159759	999.0	-0.006050512	4.683711e-05	-0.005956676	-0.0063083097	724000	0.0	2.6214154e-06	0.02635941	-5.517154e-08	-2.2255237	0.033110432	0.389	1.0	564.2824292182922
181	-0.07785094	0.0027415827	-0.07441265	-0.082084015	999.0	-0.0062731532	7.193787e-05	-0.006142795	-0.0065761097	728000	1.8835069e-08	3.3825067e-06	0.017826408	-5.8300134e-07	-2.2258337	0.057925094	0.532	2.0	566.9660708904266
182	-0.0688546	0.0013016247	-0.066992365	-0.07056841	999.0	-0.007104465	3.280621e-05	-0.007045649	-0.0072236955	732000	9.059906e-09	3.0454073e-06	0.017835805	-7.479591e-07	-2.2264597	0.026284037	0.38625	1.0	569.6332750320435
183	-0.07001186	0.0025046247	-0.06660907	-0.07326383	999.0	-0.0061904117	0.000100476136	-0.005948998	-0.006503407	736000	-9.059906e-09	2.4418455e-06	0.0054302164	-4.4587978e-09	-2.2267728	0.025230287	0.3705	12.0	572.3241853713989
184	-0.066523604	0.004604205	-0.06301069	-0.07440859	999.0	-0.00615975	3.8818125e-05	-0.0060769357	-0.006312851	740000	-1.1920929e-08	2.3640594e-06	0.014753165	-2.9030844e-08	-2.2305636	0.02258991	0.34325	5.0	575.0402019023895
185	-0.071290694	0.0015873273	-0.07002065	-0.07397248	999.0	-0.0058609447	8.7741086e-05	-0.0055613667	-0.0062900335	744000	1.001358e-08	2.6304804e-06	0.005735043	-3.1393733e-07	-2.232134	0.026200337	0.35625	2.0	577.6447522640228
186	-0.063674025	0.0023361756	-0.0607795	-0.06726942	999.0	-0.006412618	7.946906e-06	-0.0063698255	-0.0064552464	748000	5.3644182e-09	2.4212716e-06	0.010070834	-4.948695e-07	-2.2327464	0.020563705	0.308	1.0	580.2548580169678
187	-0.0709415	0.0027210629	-0.06673251	-0.07432295	999.0	-0.0056698523	0.00011856758	-0.005442921	-0.0058648363	752000	5.6028364e-09	3.0783858e-06	0.008068286	-5.534978e-07	-2.2330525	0.023291655	0.3215	3.0	582.8845698833466
188	-0.06792692	0.004234514	-0.06247326	-0.07295597	999.0	-0.006362278	5.2166095e-05	-0.0061562546	-0.0065936297	756000	-5.00679e-09	2.0428108e-06	0.002166583	1.457398e-05	-2.2340097	0.017175462	0.1975	7.0	585.6362867355347
189	-0.06542292	0.0035313626	-0.059355352	-0.06806984	999.0	-0.00985942	4.8908085e-05	-0.0097623505	-0.009925123	760000	-5.9127807e-08	1.7752076e-05	0.0320609	-1.555252e-05	-2.2361276	0.06335158	0.57	1.0	588.7997736930847
190	-0.08201583	0.0036303378	-0.07775104	-0.0856553	999.0	-0.0059846765	5.9138514e-05	-0.005889304	-0.0061082505	764000	-2.1219254e-08	5.9517793e-06	-0.0055071483	-1.9168492e-06	-2.236406	0.01904345	0.3055	2.0	591.5324320793152
191	-0.074716926	0.0017606883	-0.07250617	-0.076626286	999.0	-0.0072288113	0.00027337827	-0.0064688995	-0.00788613	768000	3.182888e-08	3.1335646e-06	0.025833167	-2.5761528e-07	-2.2369993	0.048378494	0.4955	1.0	594.2391102313995
192	-0.067530826	0.0031331875	-0.062414844	-0.07073091	999.0	-0.0067868275	7.9984355e-05	-0.006498184	-0.007020369	772000	2.4080277e-08	2.538833e-06	0.03144009	-4.8139077e-07	-2.2373044	0.059870064	0.542	1.0	596.9375197887421
193	-0.07118257	0.0025905399	-0.067833565	-0.07510932	999.0	-0.0060639647	2.0272244e-05	-0.005998686	-0.0061520785	776000	-1.0251999e-08	2.42852e-06	0.02126132	-1.2716464e-07	-2.23761	0.034795664	0.3725	1.0	599.6567814350128
194	-0.08805549	0.00223457	-0.085639566	-0.09171164	999.0	-0.0063890903	3.976567e-05	-0.006307721	-0.006498974	780000	3.4570693e-09	5.625052e-06	0.0011277243	-2.3627306e-06	-2.2379153	0.020907657	0.3735	2.0	602.3368077278137
195	-0.076913655	0.002530779	-0.073295906	-0.07940425	999.0	-0.0077890675	0.00016635019	-0.007265974	-0.00833188	784000	9.894371e-09	3.7501368e-06	0.02144526	-7.3822093e-07	-2.2385252	0.040856	0.49125	1.0	605.0152170658112
196	-0.06666487	0.0036218911	-0.06260156	-0.07186725	999.0	-0.006959035	7.635191e-05	-0.0068540685	-0.0071206093	788000	-2.157688e-08	3.46326e-06	0.023904275	-8.59706e-07	-2.2388303	0.028526656	0.427	1.0	607.632735490799
197	-0.06966753	0.0046803737	-0.062487237	-0.07467106	999.0	-0.0060358834	9.176806e-05	-0.0056650415	-0.0063721985	792000	9.536743e-09	2.320894e-06	0.01966671	-1.0375902e-07	-2.2391384	0.026973872	0.39275	1.0	610.2489578723907
198	-0.078825414	0.0019321667	-0.075556755	-0.08046404	999.0	-0.006344573	0.000100461766	-0.006091412	-0.006797269	796000	-4.053116e-09	3.438356e-06	0.0160155	-5.8455134e-07	-2.239454	0.047209565	0.5015	3.0	612.9324431419373
199	-0.06455921	0.0035247668	-0.060478292	-0.06818802	999.0	-0.0070861103	4.940477e-05	-0.007011421	-0.007385928	800000	-3.33786e-08	3.3986512e-06	0.016730648	-1.6184404e-06	-2.2403867	0.034154948	0.46375	1.0	615.7024931907654
