Epoch	AverageEpRet	StdEpRet	MaxEpRet	MinEpRet	EpLen	AverageVVals	StdVVals	MaxVVals	MinVVals	TotalEnvInteracts	LossPi	LossV	DeltaLossPi	DeltaLossV	Entropy	KL	ClipFrac	StopIter	Time
0	-37.525253	1.2139738	-35.86124	-39.27534	999.0	-0.4392986	0.013288559	-0.39450303	-0.4625398	4000	1.5121698e-07	9.339021	-0.009200501	-8.675638	0.91893786	0.004105229	0.03475	79.0	3.406092882156372
1	-36.08821	1.3648319	-33.97831	-37.78653	999.0	-3.3509903	0.14394192	-2.5195408	-3.5783267	8000	-7.1525574e-10	0.6373657	-0.0037857303	-0.018843234	0.8962386	0.001026477	0.00125	79.0	6.698990106582642
2	-32.94924	1.2652335	-31.273012	-34.36777	999.0	-3.2652552	0.059434462	-3.0039332	-3.3598757	12000	-1.4305114e-08	0.54342574	-0.0055547226	-0.096319735	0.87436724	0.0032259221	0.027	79.0	10.004060506820679
3	-30.327974	1.1268972	-28.577969	-31.416979	999.0	-2.9681573	0.023307584	-2.8709047	-3.0002205	16000	-1.45435335e-08	0.50610983	-0.0037812265	-0.060608864	0.8554078	-3.4086854e-06	0.011	79.0	13.29141354560852
4	-31.926544	2.3394785	-28.529125	-35.140045	999.0	-2.7224183	0.025671596	-2.589939	-2.7446995	20000	1.5616417e-08	0.56251997	-0.005094491	-0.030760348	0.83406055	0.0018438649	0.0105	79.0	16.478631019592285
5	-28.864809	0.76367205	-27.625303	-29.713142	999.0	-2.9038277	0.011898192	-2.86117	-2.9215336	24000	8.5830685e-09	0.5638392	-0.005799857	-0.098373145	0.8104477	0.0012824782	0.0135	79.0	19.691745281219482
6	-28.272188	2.4972239	-25.656914	-32.391666	999.0	-2.5897841	0.010531315	-2.5342743	-2.6030023	28000	-3.5762787e-10	0.4876915	-0.005596699	-0.0014878213	0.78450775	0.0022924442	0.0165	79.0	22.985270500183105
7	-25.952553	0.96644866	-24.822142	-27.493345	999.0	-2.5590837	0.00451239	-2.5343983	-2.5640361	32000	-2.384186e-10	0.4409719	-0.0053985734	-0.04968497	0.7608801	-7.022661e-05	0.008	79.0	26.22753596305847
8	-25.23603	0.6847294	-24.304775	-26.118237	999.0	-2.3292108	0.015339396	-2.2512374	-2.336915	36000	0.0	0.37627044	-0.0053712064	-0.0056135356	0.7350691	0.0005149479	0.00625	79.0	29.47770881652832
9	-23.608007	0.7793943	-22.517496	-24.474258	999.0	-2.2588618	0.008164914	-2.2182035	-2.2683532	40000	-4.529953e-09	0.3096992	-0.0039745797	-0.015946686	0.7086632	0.0012109494	0.00775	79.0	32.7305166721344
10	-23.082733	0.7783997	-21.960957	-24.148512	999.0	-2.1327994	0.024741618	-2.0177248	-2.167538	44000	1.2874604e-08	0.25515327	-0.0039328653	-0.0021008253	0.6871636	0.0010536116	0.00325	79.0	35.96238732337952
11	-21.52837	0.96088815	-20.19444	-22.782768	999.0	-2.0903273	0.020892069	-2.0139709	-2.1274648	48000	-1.5974045e-08	0.23778185	-0.0033061113	-0.020452604	0.66511554	0.0005807426	0.00325	79.0	39.63267278671265
12	-21.19424	1.350451	-19.786678	-23.184155	999.0	-1.9393597	0.04136534	-1.7268836	-2.002318	52000	-2.384186e-10	0.20846492	-0.004080461	-0.0013817698	0.6446846	0.0010771395	0.002	79.0	42.807764291763306
13	-20.902594	1.3489509	-19.322292	-23.048939	999.0	-1.9149772	0.013115226	-1.8727156	-1.9406978	56000	-4.7683715e-09	0.26257572	-0.006347867	-0.0008880794	0.62205744	0.0014655056	0.00575	79.0	46.07711362838745
14	-19.385735	1.2589756	-18.124836	-20.861391	999.0	-1.882611	0.022368971	-1.7752019	-1.919442	60000	7.1525574e-10	0.21758404	-0.0048786835	-0.020770103	0.5924598	0.0016125615	0.01125	79.0	49.3651704788208
15	-18.1228	0.35386667	-17.601109	-18.528461	999.0	-1.7440401	0.010745172	-1.6874311	-1.7660341	64000	4.2915342e-09	0.1594338	-0.0038163678	-0.009801999	0.5691274	0.000119153854	0.0055	79.0	52.67376923561096
16	-17.75539	0.5742332	-16.870684	-18.270868	999.0	-1.6429311	0.01816357	-1.5253526	-1.6748046	68000	1.0728836e-09	0.16586356	-0.0042287535	-0.0024223328	0.54850787	0.00092869886	0.002	79.0	56.061912536621094
17	-16.653992	0.3122889	-16.34194	-17.137516	999.0	-1.6007562	0.01172341	-1.5411322	-1.6207957	72000	4.2915342e-09	0.13000445	-0.0033953132	-0.008762762	0.5239991	0.0012557438	0.00275	79.0	59.50544548034668
18	-16.164412	0.8827611	-15.118345	-17.51388	999.0	-1.5078977	0.015737982	-1.4031032	-1.5215819	76000	0.0	0.12436118	-0.0047693923	-0.0024727508	0.5023877	0.0032738023	0.01575	79.0	62.79712510108948
19	-15.036217	0.34078547	-14.775444	-15.619981	999.0	-1.4686135	0.005648567	-1.4340825	-1.4778302	80000	-4.529953e-09	0.10055295	-0.0033377686	-0.015201889	0.48069406	-0.0002956947	0.00175	79.0	66.13459515571594
20	-13.904037	0.51867455	-13.19013	-14.648566	999.0	-1.3507173	0.007079737	-1.3119559	-1.3651116	84000	-1.4305115e-09	0.09382404	-0.0036173072	-0.0071722865	0.45885748	0.0003381778	0.01025	79.0	70.11369466781616
21	-14.11727	0.3027752	-13.627883	-14.421662	999.0	-1.2660685	0.009306297	-1.2319407	-1.2795846	88000	-7.1525574e-10	0.09020131	-0.0048366203	-0.00029150397	0.44032937	0.001782747	0.016	79.0	73.42172241210938
22	-13.294441	0.83428705	-12.537705	-14.606416	999.0	-1.2760166	0.0050148456	-1.2558511	-1.2838408	92000	0.0	0.0896593	-0.0043466864	-0.0051764995	0.41797224	0.0009711796	0.00725	79.0	76.65157651901245
23	-12.473947	0.31641024	-12.122277	-12.9608555	999.0	-1.2062956	0.003278934	-1.181104	-1.2107134	96000	2.3841857e-09	0.08358708	-0.004394945	-0.004832238	0.39569357	0.0013158553	0.00875	79.0	79.90548300743103
24	-12.727121	0.5946571	-11.801435	-13.454656	999.0	-1.1315135	0.015698483	-1.0688167	-1.1518013	100000	-2.3841857e-09	0.08579643	-0.005309721	-0.00047259033	0.37198636	0.0017381033	0.0115	79.0	83.15011882781982
25	-11.797738	0.5009948	-10.991328	-12.335586	999.0	-1.1551739	0.009766389	-1.0891557	-1.1694798	104000	9.059906e-09	0.082398705	-0.0053335773	-0.0100552365	0.3465923	0.0019992401	0.011	79.0	86.38042140007019
26	-10.895437	0.26496628	-10.589872	-11.247057	999.0	-1.0547261	0.016738063	-0.9485631	-1.0749094	108000	1.3589859e-08	0.06454354	-0.005135497	-0.0052525625	0.32095602	0.0008235604	0.01175	79.0	89.76735472679138
27	-10.614672	0.16078918	-10.456587	-10.814989	999.0	-0.98664284	0.0025753607	-0.97495866	-0.99382865	112000	-7.1525574e-10	0.06733482	-0.0055767708	-0.0015370697	0.29557422	0.0016112794	0.022	79.0	93.08377051353455
28	-9.70767	0.43826455	-9.05132	-10.124785	999.0	-0.94612294	0.004437259	-0.9229405	-0.9560898	116000	7.987023e-09	0.05525187	-0.006143755	-0.00510218	0.26961723	0.0019113952	0.0145	79.0	96.37009906768799
29	-9.417192	0.56427926	-8.627257	-10.219656	999.0	-0.87541026	0.0035507707	-0.8622658	-0.88414615	120000	-1.013279e-08	0.04785073	-0.005873338	-0.00058542565	0.24362564	0.0010528321	0.0215	79.0	99.60373711585999
30	-9.208709	0.09300974	-9.096145	-9.313863	999.0	-0.84997106	0.008058552	-0.8062991	-0.8700432	124000	-1.0251999e-08	0.04192972	-0.0051006977	-0.00039903075	0.2188281	0.0016606243	0.00925	79.0	102.8904299736023
31	-8.701767	0.24241628	-8.402499	-9.069683	999.0	-0.8336948	0.0091305375	-0.7715882	-0.85453594	128000	7.1525574e-10	0.041206114	-0.0064595803	-0.0021945946	0.19514784	0.0031789406	0.027	79.0	106.19527912139893
32	-8.169757	0.23514897	-7.856768	-8.467609	999.0	-0.7866366	0.011042889	-0.73512316	-0.80767643	132000	-2.6226044e-09	0.034346487	-0.005742433	-0.002253294	0.17235692	0.0017979213	0.01175	79.0	109.65473890304565
33	-7.7276607	0.31051603	-7.265709	-8.116825	999.0	-0.74538267	0.0027204277	-0.731817	-0.75234973	136000	-5.722046e-09	0.026546607	-0.0036142305	-0.0022782348	0.14816368	0.00060793315	0.00625	79.0	112.89101576805115
34	-7.340906	0.2137564	-7.01192	-7.5342736	999.0	-0.6986056	0.0018266302	-0.689962	-0.7030387	140000	6.9141386e-09	0.029629968	-0.004411505	-0.0014399998	0.12718207	0.0018377303	0.00775	79.0	116.11286306381226
35	-7.096807	0.40525138	-6.4262586	-7.515943	999.0	-0.6597092	0.006545784	-0.6232005	-0.6699194	144000	1.0728836e-09	0.022834105	-0.005057845	-0.00041098334	0.102929085	0.0029183642	0.0195	79.0	119.35365319252014
36	-7.1092734	0.22516224	-6.7736087	-7.395104	999.0	-0.6401264	0.004503171	-0.61361253	-0.64752764	148000	-9.536743e-09	0.021114355	-0.0037171526	-3.201887e-06	0.085274786	0.0025707826	0.0105	79.0	122.8454236984253
37	-6.575883	0.31579685	-6.029795	-6.774865	999.0	-0.6406977	0.0026020487	-0.6271014	-0.6461093	152000	7.390976e-09	0.024248037	-0.006985835	-0.002263179	0.06472536	0.0029534386	0.028	79.0	126.21041703224182
38	-6.2896323	0.10758684	-6.112826	-6.403189	999.0	-0.5926256	0.004254495	-0.5729012	-0.60065883	156000	4.053116e-09	0.017998753	-0.0042532817	-0.00059153326	0.03969269	0.0009624131	0.009	79.0	130.23308300971985
39	-6.4026155	0.27988282	-5.9776835	-6.6607428	999.0	-0.56887877	0.0027094372	-0.55924696	-0.5746089	160000	-1.1205673e-08	0.01993361	-0.0050031636	-3.7984923e-05	0.015938759	0.0030039244	0.00475	79.0	133.53725838661194
40	-5.794173	0.21952099	-5.5372176	-6.1436033	999.0	-0.5731609	0.0031648797	-0.563084	-0.5804454	164000	1.4305115e-09	0.022836754	-0.005144913	-0.0027166456	-0.01113987	0.0011155386	0.00875	79.0	136.82489228248596
41	-5.3622885	0.21680257	-5.0316534	-5.6036696	999.0	-0.5215303	0.0030175382	-0.5094012	-0.5277561	168000	-9.536743e-09	0.013966235	-0.003963122	-0.0018290915	-0.03829808	0.0018501745	0.01125	79.0	140.12042713165283
42	-5.093567	0.17320095	-4.9059796	-5.285922	999.0	-0.47981343	0.0048352983	-0.46185258	-0.48787543	172000	-1.1920929e-08	0.015624549	-0.0055961316	-0.00054033194	-0.059836358	0.0007810065	0.00825	79.0	143.44833517074585
43	-4.9415092	0.22380173	-4.584618	-5.201878	999.0	-0.45825982	0.0013956607	-0.4519478	-0.46185791	176000	1.5974045e-08	0.011191251	-0.004304796	-8.4701926e-05	-0.08640298	0.0014769118	0.00575	79.0	146.73057198524475
44	-4.691144	0.2577908	-4.3207555	-4.9919634	999.0	-0.4493097	0.0012512048	-0.44435152	-0.45260477	180000	1.0728836e-09	0.012083965	-0.0047580805	-0.00063289795	-0.11018346	0.0010124753	0.00475	79.0	149.97897052764893
45	-4.442999	0.15287746	-4.210427	-4.613977	999.0	-0.42412898	0.004087164	-0.4096109	-0.43067962	184000	1.3828277e-08	0.010351238	-0.0043882984	-0.0005838787	-0.13659947	0.0017874883	0.01475	79.0	153.32456588745117
46	-4.399153	0.05514937	-4.3389697	-4.468005	999.0	-0.40035662	0.0021497335	-0.38754597	-0.40457097	188000	5.722046e-09	0.010394925	-0.004725713	-4.21796e-06	-0.15828913	0.0021738382	0.00875	79.0	156.62996792793274
47	-4.0271606	0.07577411	-3.945979	-4.1380763	999.0	-0.39917767	0.003006016	-0.38561797	-0.4036759	192000	-2.1457671e-09	0.009335338	-0.0042212033	-0.0011641281	-0.18083747	0.0021058845	0.00725	79.0	159.96275854110718
48	-3.9026573	0.18314724	-3.7519526	-4.215584	999.0	-0.3649959	0.002266147	-0.35608894	-0.3688473	196000	-4.529953e-09	0.0072574657	-0.004351146	-0.00019920571	-0.20352553	0.0020784298	0.006	79.0	163.32328844070435
49	-3.709724	0.16811632	-3.5320914	-3.9861906	999.0	-0.35072324	0.0025592577	-0.34144777	-0.35459924	200000	6.3180923e-09	0.00853811	-0.007937101	-0.00021592062	-0.22725283	0.0028020986	0.02025	79.0	166.59583973884583
50	-3.3749127	0.059154823	-3.2753527	-3.4303663	999.0	-0.3364814	0.0027789604	-0.32591748	-0.3417495	204000	5.9604646e-09	0.0070654238	-0.0043611927	-0.0010079341	-0.2546669	0.001390499	0.00775	79.0	169.8986029624939
51	-3.6197832	0.17462502	-3.4520004	-3.8894663	999.0	-0.30540475	0.0020945098	-0.2975516	-0.30912283	208000	-5.3644182e-09	0.006280453	-0.0053232536	-0.0003490583	-0.27729836	0.0043032817	0.01875	79.0	173.15804266929626
52	-3.3308268	0.03126795	-3.2852254	-3.3711448	999.0	-0.3236198	0.0023264233	-0.3141505	-0.32748395	212000	8.3446505e-10	0.0053757867	-0.0031188247	-0.00050117634	-0.3012368	0.0022684976	0.00575	79.0	176.35861897468567
53	-3.0152206	0.18888552	-2.7610307	-3.254613	999.0	-0.30103424	0.0033698822	-0.28439748	-0.30605832	216000	-2.861023e-09	0.0055135717	-0.003993019	-0.00089180237	-0.32147607	0.0009844096	0.00575	79.0	179.56339025497437
54	-3.045293	0.07512122	-2.9275074	-3.1325834	999.0	-0.27130267	0.0016013684	-0.26411602	-0.27322912	220000	5.2452087e-09	0.0042151087	-0.0058760624	-2.6512425e-05	-0.3433987	0.0028273677	0.0155	79.0	182.82524943351746
55	-2.9263172	0.13311458	-2.7744417	-3.1250017	999.0	-0.27645656	0.0020734298	-0.2668924	-0.27929124	224000	-1.4305115e-09	0.0041847336	-0.0032600197	-0.00016165106	-0.36768624	0.00097003684	0.00425	79.0	186.10989236831665
56	-2.6932828	0.03970534	-2.6476297	-2.7348392	999.0	-0.26380873	0.0014275517	-0.25628424	-0.26521182	228000	4.2915342e-09	0.003544125	-0.0040556206	-0.0004836861	-0.38862577	0.0024439185	0.01125	79.0	189.39222621917725
57	-2.7636814	0.073024265	-2.656736	-2.8620887	999.0	-0.24192043	0.0008808152	-0.2378847	-0.24282898	232000	-5.4836273e-09	0.003804599	-0.005140853	-4.490791e-05	-0.40926364	0.0027952	0.00275	79.0	193.14049625396729
58	-2.481958	0.09377882	-2.3498108	-2.57993	999.0	-0.24698281	0.0021328067	-0.23456177	-0.2486234	236000	-1.1205673e-08	0.0033542337	-0.0043267254	-0.0005030385	-0.4371768	0.0009445174	0.00975	79.0	196.39360308647156
59	-2.4379191	0.12752399	-2.3393881	-2.6535366	999.0	-0.2257807	0.0014102125	-0.21888328	-0.22762802	240000	7.510185e-09	0.0028715478	-0.0035107047	-3.2893382e-05	-0.45807245	0.0016780364	0.00425	79.0	199.6273193359375
60	-2.241806	0.102923326	-2.1304154	-2.3839784	999.0	-0.21935636	0.003891257	-0.20484482	-0.22374699	244000	-2.026558e-09	0.0032039273	-0.0051459703	-0.0003039071	-0.4797602	0.0013375023	0.0115	79.0	202.8712396621704
61	-2.209858	0.064884394	-2.1531312	-2.3178322	999.0	-0.20309427	0.0003919877	-0.20073655	-0.20359272	248000	9.179115e-09	0.0024633785	-0.0038939773	-9.23546e-06	-0.50498104	0.003122846	0.01475	79.0	206.09784197807312
62	-2.0481029	0.07123178	-1.9469403	-2.147673	999.0	-0.19969255	0.0008886922	-0.19554204	-0.20050322	252000	-1.0609627e-08	0.0024591947	-0.0052174367	-0.00022770162	-0.5266181	0.0030951165	0.01925	79.0	209.41454911231995
63	-1.9750932	0.024384694	-1.9531349	-2.0136354	999.0	-0.18482962	0.0003669479	-0.18205026	-0.18524353	256000	2.861023e-09	0.0018530561	-0.0035636476	-4.4687535e-05	-0.5492774	0.0009400002	0.00225	79.0	212.6569664478302
64	-1.8893158	0.055337105	-1.794302	-1.9298564	999.0	-0.17819513	0.0017090124	-0.17083788	-0.17997898	260000	2.1457671e-09	0.0016771032	-0.0071574473	-6.41559e-05	-0.5719478	0.0052011516	0.041	79.0	216.1860957145691
65	-1.8286332	0.07236375	-1.711429	-1.9051617	999.0	-0.17051618	0.00076163764	-0.166698	-0.17146587	264000	5.2452087e-09	0.0016701584	-0.0044663814	-2.9682415e-05	-0.59232414	0.0016339375	0.00375	79.0	219.39952397346497
66	-1.7244241	0.09516276	-1.6038355	-1.8520753	999.0	-0.16479748	0.0012212127	-0.1578851	-0.16663375	268000	1.525879e-08	0.0013992625	-0.003430772	-0.00010577438	-0.6164729	0.0017800733	0.005	79.0	222.6956593990326
67	-1.667295	0.027950516	-1.628112	-1.7028068	999.0	-0.15488103	0.0011379294	-0.15063556	-0.1569771	272000	-1.0251999e-08	0.0015173425	-0.004523661	-2.131937e-05	-0.6376601	0.0009890897	0.00575	79.0	226.02931332588196
68	-1.602721	0.094242625	-1.4641104	-1.7283914	999.0	-0.15037525	0.0014907294	-0.14345227	-0.1532452	276000	-4.529953e-09	0.001510405	-0.005368393	-4.843285e-05	-0.6605459	0.001674495	0.0055	79.0	229.2463653087616
69	-1.4857008	0.04976738	-1.4095442	-1.5435239	999.0	-0.14445706	0.0015490244	-0.13879438	-0.14720051	280000	1.07288365e-08	0.0011823463	-0.004923283	-0.00012218836	-0.68945104	0.0013419597	0.00575	79.0	232.44860291481018
70	-1.4056535	0.0449062	-1.3534043	-1.4757154	999.0	-0.13269648	0.0044038882	-0.11248322	-0.1397239	284000	-7.390976e-09	0.0010308503	0.004380884	-4.6081957e-05	-0.7169724	0.018226363	0.284	16.0	235.41022086143494
71	-1.4521639	0.050443456	-1.3783501	-1.5053679	999.0	-0.1276653	0.0007674851	-0.124729015	-0.12933859	288000	5.6028364e-09	0.0008373814	0.011937615	-5.5125565e-06	-0.72180885	0.027941898	0.4105	6.0	238.19100284576416
72	-1.4150561	0.06302795	-1.3334699	-1.4853885	999.0	-0.12963417	0.0011408477	-0.12389527	-0.13207114	292000	-4.529953e-09	0.0009533126	0.012579618	-6.5928907e-06	-0.72355425	0.022418354	0.3365	1.0	240.9772183895111
73	-1.4660296	0.03788556	-1.4200819	-1.5035537	999.0	-0.1269588	0.0020830198	-0.11769296	-0.13060558	296000	2.503395e-09	0.0010113819	-0.0052297884	-3.6548823e-05	-0.7238486	0.0028639748	0.0155	79.0	244.21121191978455
74	-1.384829	0.0525442	-1.2966222	-1.4252288	999.0	-0.13301547	0.001452805	-0.12872288	-0.13614818	300000	-3.2663344e-08	0.0009635357	0.0019133567	-6.932003e-05	-0.7444911	0.019038357	0.24375	2.0	246.95877933502197
75	-1.3546113	0.042239886	-1.3046427	-1.4214954	999.0	-0.12571287	0.0011019682	-0.12085144	-0.12784931	304000	-9.536744e-10	0.0009334284	-0.0059439405	-1.751614e-05	-0.7449565	0.0029691164	0.01725	79.0	250.24072408676147
76	-1.2318113	0.022059072	-1.210113	-1.2642694	999.0	-0.12148971	0.0025068352	-0.10897423	-0.12515418	308000	4.053116e-09	0.0006893144	-0.0033858062	-0.00011715799	-0.77205086	0.00079230696	0.0065	79.0	253.74762058258057
77	-1.161033	0.039093807	-1.1267464	-1.2260871	999.0	-0.1117447	0.0007991017	-0.108572364	-0.11353022	312000	-2.3841857e-09	0.00071436464	-0.0045275334	-4.383421e-05	-0.7919	0.0011923661	0.01225	79.0	257.0182228088379
78	-1.1419107	0.021800362	-1.118557	-1.1712195	999.0	-0.10473437	0.0014258651	-0.09892662	-0.10703334	316000	1.192093e-10	0.00048442764	-0.0032975909	-5.250826e-06	-0.8151527	0.0027898988	0.01225	79.0	260.309921503067
79	-1.1311527	0.040749453	-1.0881487	-1.1755608	999.0	-0.10265933	0.0019045215	-0.0937877	-0.10548315	320000	-1.4305115e-09	0.0006307106	-0.005306469	-1.3131066e-06	-0.8359891	0.0020778591	0.00675	79.0	263.6076166629791
80	-1.0504065	0.026753904	-1.0318763	-1.096619	999.0	-0.102564946	0.00084453396	-0.09842746	-0.10407372	324000	-1.5497208e-09	0.0005847937	-0.0052105347	-5.8954116e-05	-0.8621616	0.0023749967	0.032	79.0	266.96461725234985
81	-1.0091193	0.016455019	-0.98863447	-1.0308018	999.0	-0.09513036	0.00081013533	-0.09113548	-0.09654577	328000	-9.775162e-09	0.000410067	0.0035974507	-1.784283e-05	-0.88565826	0.019375613	0.20775	2.0	269.7654597759247
82	-1.0612632	0.016428316	-1.0350345	-1.0778755	999.0	-0.09101235	0.0014130032	-0.08599503	-0.09321787	332000	1.1205673e-08	0.0005354498	0.0028867414	-1.8770923e-05	-0.88618416	0.015521554	0.26025	3.0	272.56103706359863
83	-0.9400245	0.031108985	-0.8949648	-0.97677934	999.0	-0.09484641	0.0010091278	-0.090615645	-0.09573284	336000	1.4424324e-08	0.0004873867	-0.0029466946	-8.751877e-05	-0.8870219	-0.0001842514	0.00875	79.0	275.8565628528595
84	-0.94836944	0.010542961	-0.9325872	-0.9602331	999.0	-0.085748024	0.0006007848	-0.08266614	-0.08627003	340000	1.2397766e-08	0.00038297867	-0.004207968	-2.3398898e-06	-0.90581304	0.0012382529	0.00775	79.0	279.09863686561584
85	-0.9474387	0.041344553	-0.9066204	-1.0164008	999.0	-0.08499547	0.0016985335	-0.07999717	-0.08699203	344000	4.887581e-09	0.00046441297	-0.0056344126	-5.2698306e-07	-0.93023086	0.0023581558	0.00625	79.0	282.3765757083893
86	-0.82309175	0.026280489	-0.7794139	-0.8495653	999.0	-0.084869005	0.0011585144	-0.07874212	-0.08587903	348000	1.1920929e-08	0.00041038747	-0.002497418	-0.00011870547	-0.9599457	0.0024237775	0.006	79.0	285.6300232410431
87	-0.81988937	0.022590999	-0.78365463	-0.8423535	999.0	-0.074082315	0.00031086264	-0.072552934	-0.074374944	352000	-1.1920929e-08	0.00027697915	-0.0053362353	-1.6885751e-06	-0.9776459	0.0013646481	0.02025	79.0	289.0095326900482
88	-0.79007244	0.06003418	-0.696848	-0.8537345	999.0	-0.0735914	0.00079637003	-0.07026462	-0.074440174	356000	-2.3841857e-09	0.0003307613	-0.0044626207	-3.7924037e-06	-1.000336	0.0008496574	0.00625	79.0	292.3842418193817
89	-0.7287593	0.0148355495	-0.703847	-0.7425068	999.0	-0.071519345	0.0009452493	-0.06829344	-0.072378896	360000	2.360344e-08	0.000319514	0.0020113352	-3.5699282e-05	-1.02482	0.015135628	0.18775	6.0	295.84368205070496
90	-0.7825602	0.024851775	-0.74359065	-0.81142366	999.0	-0.065797515	0.00020384014	-0.06480159	-0.06607727	364000	-1.2159347e-08	0.00031529606	0.0077309916	-2.9303046e-05	-1.0264801	0.017795246	0.27975	15.0	299.02204513549805
91	-0.75340235	0.0124511225	-0.73798704	-0.7717427	999.0	-0.071038984	0.0005648228	-0.068596974	-0.07166298	368000	1.001358e-08	0.00032019938	0.020627875	-1.0206946e-05	-1.0312269	0.03481559	0.4225	5.0	301.7398006916046
92	-0.78527	0.033577412	-0.74937403	-0.8212412	999.0	-0.0681633	0.00023201901	-0.06637936	-0.0685187	372000	-1.4305114e-08	0.00031772655	0.011114561	-8.1712205e-06	-1.0328887	0.029105324	0.4065	3.0	305.168176651001
93	-0.7185347	0.051697474	-0.6358124	-0.77276736	999.0	-0.07094777	0.0003077178	-0.0694056	-0.071391776	376000	-2.4557114e-08	0.00030914426	0.008175467	-3.605595e-05	-1.0339066	0.021533245	0.28475	1.0	307.9040288925171
94	-0.77376664	0.022043904	-0.7412774	-0.80350125	999.0	-0.06471375	0.00070211873	-0.060824294	-0.065284766	380000	-9.536744e-10	0.00030364696	0.007842384	-2.5132933e-05	-1.0342499	0.015289829	0.26475	3.0	310.64955401420593
95	-0.764069	0.021537624	-0.7417948	-0.79962087	999.0	-0.06981426	0.00025277396	-0.06877339	-0.0702217	384000	3.218651e-09	0.00030346974	-0.005388429	-3.2075332e-06	-1.0352857	0.0019470918	0.00375	79.0	313.942421913147
96	-0.71557844	0.023827445	-0.6819131	-0.7459446	999.0	-0.06817378	0.0011252414	-0.06437895	-0.06966975	388000	9.059906e-09	0.00024697994	-0.003137603	-1.3816607e-05	-1.0639249	0.0022879913	0.004	79.0	317.20630407333374
97	-0.640301	0.018512595	-0.6163206	-0.6609477	999.0	-0.06472581	0.00031064526	-0.06318535	-0.06543416	392000	9.6559525e-09	0.00025748252	-0.0030158244	-5.214126e-05	-1.0853953	0.00101059	0.00375	79.0	320.4449899196625
98	-0.6118156	0.011162355	-0.5965031	-0.62803346	999.0	-0.05755872	0.00033863855	-0.05615244	-0.05832689	396000	1.26361845e-08	0.00020037284	-0.003919025	-4.564732e-06	-1.1056367	0.0014665026	0.0065	79.0	323.6766984462738
99	-0.6242907	0.015715979	-0.6120453	-0.65129185	999.0	-0.05491609	0.00092181924	-0.051467508	-0.05657242	400000	1.1205673e-08	0.00018227033	-0.0047804695	-3.6223792e-06	-1.1276953	0.0010393279	0.00725	79.0	326.97000074386597
100	-0.58802015	0.0155966785	-0.5613813	-0.6005932	999.0	-0.056483068	0.0009427035	-0.052556463	-0.05777348	404000	-1.5497208e-09	0.00018347513	0.014048106	-1.2496894e-05	-1.1534868	0.02700795	0.3935	6.0	329.76224994659424
101	-0.62151253	0.027963093	-0.5971652	-0.6686556	999.0	-0.05299808	0.0008249155	-0.048686273	-0.054381475	408000	7.152557e-09	0.00019644403	0.008684923	-8.6293e-06	-1.1552069	0.027911963	0.3975	13.0	332.5065987110138
102	-0.61140776	0.02546972	-0.56842244	-0.63230026	999.0	-0.0562391	0.00043287335	-0.054317653	-0.05711753	412000	-1.5616417e-08	0.00018783635	-0.0055708475	-1.3587996e-06	-1.1590489	0.002596355	0.0085	79.0	335.8209981918335
103	-0.5597251	0.0226934	-0.53446984	-0.595164	999.0	-0.054965638	0.0009583137	-0.052182302	-0.056471437	416000	-8.34465e-09	0.00018715784	-0.006715164	-2.1222571e-05	-1.1871505	0.0029954796	0.02875	79.0	339.75200605392456
104	-0.5048713	0.028432207	-0.45968258	-0.5375649	999.0	-0.050801177	0.00047961215	-0.049025614	-0.051525436	420000	-3.0994416e-09	0.00017294183	-0.0037309707	-3.1006464e-05	-1.2114917	0.00032085256	0.00275	79.0	343.00997972488403
105	-0.50731564	0.025366364	-0.46374804	-0.5262263	999.0	-0.045245998	0.0003325106	-0.043800768	-0.045757413	424000	-1.0728836e-09	0.00012947853	-0.0043998095	-7.168128e-07	-1.2353654	0.0014032591	0.00275	79.0	346.1801722049713
106	-0.45478898	0.0106234625	-0.4433452	-0.47158566	999.0	-0.045801632	0.0004864329	-0.044058092	-0.046555836	428000	3.0994414e-08	0.00011571625	0.0056181806	-2.2691624e-05	-1.2613631	0.016871342	0.25875	13.0	348.97836470603943
107	-0.46721852	0.010370531	-0.45209762	-0.47697526	999.0	-0.040507745	0.00084087346	-0.038207933	-0.041445877	432000	-1.07288365e-08	0.00011362588	-0.0054149926	-2.5786358e-06	-1.2648624	0.0017113971	0.016	79.0	352.3489525318146
108	-0.45102262	0.015838427	-0.42532122	-0.4674309	999.0	-0.0427754	0.0002710059	-0.041537978	-0.043132022	436000	-1.0490417e-08	7.773276e-05	0.0034559087	-3.023517e-06	-1.2883153	0.015257826	0.2385	2.0	355.02737307548523
109	-0.46597907	0.02691328	-0.43444845	-0.5032445	999.0	-0.040819533	0.0009106985	-0.036856413	-0.0417326	440000	1.0728836e-09	9.148123e-05	0.004514025	-1.4658508e-06	-1.2888331	0.016637385	0.29125	10.0	357.74465441703796
110	-0.4380518	0.010528795	-0.4274546	-0.45494053	999.0	-0.041901167	0.0008548796	-0.03730187	-0.042815454	444000	8.5830685e-09	9.987365e-05	-0.00407603	-5.6497374e-06	-1.291484	0.0021769342	0.00625	79.0	360.9938678741455
111	-0.42770338	0.018818779	-0.40205902	-0.44864026	999.0	-0.039814193	0.00030207844	-0.038435206	-0.040294413	448000	-3.218651e-09	8.275178e-05	0.018082008	-2.4018736e-06	-1.3137714	0.034599125	0.43025	31.0	363.9898991584778
112	-0.4508709	0.0070866966	-0.44158158	-0.45841107	999.0	-0.038454216	0.00033086978	-0.036758795	-0.0389025	452000	-1.1920929e-08	9.215361e-05	0.01145199	-5.1275783e-06	-1.3224581	0.027131509	0.35575	3.0	366.7478539943695
113	-0.39809108	0.008301265	-0.3849965	-0.4055471	999.0	-0.040725976	9.23181e-05	-0.04040472	-0.04086774	456000	2.9027461e-08	8.98837e-05	0.009677836	-2.1936125e-05	-1.323288	0.015849043	0.2645	1.0	369.4596633911133
114	-0.44319785	0.018563317	-0.41620082	-0.46140033	999.0	-0.03589912	0.00049450994	-0.034051143	-0.03646902	460000	-6.198883e-09	0.00012273625	-0.0053444477	-1.9593434e-05	-1.323564	0.0012491874	0.014	79.0	372.8159830570221
115	-0.40405735	0.0077317143	-0.39503357	-0.41481712	999.0	-0.04006057	0.00053904066	-0.038087223	-0.04081818	464000	3.3378602e-09	8.140948e-05	-0.0033724282	-1.3940073e-05	-1.3491056	0.001756015	0.01	79.0	376.23084712028503
116	-0.3930225	0.00911435	-0.38422054	-0.40545198	999.0	-0.036453515	0.00057019084	-0.034289315	-0.037320055	468000	-3.218651e-09	7.289952e-05	-0.004508258	-1.4316174e-06	-1.366999	0.0015541686	0.0135	79.0	379.61069798469543
117	-0.36678618	0.005350134	-0.35755682	-0.37064487	999.0	-0.03531859	0.0005312543	-0.033362105	-0.036104366	472000	-5.4836273e-09	7.2805786e-05	-0.0046754843	-3.98908e-06	-1.3887646	0.0024006907	0.0195	79.0	382.8402132987976
118	-0.34854254	0.00528779	-0.34048134	-0.35429347	999.0	-0.033567317	0.00033479344	-0.032372914	-0.03422137	476000	9.417534e-09	7.058662e-05	-0.0047663767	-5.0250164e-06	-1.4107212	0.0007136284	0.00575	79.0	386.0966761112213
119	-0.33147323	0.0064434325	-0.32388353	-0.33829153	999.0	-0.031319503	0.0004940806	-0.02914913	-0.03210032	480000	8.3446505e-10	5.71158e-05	-0.004545331	-2.791512e-06	-1.4373585	0.00059248036	0.00625	79.0	389.51028966903687
120	-0.3225185	0.013148468	-0.3037513	-0.3361931	999.0	-0.029577965	0.0004656838	-0.027633805	-0.030083451	484000	8.34465e-09	5.5668188e-05	-0.006022428	-5.515867e-07	-1.4632124	0.0019691957	0.0085	79.0	392.81148886680603
121	-0.28420028	0.013194628	-0.27011883	-0.30459797	999.0	-0.028617214	0.0006396447	-0.026255375	-0.029240202	488000	2.9802323e-09	4.7571106e-05	-0.004048254	-1.1030756e-05	-1.4930422	0.0011399434	0.01	79.0	395.98388671875
122	-0.29021788	0.012470445	-0.27758852	-0.30365336	999.0	-0.025225133	0.00071772723	-0.021748992	-0.025883144	492000	2.0980835e-08	4.1726762e-05	-0.0061810943	-1.0027397e-06	-1.5129533	0.0032075827	0.0275	79.0	399.23195791244507
123	-0.2755232	0.01707322	-0.255727	-0.29772103	999.0	-0.026644096	0.00043094522	-0.024155818	-0.02691132	496000	-8.3446505e-10	4.8048125e-05	0.01212852	-2.7800888e-06	-1.5369767	0.017071756	0.28325	10.0	402.6053349971771
124	-0.28768253	0.011141604	-0.2732418	-0.30060595	999.0	-0.024697633	0.0006447895	-0.021378333	-0.025257127	500000	-2.2649765e-08	4.3259086e-05	0.001853643	-2.4051515e-06	-1.5401776	0.017485768	0.26825	2.0	405.2653286457062
125	-0.27122855	0.007946495	-0.2631979	-0.28198534	999.0	-0.026199209	0.0009396424	-0.021581808	-0.027000641	504000	1.8239021e-08	4.2644813e-05	0.04685164	-3.7593854e-06	-1.5408583	0.07243505	0.6175	1.0	407.98207211494446
126	-0.2997415	0.0049707824	-0.29469502	-0.30496746	999.0	-0.024648815	0.00018299597	-0.023614345	-0.024944974	508000	-2.384186e-10	5.4495664e-05	0.018924268	-5.6944773e-06	-1.541199	0.017869335	0.2815	1.0	410.6929967403412
127	-0.32071957	0.019677527	-0.30000564	-0.35183182	999.0	-0.026976101	0.00028849833	-0.026015347	-0.027511548	512000	1.692772e-08	5.376488e-05	0.015268777	-3.0362316e-06	-1.5415457	0.03822368	0.4765	2.0	413.4820020198822
128	-0.26877248	0.011505907	-0.25192022	-0.2796791	999.0	-0.02858242	0.0007476772	-0.024572223	-0.029467197	516000	-2.6226044e-09	5.823417e-05	0.02827014	-1.8885996e-05	-1.5422173	0.048553374	0.52325	1.0	416.17815113067627
129	-0.25811446	0.0097474335	-0.24272169	-0.26876408	999.0	-0.024193633	0.00035775462	-0.023027169	-0.024813786	520000	-9.775162e-09	3.271509e-05	0.019373152	-8.0604514e-07	-1.5425452	0.023686592	0.35375	1.0	418.8228359222412
130	-0.29933593	0.013298769	-0.27744862	-0.3130103	999.0	-0.023267465	0.00046163626	-0.02165653	-0.023791224	524000	-3.7312507e-08	5.79578e-05	0.0033010775	-1.4084839e-05	-1.5428761	0.022896742	0.319	2.0	421.4945685863495
131	-0.25889134	0.010458891	-0.24470715	-0.26947173	999.0	-0.02731185	0.00035396346	-0.025539719	-0.027605666	528000	1.0967255e-08	4.4558987e-05	0.023043884	-1.6566788e-05	-1.5435337	0.064903215	0.538	1.0	424.19543290138245
132	-0.28728276	0.006652167	-0.28159037	-0.29824582	999.0	-0.023100484	0.00078068086	-0.01979804	-0.023880681	532000	1.9788741e-08	4.2225394e-05	0.008667084	-6.517741e-06	-1.5438576	0.029038396	0.3715	2.0	426.8752405643463
133	-0.26286188	0.0030071856	-0.2582405	-0.26645958	999.0	-0.025510024	0.0006929478	-0.0230058	-0.026299663	536000	4.7683715e-09	3.603491e-05	0.037330344	-3.689831e-06	-1.544506	0.056050073	0.53625	1.0	429.5937297344208
134	-0.31237587	0.018193306	-0.28254712	-0.32861865	999.0	-0.024213765	0.00031575985	-0.022691641	-0.024532452	540000	1.7166137e-08	6.925552e-05	-0.00056872726	-1.7200153e-05	-1.54483	0.016228061	0.24675	6.0	432.4353549480438
135	-0.2751882	0.010451882	-0.2584115	-0.28706938	999.0	-0.028488826	7.8814046e-05	-0.026658025	-0.02858452	544000	-1.4781952e-08	5.090797e-05	0.014509423	-1.309823e-05	-1.546753	0.016316915	0.37825	1.0	435.125807762146
136	-0.26984352	0.009131613	-0.25871354	-0.28413603	999.0	-0.024592005	0.0008039116	-0.020443056	-0.025421679	548000	-3.0994416e-09	3.6528745e-05	0.020701913	-9.245923e-08	-1.5470743	0.034206167	0.4595	3.0	437.8164339065552
137	-0.275949	0.013361829	-0.2609175	-0.29672328	999.0	-0.024848884	0.0002878872	-0.023335164	-0.025276233	552000	-5.4836273e-09	3.4838118e-05	0.0057543535	-2.023371e-07	-1.5480359	0.017470334	0.2885	3.0	440.56219696998596
138	-0.26205817	0.01643156	-0.2374517	-0.28011864	999.0	-0.024727177	0.00068816054	-0.021219082	-0.025346687	556000	8.8214875e-09	3.8180875e-05	-0.006142521	-1.6685881e-06	-1.5489846	0.0021472443	0.01225	79.0	443.82365226745605
139	-0.25652936	0.004084021	-0.24948102	-0.25941676	999.0	-0.023939693	0.00026467204	-0.02293146	-0.024303554	560000	-7.1525574e-10	3.4789547e-05	-0.0050967787	-9.981304e-07	-1.5771282	0.0025485896	0.00975	79.0	447.20032596588135
140	-0.2397784	0.0057888017	-0.23016183	-0.24496439	999.0	-0.022918008	0.00040781483	-0.02067269	-0.023415597	564000	6.198883e-09	2.6332407e-05	-0.0050052754	-2.3357006e-06	-1.6039279	0.002114591	0.01025	79.0	450.6387071609497
141	-0.22543257	0.01618982	-0.20241116	-0.24815132	999.0	-0.021508224	9.875865e-05	-0.021050626	-0.021606147	568000	0.0	3.116069e-05	0.0044293585	-1.610435e-06	-1.6283677	0.018301649	0.2505	10.0	454.1740062236786
142	-0.22429645	0.0045201606	-0.21793015	-0.23036413	999.0	-0.020164875	0.00036876547	-0.01839722	-0.02050028	572000	9.775162e-09	2.7944703e-05	0.00848211	-2.6579073e-08	-1.6313058	0.015592088	0.237	1.0	457.65242433547974
143	-0.23617807	0.011873976	-0.22388569	-0.25525808	999.0	-0.020405853	7.529415e-05	-0.01870361	-0.020472758	576000	-7.1525574e-10	2.633239e-05	0.005643739	-9.772375e-07	-1.6316212	0.019960709	0.2695	3.0	461.10560846328735
144	-0.22562525	0.0099319285	-0.2108574	-0.23531006	999.0	-0.020953787	0.0006465058	-0.018180914	-0.021609318	580000	3.3378602e-09	2.381477e-05	0.008922001	-7.198905e-07	-1.6325731	0.018176692	0.308	1.0	464.48942375183105
145	-0.22812557	0.012646353	-0.21049215	-0.24578714	999.0	-0.02037334	0.00094448356	-0.015333351	-0.021159453	584000	-8.106232e-09	2.9155877e-05	0.010223418	-1.2997043e-07	-1.6328927	0.023804668	0.34025	3.0	467.20151710510254
146	-0.22505254	0.0022336878	-0.22247934	-0.22780873	999.0	-0.020712689	0.00030175722	-0.019721258	-0.021171102	588000	-7.152557e-09	2.2639511e-05	0.011617228	6.875762e-07	-1.6338801	0.022438552	0.36225	7.0	469.8816478252411
147	-0.2335242	0.011840306	-0.21674018	-0.25017408	999.0	-0.01931706	0.0002090845	-0.018279824	-0.019515466	592000	-4.529953e-09	3.1745618e-05	0.0052854214	-2.717774e-06	-1.6361094	0.016351376	0.2965	3.0	472.5379674434662
148	-0.21986572	0.0068942853	-0.20855303	-0.2266395	999.0	-0.02064418	0.00071903615	-0.017499946	-0.021238633	596000	2.861023e-09	1.8581473e-05	0.008300243	-4.998674e-07	-1.6370851	0.015709355	0.23225	3.0	475.2271537780762
149	-0.22750568	0.0092072	-0.21969528	-0.24318811	999.0	-0.020016026	0.00060261716	-0.01749539	-0.020539474	600000	-4.529953e-09	2.5722638e-05	0.00824898	2.6848807e-05	-1.6380167	0.019723807	0.296	3.0	477.9414041042328
150	-0.22812779	0.011306386	-0.21365282	-0.24463049	999.0	-0.0148595115	0.00017490535	-0.01385764	-0.015065111	604000	-9.536743e-09	5.446505e-05	-0.0059624156	-3.0950243e-05	-1.6389627	0.002911939	0.0145	79.0	481.19060492515564
151	-0.20355554	0.010906767	-0.18574089	-0.21449429	999.0	-0.020236528	0.00039321146	-0.018546976	-0.020545077	608000	5.9604643e-10	2.1893942e-05	-0.0033562786	-3.3040214e-06	-1.6651658	0.0009875231	0.00425	79.0	484.4571223258972
152	-0.19945265	0.003896581	-0.19522364	-0.20385687	999.0	-0.018465888	0.00034571654	-0.01722585	-0.018810824	612000	1.66893e-08	2.0643962e-05	0.011238786	-2.9076182e-07	-1.685841	0.02776708	0.365	10.0	487.320285320282
153	-0.21322456	0.0076746936	-0.20338286	-0.22492525	999.0	-0.01798071	0.00028162843	-0.016825724	-0.018261451	616000	4.7683715e-09	2.3343635e-05	0.011233169	-1.6208596e-06	-1.6884913	0.015715059	0.2385	21.0	490.25407099723816
154	-0.22052772	0.01009575	-0.21001045	-0.23492305	999.0	-0.01902636	0.00052075955	-0.016297042	-0.019579064	620000	2.5272369e-08	2.6022357e-05	0.0064131855	-4.8725997e-07	-1.694554	0.026896985	0.372	2.0	492.98336148262024
155	-0.1936004	0.0059521366	-0.18691638	-0.2018249	999.0	-0.019779583	0.0003394123	-0.018228456	-0.020181395	624000	-4.529953e-09	2.7360946e-05	0.013884856	-5.6489207e-06	-1.6951448	0.025775688	0.35525	8.0	495.7199411392212
156	-0.2168133	0.0057556517	-0.20735975	-0.22283968	999.0	-0.017331237	0.00025665545	-0.016310886	-0.017520346	628000	-3.4809112e-08	2.5306153e-05	0.0150280455	-5.135911e-06	-1.6975359	0.025935125	0.4155	7.0	498.47216987609863
157	-0.21228531	0.011061335	-0.20192865	-0.22934711	999.0	-0.019379096	0.0004890591	-0.017949536	-0.020092957	632000	-1.7642975e-08	2.4900464e-05	0.019344972	-3.4271034e-07	-1.6995499	0.033131164	0.439	1.0	501.15666675567627
158	-0.21090682	0.003352312	-0.20677468	-0.21477593	999.0	-0.0189809	0.0007126795	-0.01644601	-0.019721165	636000	9.179115e-09	1.9306617e-05	0.023751467	-9.39217e-08	-1.6998454	0.05057782	0.48275	3.0	503.93228936195374
159	-0.2033943	0.006906009	-0.19403192	-0.21323542	999.0	-0.018913258	0.00058865815	-0.015779033	-0.019624054	640000	-2.8729438e-08	2.3455295e-05	0.009477741	-2.2615313e-07	-1.7007285	0.037014384	0.42	3.0	506.6823265552521
160	-0.20204867	0.0051414194	-0.19589798	-0.21013045	999.0	-0.01834339	0.0003483337	-0.01721704	-0.018863034	644000	-4.768372e-10	1.9828796e-05	0.006896479	1.3344652e-07	-1.7016298	0.020268498	0.248	3.0	509.51403427124023
161	-0.19428992	0.010517702	-0.18560635	-0.21227433	999.0	-0.01735851	0.00070781255	-0.014933735	-0.018029183	648000	-2.7418137e-09	2.0416857e-05	-0.004854412	-2.803772e-07	-1.7025417	0.0017598269	0.014	79.0	512.8367626667023
162	-0.18887901	0.005472386	-0.18371733	-0.19666328	999.0	-0.018114004	0.00016150241	-0.0170899	-0.018306863	652000	5.2452087e-09	1.8635212e-05	-0.0043376316	-1.175742e-06	-1.7242892	0.0012869566	0.004	79.0	516.1945858001709
163	-0.1746656	0.005756	-0.16776381	-0.1836576	999.0	-0.016888866	0.00031177592	-0.015745495	-0.017220981	656000	5.722046e-09	1.5965396e-05	-0.0046145096	-1.0955009e-06	-1.7498769	0.0012797766	0.007	79.0	519.8744456768036
164	-0.1629048	0.009078384	-0.14778566	-0.1719879	999.0	-0.015829869	0.0007001356	-0.012338452	-0.016419202	660000	-3.0994416e-09	1.4409257e-05	-0.0044806907	-1.3154313e-06	-1.7721524	-0.00023477172	0.0025	79.0	523.1515045166016
165	-0.16241351	0.0031737061	-0.15728676	-0.16587648	999.0	-0.01489783	0.00014989935	-0.013574891	-0.01507964	664000	9.059906e-09	1.4560701e-05	-0.0051984093	2.9912826e-06	-1.7978058	0.002113707	0.03375	79.0	526.5152297019958
166	-0.15623763	0.005985114	-0.14685318	-0.16321845	999.0	-0.012121696	0.00059456663	-0.009262279	-0.0127850585	668000	-1.5974045e-08	1.6607448e-05	-0.0057880725	-4.1181347e-06	-1.8228455	0.0032580716	0.01825	79.0	529.7479803562164
167	-0.14594424	0.0063984036	-0.140129	-0.15564726	999.0	-0.014496898	0.00048314812	-0.012908947	-0.015014868	672000	9.059906e-09	1.1518308e-05	-0.0040045474	-2.029311e-06	-1.8488925	0.00079783297	0.004	79.0	532.996030330658
168	-0.14035696	0.0050511463	-0.13383597	-0.14793316	999.0	-0.013059229	0.00023147487	-0.01223889	-0.013325334	676000	4.053116e-09	9.001955e-06	0.022869073	-1.5458045e-07	-1.8720968	0.027994053	0.3965	3.0	535.6971101760864
169	-0.15086034	0.00946359	-0.13877375	-0.16381778	999.0	-0.012799884	0.00021937433	-0.011958037	-0.012958933	680000	2.8848648e-08	1.1050829e-05	0.024605846	-5.875636e-07	-1.8728527	0.05709246	0.549	2.0	538.4146988391876
170	-0.13941956	0.0044964566	-0.13330682	-0.14453347	999.0	-0.013384264	0.00026825545	-0.012344133	-0.013665032	684000	4.768372e-10	9.298356e-06	0.016602615	-5.948732e-07	-1.8733712	0.019437615	0.28525	1.0	541.1226286888123
171	-0.14671284	0.004912767	-0.14094004	-0.15234502	999.0	-0.01259941	0.00036887173	-0.011349469	-0.012933832	688000	-1.192093e-10	1.1415212e-05	0.008859062	-3.6469737e-07	-1.8736378	0.01860569	0.3455	5.0	543.7957348823547
172	-0.14111227	0.010922402	-0.1281219	-0.15214697	999.0	-0.012950042	0.0006098758	-0.010377564	-0.013547096	692000	-1.6450882e-08	1.0726771e-05	0.023640495	1.1245247e-06	-1.8750418	0.035206605	0.446	1.0	546.4774568080902
173	-0.14329658	0.005428792	-0.1367655	-0.15015857	999.0	-0.011803109	0.0001731557	-0.01114561	-0.0120109245	696000	-1.4781952e-08	1.1693136e-05	0.0034826915	-9.903142e-07	-1.8753349	0.018075803	0.253	5.0	549.1778831481934
174	-0.13958147	0.005373394	-0.13210888	-0.1472485	999.0	-0.012272185	0.00052279356	-0.010511484	-0.013074763	700000	-1.6212464e-08	1.0273131e-05	0.011129766	-1.644994e-07	-1.8767843	0.024963144	0.3545	1.0	551.8926975727081
175	-0.14406991	0.0033087155	-0.13873076	-0.1477931	999.0	-0.012615482	0.0005153038	-0.010672819	-0.01332039	704000	1.4424324e-08	9.1152115e-06	0.013122108	3.4171417e-06	-1.877076	0.030186635	0.40575	3.0	554.7316107749939
176	-0.13661124	0.006272936	-0.12801687	-0.14551069	999.0	-0.0151627045	0.0003371931	-0.01429252	-0.015772607	708000	-3.0755995e-08	1.6573904e-05	0.0067145773	-8.54048e-06	-1.8779593	0.017947482	0.33525	5.0	557.5615179538727
177	-0.13671622	0.006413752	-0.13110402	-0.14728202	999.0	-0.0122695295	0.00020003041	-0.011582013	-0.012499992	712000	-1.4305115e-09	9.741647e-06	0.012343654	-1.6434569e-09	-1.879376	0.03646618	0.4355	2.0	560.3138470649719
178	-0.13661484	0.0036536083	-0.13223912	-0.14234285	999.0	-0.012320414	0.00023362966	-0.011328146	-0.0125456005	716000	-2.861023e-09	9.266248e-06	0.013192133	-8.642019e-09	-1.8799559	0.021446541	0.36475	3.0	563.1367571353912
179	-0.13754699	0.009202403	-0.12205759	-0.14619999	999.0	-0.012029259	0.0005254313	-0.010234915	-0.012801807	720000	2.348423e-08	1.0754859e-05	0.004764606	-2.2966469e-07	-1.8808435	0.023458946	0.27025	2.0	565.7992305755615
180	-0.1340115	0.004757744	-0.12727924	-0.13911045	999.0	-0.012783574	0.00037261657	-0.011477005	-0.013280053	724000	-1.6212464e-08	8.131937e-06	0.009920554	-4.99459e-07	-1.8814504	0.01571968	0.27325	11.0	568.5349669456482
181	-0.13739115	0.005342512	-0.13230582	-0.14581929	999.0	-0.0122267585	0.00042165333	-0.010487735	-0.012695514	728000	-1.4066696e-08	9.0707745e-06	-0.0047422163	-5.0677045e-08	-1.8845409	0.0010761599	0.0095	79.0	571.9348282814026
182	-0.12892404	0.00582863	-0.12128966	-0.13743192	999.0	-0.012519212	0.00040873978	-0.010831349	-0.012804735	732000	9.775162e-09	8.920572e-06	-0.003380191	-9.1319544e-07	-1.90849	4.482439e-05	0.00125	79.0	575.1724302768707
183	-0.12995249	0.002752833	-0.1265438	-0.1338853	999.0	-0.011618497	0.00016013667	-0.011057593	-0.011814497	736000	2.002716e-08	8.767847e-06	-0.0062818513	7.0181613e-07	-1.9305605	0.002077365	0.007	79.0	578.3726634979248
184	-0.11649461	0.0050393334	-0.1113542	-0.1246344	999.0	-0.012418497	0.00045054877	-0.011123847	-0.01291132	740000	1.07288365e-08	1.0216475e-05	0.02012259	-3.692407e-06	-1.9593475	0.025101483	0.3905	3.0	581.0986013412476
185	-0.13239783	0.003336121	-0.12931988	-0.13779451	999.0	-0.010657804	0.00014568944	-0.009975094	-0.010770701	744000	-1.0430813e-08	1.0623447e-05	0.016609639	-1.580056e-06	-1.9602658	0.051990364	0.53925	3.0	583.9277563095093
186	-0.12019967	0.0024557866	-0.11691708	-0.12343305	999.0	-0.011805715	0.0003480415	-0.0106369	-0.012274068	748000	-2.026558e-08	6.3997586e-06	0.02217412	-9.402265e-07	-1.9611328	0.031200243	0.4265	2.0	586.6603653430939
187	-0.124157906	0.0039377115	-0.117497124	-0.12715851	999.0	-0.010980246	0.00012350931	-0.010405473	-0.011111684	752000	1.7166137e-08	5.3531635e-06	0.014494263	-6.533628e-08	-1.9616854	0.0176862	0.2475	1.0	589.3211436271667
188	-0.14428301	0.0020515674	-0.14254455	-0.14778356	999.0	-0.010979125	0.00027792534	-0.0101229735	-0.01125484	756000	-1.0967255e-08	1.4001124e-05	0.0036196164	-4.2457586e-06	-1.961956	0.021646027	0.32875	2.0	591.993262052536
189	-0.12232041	0.0034413717	-0.11731438	-0.12681955	999.0	-0.013002339	0.00012636941	-0.012471192	-0.0131111	760000	-6.103516e-08	1.123735e-05	0.038683727	-3.762117e-06	-1.9625058	0.11452904	0.66325	1.0	594.7052857875824
190	-0.118994094	0.007942022	-0.10763089	-0.12685172	999.0	-0.010871073	0.00022542082	-0.00969648	-0.011128034	764000	-2.3841857e-09	7.501715e-06	0.047298163	-1.9533218e-08	-1.96278	0.056870967	0.54625	1.0	597.5225145816803
191	-0.1465356	0.0057510734	-0.1406121	-0.15535347	999.0	-0.010741262	0.0003729917	-0.009154543	-0.01100833	768000	-9.536743e-09	1.6535747e-05	0.037759732	-6.291626e-06	-1.9630578	0.09779622	0.639	2.0	600.2120752334595
192	-0.1209722	0.005612751	-0.11426559	-0.12794195	999.0	-0.013208254	0.00016962417	-0.012619287	-0.013506375	772000	9.536744e-10	1.2272891e-05	0.046635624	-5.826303e-06	-1.9636192	0.09755276	0.6275	1.0	602.8601362705231
193	-0.12686743	0.0021951485	-0.12444277	-0.12952569	999.0	-0.010587127	0.0004954733	-0.00907585	-0.011250954	776000	-1.2278557e-08	8.000581e-06	0.018062659	-8.924558e-07	-1.9638977	0.01771936	0.3045	1.0	605.6277759075165
194	-0.14494655	0.004458758	-0.13885956	-0.15055683	999.0	-0.011569057	0.0003507263	-0.010223407	-0.011822902	780000	1.6033649e-08	1.2982009e-05	0.0051387944	-2.3864914e-06	-1.9641756	0.02538083	0.36175	5.0	608.3783588409424
195	-0.12437528	0.005208744	-0.11627458	-0.13045055	999.0	-0.013138287	0.0003433655	-0.01169651	-0.013550125	784000	5.00679e-09	1.0838983e-05	0.06624066	-3.8415833e-06	-1.9655188	0.15422839	0.71725	1.0	611.0314218997955
196	-0.1252445	0.0043082903	-0.12079847	-0.13076428	999.0	-0.011145663	0.00020173525	-0.010419775	-0.011396971	788000	1.192093e-10	7.0257897e-06	0.050947715	-3.570176e-08	-1.9657775	0.062038604	0.57625	1.0	613.8695039749146
197	-0.16059673	0.007373546	-0.15294221	-0.16963765	999.0	-0.01116923	0.00035499895	-0.009946864	-0.011551179	792000	-1.001358e-08	2.4036714e-05	0.037265148	-1.1263629e-05	-1.9660373	0.086139336	0.64025	2.0	616.5884761810303
198	-0.12330667	0.005263522	-0.11526547	-0.12894839	999.0	-0.014633852	0.00017431777	-0.01385247	-0.01480769	796000	-1.5497207e-08	1.999588e-05	0.04812515	-1.2821294e-05	-1.9665642	0.09795635	0.64575	1.0	619.2418985366821
199	-0.11957498	0.0050765527	-0.11167752	-0.12465817	999.0	-0.011052368	0.00020141083	-0.010354448	-0.011230815	800000	1.847744e-09	7.69832e-06	0.023564383	-8.541929e-08	-1.9668233	0.019226471	0.34375	1.0	621.907509803772
