Epoch	AverageEpRet	StdEpRet	MaxEpRet	MinEpRet	EpLen	AverageVVals	StdVVals	MaxVVals	MinVVals	TotalEnvInteracts	LossPi	LossV	DeltaLossPi	DeltaLossV	Entropy	KL	ClipFrac	StopIter	Time
0	-200.0	0.0	-200.0	-200.0	200.0	0.24310847	0.0013649251	0.24745211	0.23800412	4000	-8.106232e-08	3872.1377	-0.0051738713	-950.08057	1.0918851	0.012949019	0.11225	79.0	3.959157943725586
1	-200.0	0.0	-200.0	-200.0	200.0	-8.838726	0.03533373	-8.700475	-8.909518	8000	-1.592636e-07	2927.2224	-0.000412035	-562.52905	1.0613505	0.008051866	0.0	79.0	7.638951301574707
2	-200.0	0.0	-200.0	-200.0	200.0	-15.106296	0.015923752	-15.032192	-15.154959	12000	2.9563903e-08	2368.0718	-0.0018514624	-408.53503	1.0603904	0.006125459	0.018	79.0	11.379341125488281
3	-200.0	0.0	-200.0	-200.0	200.0	-20.303473	0.00978322	-20.257305	-20.327913	16000	-3.33786e-08	1962.3387	-0.001429368	-322.48608	1.0325695	0.0069960416	0.00675	79.0	15.064053297042847
4	-200.0	0.0	-200.0	-200.0	200.0	-24.971125	0.008881829	-24.912954	-24.988882	20000	-7.152558e-08	1642.5166	-0.00066196057	-257.4464	0.98595685	0.0062570544	0.002	79.0	18.853732109069824
5	-200.0	0.0	-200.0	-200.0	200.0	-29.230404	0.0056623938	-29.201101	-29.24331	24000	5.8174134e-08	1387.5359	-0.0018975878	-204.58374	0.9799991	0.0047480892	0.009	79.0	22.550114393234253
6	-200.0	0.0	-200.0	-200.0	200.0	-33.121693	0.0045025833	-33.098846	-33.132286	28000	0.0	1185.3245	-0.0009980812	-160.87805	0.9477571	0.0048952503	0.0055	79.0	26.262471199035645
7	-200.0	0.0	-200.0	-200.0	200.0	-36.66546	0.003941519	-36.649517	-36.67344	32000	-1.4305114e-08	1026.707	-0.0032276623	-124.74066	0.95383024	0.01964798	0.327	9.0	29.41281294822693
8	-200.0	0.0	-200.0	-200.0	200.0	-39.875034	0.0041997507	-39.854233	-39.883446	36000	-3.71933e-08	904.068	-0.0050637675	-95.11102	0.9883794	0.016472975	0.169	13.0	32.54405903816223
9	-200.0	0.0	-200.0	-200.0	200.0	-42.758373	0.0034071691	-42.73876	-42.766144	40000	-2.7656554e-08	810.91644	-0.0014144449	-71.178345	0.9961846	0.015328086	0.013	8.0	35.644689083099365
10	-200.0	0.0	-200.0	-200.0	200.0	-45.326874	0.0022038957	-45.31946	-45.33128	44000	1.1444092e-08	741.52155	-0.00083715346	-52.174866	0.9298005	0.0023983198	0.014	79.0	39.414334535598755
11	-200.0	0.0	-200.0	-200.0	200.0	-47.59106	0.0024475995	-47.577534	-47.595776	48000	1.3351441e-08	690.9329	-0.0015397825	-37.398926	0.90008473	0.005731984	0.0145	79.0	43.16596055030823
12	-200.0	0.0	-200.0	-200.0	200.0	-49.56436	0.002832818	-49.550438	-49.570286	52000	-4.005432e-08	654.9554	-0.0032787095	-26.177673	0.8880126	0.005731368	0.0	79.0	46.80058550834656
13	-200.0	0.0	-200.0	-200.0	200.0	-51.264038	0.0023519753	-51.251312	-51.268932	56000	-1.6212464e-08	630.02936	-0.0037177647	-17.86444	0.8764326	0.010895424	0.01225	79.0	50.459155797958374
14	-200.0	0.0	-200.0	-200.0	200.0	-52.709236	0.001720787	-52.701965	-52.71297	60000	1.6212464e-08	613.22955	-0.0022206488	-11.868164	0.7765591	0.0044702115	0.0	79.0	54.125515937805176
15	-200.0	0.0	-200.0	-200.0	200.0	-53.92077	0.0014401217	-53.915836	-53.924427	64000	-1.8119811e-08	602.27136	-0.0005541201	-7.6678467	0.770559	0.0045251716	0.00175	79.0	57.78006458282471
16	-200.0	0.0	-200.0	-200.0	200.0	-54.922436	0.0019292668	-54.91541	-54.925953	68000	1.8119811e-08	595.3705	-0.00065928075	-4.8112183	0.76712435	0.0055996375	0.004	79.0	61.54060435295105
17	-200.0	0.0	-200.0	-200.0	200.0	-55.737732	0.0016688514	-55.730946	-55.741253	72000	2.002716e-08	591.1645	-0.005674161	-2.9281006	0.8398927	0.007911422	0.12275	79.0	65.20709300041199
18	-200.0	0.0	-200.0	-200.0	200.0	-56.391197	0.0017572527	-56.384243	-56.39497	76000	-4.7683715e-09	588.7377	-0.0014596538	-1.7271729	0.9218529	0.009403667	0.01	79.0	68.8356614112854
19	-200.0	0.0	-200.0	-200.0	200.0	-56.906063	0.0018808094	-56.89569	-56.910744	80000	1.525879e-08	587.40173	-0.0014957237	-0.9866333	0.9138592	0.007736573	0.0	79.0	72.57130193710327
20	-200.0	0.0	-200.0	-200.0	200.0	-57.30563	0.002079225	-57.296253	-57.310303	84000	8.5830685e-09	586.72705	-0.004204385	-0.54486084	0.97921616	0.015622674	0.189	22.0	75.75032114982605
21	-200.0	0.0	-200.0	-200.0	200.0	-57.61037	0.0019664376	-57.603096	-57.6143	88000	9.536743e-09	586.4178	-0.0034771925	-0.29040527	0.8918501	0.0047770645	0.01825	79.0	79.4925594329834
22	-200.0	0.0	-200.0	-200.0	200.0	-57.838684	0.0018128953	-57.831963	-57.84239	92000	2.0980835e-08	586.3087	-0.0026666208	-0.14935303	0.8801988	0.0076869405	0.00725	79.0	83.23661851882935
23	-200.0	0.0	-200.0	-200.0	200.0	-58.006233	0.0017205562	-57.998276	-58.01043	96000	-1.4305114e-08	586.28705	-0.0018197669	-0.07397461	0.95179296	0.0078092744	0.0155	79.0	86.9968159198761
24	-200.0	0.0	-200.0	-200.0	200.0	-58.1273	0.001980842	-58.1174	-58.131775	100000	-7.629395e-09	586.2986	-0.0035817637	-0.03515625	0.9434419	0.010955893	0.0085	79.0	90.6775176525116
25	-200.0	0.0	-200.0	-200.0	200.0	-58.212605	0.0020619053	-58.20333	-58.217087	104000	-7.629395e-09	586.33386	-0.002257304	-0.016113281	0.85495645	0.0041455636	0.11125	79.0	94.33828926086426
26	-200.0	0.0	-200.0	-200.0	200.0	-58.271896	0.0021687222	-58.264423	-58.27579	108000	-4.7683715e-09	586.375	-0.0019721938	-0.007385254	0.9127722	0.0079467585	0.00475	79.0	98.00658655166626
27	-200.0	0.0	-200.0	-200.0	200.0	-58.312096	0.0021377285	-58.303177	-58.316727	112000	1.525879e-08	586.3972	-0.0010527315	-0.003112793	0.98490244	0.011549085	0.0	79.0	101.66346740722656
28	-200.0	0.0	-200.0	-200.0	200.0	-58.33877	0.00218237	-58.326744	-58.34312	116000	6.6757204e-09	586.4176	-0.005235112	-0.001159668	0.91970277	0.008679137	0.0185	79.0	105.38122248649597
29	-200.0	0.0	-200.0	-200.0	200.0	-58.356213	0.0015630869	-58.350437	-58.359913	120000	-1.2397766e-08	586.4189	-0.0021817237	-0.00048828125	0.8245776	0.0045592836	0.145	79.0	109.12455344200134
30	-200.0	0.0	-200.0	-200.0	200.0	-58.366936	0.0016362403	-58.36012	-58.37063	124000	1.9073486e-08	586.4322	-0.0023393785	-0.00024414062	0.7988894	0.0038205842	0.0235	79.0	112.84682393074036
31	-200.0	0.0	-200.0	-200.0	200.0	-58.373665	0.0016069489	-58.366486	-58.378048	128000	-3.8146974e-09	586.433	-0.0017374859	-0.00012207031	0.73317444	0.0053417757	0.0115	79.0	116.65069890022278
32	-200.0	0.0	-200.0	-200.0	200.0	-58.37793	0.0018933703	-58.370094	-58.382053	132000	5.722046e-09	586.43964	-0.0031237374	-6.1035156e-05	0.7998734	0.0058834087	0.01275	79.0	120.34889936447144
33	-200.0	0.0	-200.0	-200.0	200.0	-58.380386	0.0019065242	-58.37053	-58.384514	136000	1.1444092e-08	586.43915	-0.000832799	0.0	0.87967867	0.0051685297	0.0	79.0	124.00626373291016
34	-200.0	0.0	-200.0	-200.0	200.0	-58.382	0.0016964835	-58.37531	-58.3855	140000	-7.629395e-09	586.43726	-0.0024177178	-6.1035156e-05	0.85515416	0.0083348295	0.05575	79.0	127.65714049339294
35	-200.0	0.0	-200.0	-200.0	200.0	-58.382347	0.0016968584	-58.376827	-58.386276	144000	-6.6757204e-09	586.44104	-0.0028560737	0.0	0.84692603	0.008209144	0.03375	79.0	131.33794140815735
36	-200.0	0.0	-200.0	-200.0	200.0	-58.38315	0.0017725985	-58.37438	-58.387093	148000	-1.1444092e-08	586.4347	-0.0021062433	0.0	0.8368159	0.005490495	0.01325	79.0	135.01919674873352
37	-200.0	0.0	-200.0	-200.0	200.0	-58.38308	0.0019080994	-58.375168	-58.387222	152000	7.629395e-09	586.44385	-0.00070929434	0.0	0.77265334	0.005728458	0.013	79.0	138.72004437446594
38	-200.0	0.0	-200.0	-200.0	200.0	-58.383125	0.0013646376	-58.377205	-58.38662	156000	-2.4795533e-08	586.44086	-0.0007484198	0.0	0.7674282	0.0059340484	0.00675	79.0	142.44688510894775
39	-200.0	0.0	-200.0	-200.0	200.0	-58.382774	0.0017510828	-58.37493	-58.386772	160000	-9.536743e-09	586.43317	-0.0017829447	-6.1035156e-05	0.762741	0.0036161058	0.0105	79.0	146.11173629760742
40	-200.0	0.0	-200.0	-200.0	200.0	-58.383102	0.0018126975	-58.37682	-58.38691	164000	1.1444092e-08	586.437	-0.00447679	0.0	0.83756727	0.0065172897	0.082	79.0	149.77722096443176
41	-200.0	0.0	-200.0	-200.0	200.0	-58.38304	0.0023077491	-58.36943	-58.387596	168000	-2.0980835e-08	586.4281	-0.0052515985	-0.00018310547	0.91580564	0.00964029	0.00475	79.0	153.43352723121643
42	-200.0	0.0	-200.0	-200.0	200.0	-58.38308	0.0024282306	-58.370983	-58.388012	172000	1.0490417e-08	586.4296	-0.005480521	-0.00018310547	0.9861747	0.0079328725	0.05325	79.0	157.1032612323761
43	-200.0	0.0	-200.0	-200.0	200.0	-58.38285	0.002410324	-58.368317	-58.388573	176000	-3.8146974e-09	586.4295	-0.0005106039	-0.00012207031	0.9713096	0.006401885	0.0025	79.0	160.8328447341919
44	-200.0	0.0	-200.0	-200.0	200.0	-58.383442	0.0017921462	-58.371674	-58.388187	180000	1.8119811e-08	586.4374	-0.0035843917	0.0	0.94459635	0.006061849	0.02575	79.0	164.62864470481873
45	-200.0	0.0	-200.0	-200.0	200.0	-58.382927	0.0024418503	-58.369892	-58.387634	184000	-1.0490417e-08	586.43256	-0.0020516883	-0.00018310547	0.93150026	0.011670248	0.024	79.0	168.40704560279846
46	-200.0	0.0	-200.0	-200.0	200.0	-58.382717	0.0029320319	-58.363903	-58.388958	188000	-7.629395e-09	586.42676	-0.002236247	-0.0007324219	0.97400063	0.0035829619	0.0175	79.0	172.14392948150635
47	-200.0	0.0	-200.0	-200.0	200.0	-58.38325	0.002565992	-58.371704	-58.388332	192000	3.8146974e-09	586.41724	-0.0009630957	-0.0012207031	1.0121961	0.0074932254	0.009	79.0	175.87038278579712
48	-200.0	0.0	-200.0	-200.0	200.0	-58.382454	0.003009021	-58.368443	-58.388092	196000	-1.3351441e-08	586.41425	-0.0033347502	-0.0014038086	0.9803262	0.0038074865	0.03825	79.0	179.58710479736328
49	-200.0	0.0	-200.0	-200.0	200.0	-58.38289	0.002543728	-58.374023	-58.390205	200000	-1.6212464e-08	586.4183	-0.0029965714	-0.00079345703	0.9871358	0.015331072	0.15075	12.0	182.75970244407654
50	-200.0	0.0	-200.0	-200.0	200.0	-58.382275	0.003277215	-58.36689	-58.389385	204000	-9.536743e-09	586.4241	-0.0013807068	-0.0012207031	0.9224026	0.0033486802	0.00025	79.0	186.4192292690277
51	-200.0	0.0	-200.0	-200.0	200.0	-58.382626	0.0039460775	-58.364964	-58.39116	208000	-1.0490417e-08	586.4279	-0.0024504424	-0.00030517578	0.8931238	0.005880261	0.002	79.0	190.07466053962708
52	-200.0	0.0	-200.0	-200.0	200.0	-58.38283	0.004491214	-58.36439	-58.390575	212000	1.525879e-08	586.41876	-0.001379322	-0.00012207031	0.90759104	0.0012949948	0.00175	79.0	193.69455885887146
53	-200.0	0.0	-200.0	-200.0	200.0	-58.383385	0.0040945043	-58.366165	-58.39115	216000	-1.0490417e-08	586.4259	-0.004471366	-0.00091552734	0.9312291	0.015376995	0.01625	9.0	196.73004961013794
54	-200.0	0.0	-200.0	-200.0	200.0	-58.382454	0.004178647	-58.358772	-58.390656	220000	-7.629395e-09	586.41034	-0.0024629945	-0.00091552734	0.87513757	0.0103369765	0.065	79.0	200.3883752822876
55	-200.0	0.0	-200.0	-200.0	200.0	-58.38069	0.0076498794	-58.3286	-58.39375	224000	-8.5830685e-09	586.377	-0.0015051155	-0.014282227	0.77213913	0.011347288	0.01375	79.0	204.0244917869568
56	-200.0	0.0	-200.0	-200.0	200.0	-58.381092	0.007021152	-58.328888	-58.395844	228000	0.0	586.40265	-0.0025466662	-0.0031738281	0.67530394	0.0054554874	0.03175	79.0	207.65964031219482
57	-200.0	0.0	-200.0	-200.0	200.0	-58.382725	0.0053669885	-58.360687	-58.39553	232000	4.7683715e-09	586.40344	-0.002497932	-0.0037841797	0.69135714	0.009756034	0.0115	79.0	211.31437063217163
58	-200.0	0.0	-200.0	-200.0	200.0	-58.380234	0.008989303	-58.297413	-58.398006	236000	7.629395e-09	586.3647	-0.00066502095	-0.024414062	0.5961287	0.0029395293	0.005	79.0	214.99355959892273
59	-200.0	0.0	-200.0	-200.0	200.0	-58.377552	0.015619966	-58.245975	-58.403545	240000	-6.6757204e-09	586.3207	-0.0002789135	-0.07080078	0.6027792	-1.2885779e-06	0.00075	79.0	218.77011394500732
60	-200.0	0.0	-200.0	-200.0	200.0	-58.373135	0.018990671	-58.28694	-58.40744	244000	-2.5749207e-08	586.3354	-0.00019173718	-0.061950684	0.6021913	0.0040899008	0.00125	79.0	222.47397923469543
61	-200.0	0.0	-200.0	-200.0	200.0	-58.361797	0.030492144	-58.23859	-58.416035	248000	1.2397766e-08	586.22327	-0.0013552923	-1.2000122	0.58806616	0.0051431796	0.0485	79.0	226.104829788208
62	-200.0	0.0	-200.0	-200.0	200.0	-57.97208	0.3387789	-56.668846	-58.60054	252000	-9.536744e-10	584.8082	-0.0003842554	-0.8912964	0.60300684	0.0034104213	0.005	79.0	229.744149684906
63	-200.0	0.0	-200.0	-200.0	200.0	-58.196182	0.6261426	-55.735767	-59.203068	256000	6.6757204e-09	581.9828	-0.0023563749	-8.998413	0.6673183	0.00556056	0.00075	79.0	233.3987271785736
64	-200.0	0.0	-200.0	-200.0	200.0	-58.040146	1.9044515	-49.617207	-59.965908	260000	2.002716e-08	574.0082	-0.0042668064	-12.07428	0.739135	0.007450059	0.1295	79.0	237.05600833892822
65	-200.0	0.0	-200.0	-200.0	200.0	-56.769413	6.2825584	-31.641262	-60.951054	264000	-2.4795533e-08	567.8994	-0.0034900198	-8.438843	0.64474374	0.00435509	0.0015	79.0	240.7743957042694
66	-200.0	0.0	-200.0	-200.0	200.0	-59.068623	3.61214	-29.547674	-60.843323	268000	-7.629395e-09	598.4061	-0.0021859913	-11.931641	0.5654496	0.005524031	0.0	79.0	244.474782705307
67	-200.0	0.0	-200.0	-200.0	200.0	-57.847645	1.4383801	-47.674145	-59.565426	272000	-1.525879e-08	575.11053	-0.00066382025	-15.592407	0.48436296	0.0016990546	0.00425	79.0	248.19766473770142
68	-200.0	0.0	-200.0	-200.0	200.0	-58.09185	5.454689	-17.94943	-61.087242	276000	9.536744e-10	563.52966	-0.0010131941	-2.0063477	0.49480852	0.0046922043	0.0	79.0	251.91189122200012
69	-200.0	0.0	-200.0	-200.0	200.0	-58.93404	3.0419874	-37.71781	-61.414738	280000	-1.9073487e-09	577.2587	-0.0011992226	-2.310913	0.42207193	0.0029526842	0.0035	79.0	255.62397718429565
70	-200.0	0.0	-200.0	-200.0	200.0	-57.876556	4.756309	-22.340576	-61.37814	284000	4.7683715e-09	590.6386	-0.001403122	-13.282898	0.44824362	0.0028982572	0.009	79.0	259.39157795906067
71	-200.0	0.0	-200.0	-200.0	200.0	-58.22577	1.1568301	-53.927673	-60.075245	288000	-9.536744e-10	581.8645	-0.0007335797	-5.4141846	0.49766275	0.0015648066	0.00775	79.0	263.0138590335846
72	-200.0	0.0	-200.0	-200.0	200.0	-58.1688	3.5427148	-30.801668	-61.334797	292000	9.536743e-09	561.5751	-0.0013754711	-6.868286	0.44206217	0.005538642	0.0215	79.0	266.7105176448822
73	-200.0	0.0	-200.0	-200.0	200.0	-57.444016	8.207427	-0.8133647	-61.283134	296000	1.1444092e-08	583.4731	-0.0002979536	-19.271057	0.37741023	0.0016292856	0.00625	79.0	270.4444649219513
74	-200.0	0.0	-200.0	-200.0	200.0	-58.143017	4.2721486	-12.253315	-60.926067	300000	-1.9073487e-09	573.59515	-0.0013532295	-0.8717041	0.33765635	-0.00028765338	0.00425	79.0	274.124892950058
75	-200.0	0.0	-200.0	-200.0	200.0	-58.792686	2.1919901	-48.170746	-60.8769	304000	9.536744e-10	579.76404	-0.00042640304	-1.9259033	0.35653174	0.0022361742	0.011	79.0	277.8934223651886
76	-200.0	0.0	-200.0	-200.0	200.0	-57.908714	2.475762	-44.66226	-60.821102	308000	-9.536744e-10	570.11633	-0.0004990597	-6.053589	0.3221936	0.0017206242	0.00025	79.0	281.6521897315979
77	-200.0	0.0	-200.0	-200.0	200.0	-59.56915	2.4052417	-41.2884	-61.888287	312000	4.7683715e-09	575.463	-0.0009121351	-2.9345093	0.36724734	0.0037954324	0.009	79.0	285.3321180343628
78	-200.0	0.0	-200.0	-200.0	200.0	-58.03953	3.90136	-36.767563	-61.31856	316000	3.8146974e-09	573.423	-0.0011180659	-1.757019	0.33568117	0.0022781997	0.0805	79.0	288.976979970932
79	-200.0	0.0	-200.0	-200.0	200.0	-57.93926	4.9068627	-17.402102	-61.943775	320000	-1.9073487e-09	582.8508	-0.001271143	-4.5823364	0.28534132	0.0013916855	0.0085	79.0	292.6578209400177
80	-200.0	0.0	-200.0	-200.0	200.0	-58.160522	2.9978225	-43.193306	-61.08541	324000	-1.0490417e-08	569.68835	-0.00094623474	-2.347351	0.3064492	0.00095400674	0.009	79.0	296.3405568599701
81	-200.0	0.0	-200.0	-200.0	200.0	-58.03344	5.0247273	-22.045551	-62.099266	328000	-2.2888184e-08	572.99176	-0.00030827333	-3.1381836	0.2606711	0.0017147679	0.00075	79.0	300.05454182624817
82	-200.0	0.0	-200.0	-200.0	200.0	-57.79624	4.060092	-33.927437	-61.404976	332000	9.536744e-10	565.3875	-0.0002368126	-2.399353	0.23737468	0.0015807855	0.00925	79.0	303.7423584461212
83	-200.0	0.0	-200.0	-200.0	200.0	-58.547688	4.136918	-38.908672	-61.649437	336000	-2.2888184e-08	575.64575	-0.0009196129	-3.2955322	0.21514647	0.0005741012	0.00525	79.0	307.4707760810852
84	-200.0	0.0	-200.0	-200.0	200.0	-58.094063	3.6779437	-33.60702	-61.519924	340000	5.722046e-09	572.84094	-0.0004056692	-1.7000122	0.1807808	0.001406784	0.00325	79.0	311.20066595077515
85	-200.0	0.0	-200.0	-200.0	200.0	-59.17266	1.9657761	-46.446762	-61.01078	344000	-1.9073487e-09	575.0588	-0.0009271622	-5.6523438	0.15188667	0.00055289944	0.014	79.0	314.89761090278625
86	-200.0	0.0	-200.0	-200.0	200.0	-57.618076	4.9569035	-27.49395	-62.083836	348000	-1.1444092e-08	581.2373	-0.00019353486	-6.775696	0.13376617	0.00013708914	0.006	79.0	318.59362959861755
87	-200.0	0.0	-200.0	-200.0	200.0	-58.200523	2.9294477	-44.689693	-61.377296	352000	-1.8119811e-08	578.79285	-0.00024607943	-0.4699707	0.11251816	0.00037129407	0.002	79.0	322.22003412246704
88	-200.0	0.0	-200.0	-200.0	200.0	-58.37117	2.4801712	-49.028046	-61.57423	356000	5.722046e-09	575.8901	-0.00025694276	-0.40509033	0.10593285	-0.00034792387	0.00425	79.0	325.89370584487915
89	-200.0	0.0	-200.0	-200.0	200.0	-58.246284	3.1808162	-41.406414	-62.00074	360000	-2.8610229e-08	572.229	-0.00022962951	-0.34753418	0.090923026	-0.00026607086	0.0045	79.0	329.56606888771057
90	-200.0	0.0	-200.0	-200.0	200.0	-58.237118	3.4516702	-44.52752	-62.023903	364000	-1.2397766e-08	577.2652	-0.00021541023	-2.632019	0.0973018	7.000762e-05	0.00125	79.0	333.3683936595917
91	-200.0	0.0	-200.0	-200.0	200.0	-58.145313	2.5967855	-51.91159	-61.664	368000	-7.629395e-09	575.7214	-0.00024023248	-1.0494385	0.08293385	0.0003636024	0.0035	79.0	337.240225315094
92	-200.0	0.0	-200.0	-200.0	200.0	-58.64963	2.8501668	-48.75361	-62.35191	372000	-1.2397766e-08	571.12573	-0.0004554653	-3.7091675	0.0960875	0.00020414668	0.00725	79.0	340.9001760482788
93	-200.0	0.0	-200.0	-200.0	200.0	-58.28687	4.537001	-39.68606	-62.758083	376000	-8.5830685e-09	577.4604	-0.0005456534	-5.5491943	0.07853097	0.0008570119	0.00775	79.0	344.60463547706604
94	-200.0	0.0	-200.0	-200.0	200.0	-58.04578	3.1788056	-49.26134	-62.57209	380000	-2.861023e-09	575.0413	-0.0004921436	-0.4590454	0.069664106	0.00067984354	0.0	79.0	348.3185091018677
95	-200.0	0.0	-200.0	-200.0	200.0	-58.436913	3.1048307	-44.69797	-62.23394	384000	1.9073487e-09	570.875	-0.000610878	-1.2587891	0.080972	-8.985096e-05	0.00325	79.0	351.96188402175903
96	-200.0	0.0	-200.0	-200.0	200.0	-58.45439	3.5480433	-45.672268	-62.228863	388000	1.4305114e-08	573.3477	-0.00030759146	-0.67510986	0.0871532	0.00039847486	0.00275	79.0	355.6950123310089
97	-200.0	0.0	-200.0	-200.0	200.0	-58.348465	3.2775276	-45.249454	-62.02001	392000	6.6757204e-09	572.0599	-0.00060414604	-0.25421143	0.07320075	0.00028780854	0.004	79.0	359.34326553344727
98	-200.0	0.0	-200.0	-200.0	200.0	-58.33004	3.547193	-40.512543	-61.962288	396000	-1.8119811e-08	570.1935	-0.00044673154	-1.071228	0.06136877	-5.299711e-05	0.01075	79.0	363.15103459358215
99	-200.0	0.0	-200.0	-200.0	200.0	-57.519657	4.8246226	-38.98742	-61.911457	400000	6.6757204e-09	572.17554	-0.00017274571	-2.9927979	0.07142509	0.00031787532	0.002	79.0	366.8550887107849
100	-200.0	0.0	-200.0	-200.0	200.0	-58.616657	3.3651295	-40.72141	-62.045998	404000	-4.7683715e-09	571.6	-0.0002346115	-1.9650879	0.06380435	0.00019972248	0.005	79.0	370.53597116470337
101	-200.0	0.0	-200.0	-200.0	200.0	-58.959892	2.4378154	-41.595	-61.828835	408000	-9.536744e-10	578.19214	-0.00016261004	-3.3721313	0.074017264	0.00044936614	0.002	79.0	374.2909984588623
102	-200.0	0.0	-200.0	-200.0	200.0	-58.331	2.5979104	-52.0732	-61.259514	412000	-4.7683715e-09	573.9683	-0.00020700836	-1.2869263	0.062008187	0.0004957083	0.00875	79.0	377.9724862575531
103	-200.0	0.0	-200.0	-200.0	200.0	-58.489597	2.8275652	-48.76801	-61.577423	416000	-9.536744e-10	572.9158	-0.00012951087	-1.7590332	0.07182982	0.00011218506	0.00125	79.0	381.60876393318176
104	-200.0	0.0	-200.0	-200.0	200.0	-57.928173	3.8759043	-47.64189	-61.7156	420000	-4.7683715e-09	572.73016	-0.00042183875	-1.4136353	0.07848756	2.959609e-05	0.00225	79.0	385.24717688560486
105	-200.0	0.0	-200.0	-200.0	200.0	-58.26532	3.1498828	-50.632004	-61.669712	424000	-1.6212464e-08	573.03723	-0.00034271908	-2.0719604	0.070713654	0.00095552066	0.00025	79.0	388.96528935432434
106	-200.0	0.0	-200.0	-200.0	200.0	-58.765526	2.8324451	-50.73403	-61.76941	428000	-1.3351441e-08	575.65466	-0.00037761306	-1.3660889	0.05899575	0.00033209354	0.01025	79.0	392.58287382125854
107	-200.0	0.0	-200.0	-200.0	200.0	-57.88643	4.409739	-43.17005	-62.765633	432000	-1.9073487e-09	571.8428	-0.00016718483	-2.3010254	0.04717072	-2.7851045e-05	0.00325	79.0	396.2177767753601
108	-200.0	0.0	-200.0	-200.0	200.0	-58.365078	3.765076	-46.376274	-61.997005	436000	9.536743e-09	568.80835	-0.00044800472	-0.89678955	0.055294696	5.071926e-05	0.00125	79.0	399.9733576774597
109	-200.0	0.0	-200.0	-200.0	200.0	-58.210068	4.057461	-46.258762	-62.16783	440000	-1.1444092e-08	571.3828	-0.00015497494	-2.0720215	0.06008553	0.0002165069	0.00075	79.0	403.7068119049072
110	-200.0	0.0	-200.0	-200.0	200.0	-58.35107	3.5699174	-44.77372	-62.467487	444000	0.0	575.0901	-0.000307827	-2.3637695	0.06871487	0.000375089	0.001	79.0	407.3562436103821
111	-200.0	0.0	-200.0	-200.0	200.0	-58.05407	2.9556584	-53.019447	-61.281857	448000	-1.1444092e-08	570.3715	-0.00036294176	-3.895874	0.077341735	0.000109728935	0.005	79.0	410.99956798553467
112	-200.0	0.0	-200.0	-200.0	200.0	-58.932472	3.7552533	-49.27632	-62.31478	452000	-7.629395e-09	575.4159	-0.00023933125	-2.5054932	0.061779495	0.0004957618	0.001	79.0	414.7750916481018
113	-200.0	0.0	-200.0	-200.0	200.0	-58.191296	3.5288246	-47.681988	-62.66607	456000	9.536743e-09	575.12006	-0.00039429474	-5.366455	0.071883656	-0.0001543104	0.001	79.0	418.4560534954071
114	-200.0	0.0	-200.0	-200.0	200.0	-57.99789	3.9496765	-48.071495	-61.780373	460000	-1.9073486e-08	571.24866	-0.00035901644	-0.5422363	0.07858625	0.00015134877	0.00075	79.0	422.11532616615295
115	-200.0	0.0	-200.0	-200.0	200.0	-58.88946	3.1712527	-50.65719	-61.897514	464000	-9.536743e-09	571.8279	-0.000228755	-1.4353027	0.09084372	0.0003682499	0.00175	79.0	425.75306844711304
116	-200.0	0.0	-200.0	-200.0	200.0	-57.95134	3.1222436	-53.163532	-61.247192	468000	2.861023e-09	570.5146	-9.000778e-05	-0.43292236	0.084000655	6.0211598e-05	0.00375	79.0	429.4840712547302
117	-200.0	0.0	-200.0	-200.0	200.0	-58.3943	3.3018253	-50.76972	-61.68864	472000	-5.722046e-09	570.8682	-0.00040725517	-0.53460693	0.07705097	0.00044949187	0.00325	79.0	433.19572710990906
118	-200.0	0.0	-200.0	-200.0	200.0	-58.5775	3.5888271	-50.231064	-61.963562	476000	-9.536744e-10	572.79565	-0.00057504943	-1.0648193	0.075487986	-0.00012614095	0.00125	79.0	436.91919684410095
119	-200.0	0.0	-200.0	-200.0	200.0	-58.255054	3.4439158	-50.845413	-62.200134	480000	-6.6757204e-09	574.23035	-0.00018654823	-3.902954	0.068547115	0.00015860438	0.00175	79.0	440.5966613292694
120	-200.0	0.0	-200.0	-200.0	200.0	-58.034485	4.6422353	-41.956146	-62.03374	484000	-2.861023e-09	572.6744	-0.00039282322	-2.5483398	0.063407496	1.0631621e-05	0.00175	79.0	444.3044283390045
121	-200.0	0.0	-200.0	-200.0	200.0	-58.284893	3.3840911	-49.318626	-61.30913	488000	2.0980835e-08	569.0445	-0.0005139189	-0.9561157	0.06768457	0.00047574085	0.00075	79.0	448.04818201065063
122	-200.0	0.0	-200.0	-200.0	200.0	-58.53372	4.0506525	-37.988407	-61.799934	492000	1.0490417e-08	571.7098	-0.00024212552	-5.048523	0.070101686	0.0003094871	0.00325	79.0	451.7992784976959
123	-200.0	0.0	-200.0	-200.0	200.0	-58.276154	4.241132	-32.76935	-62.150574	496000	6.6757204e-09	570.6106	-6.6533095e-05	-1.3736572	0.06594643	-0.0002362659	0.0005	79.0	455.5181441307068
124	-200.0	0.0	-200.0	-200.0	200.0	-58.20322	3.8175304	-40.084785	-62.200134	500000	-2.861023e-09	571.1963	-0.0006106796	-4.5039062	0.064435035	0.00012523234	0.0055	79.0	459.2689688205719
125	-200.0	0.0	-200.0	-200.0	200.0	-58.700916	3.5161364	-49.22954	-61.34932	504000	-8.5830685e-09	575.85834	-0.00065656286	-2.3704834	0.06060837	-7.56461e-05	0.00475	79.0	463.0871772766113
126	-200.0	0.0	-200.0	-200.0	200.0	-59.047634	3.3264937	-41.41846	-61.875652	508000	8.5830685e-09	579.456	-0.0005934267	-5.555542	0.06999725	0.000116295996	0.0055	79.0	466.8246605396271
127	-200.0	0.0	-200.0	-200.0	200.0	-58.16639	3.778967	-43.79277	-62.408676	512000	-1.1444092e-08	569.6659	-0.0004663086	-5.005371	0.07228167	0.00015388906	0.0045	79.0	470.5708603858948
128	-200.0	0.0	-200.0	-200.0	200.0	-58.617172	3.7990077	-47.5712	-62.49335	516000	0.0	570.24414	-0.0006502285	-3.100708	0.06411925	0.00048025025	0.00475	79.0	474.32253670692444
129	-200.0	0.0	-200.0	-200.0	200.0	-58.06343	5.309031	-17.2379	-62.11414	520000	-1.1444092e-08	566.1143	-0.00044326877	-7.182373	0.061632022	0.00040757214	0.001	79.0	478.1075875759125
130	-200.0	0.0	-200.0	-200.0	200.0	-59.026756	3.377569	-46.552402	-62.26416	524000	2.861023e-09	573.40375	-0.00025538442	-3.8155518	0.0596295	-0.00024939136	0.001	79.0	481.88757586479187
131	-200.0	0.0	-200.0	-200.0	200.0	-57.869022	4.682733	-47.74447	-62.33758	528000	-6.6757204e-09	570.9103	-0.00050013827	-1.5403442	0.059199646	0.000382645	0.008	79.0	485.65138268470764
132	-200.0	0.0	-200.0	-200.0	200.0	-58.512665	3.80001	-48.548378	-62.824966	532000	-1.6212464e-08	573.90375	-0.0003221979	-3.5128784	0.04876135	0.00028845476	0.00125	79.0	489.3623888492584
133	-200.0	0.0	-200.0	-200.0	200.0	-58.499477	3.4618418	-49.25635	-61.275417	536000	-5.722046e-09	572.9194	-0.0002436819	-2.310791	0.0493912	-0.0001141389	0.00225	79.0	493.10836267471313
134	-200.0	0.0	-200.0	-200.0	200.0	-57.62707	4.255078	-47.18325	-61.135426	540000	-4.7683715e-09	576.24414	-0.0006380892	-1.5734253	0.04954269	-0.000111832145	0.003	79.0	496.8636169433594
135	-200.0	0.0	-200.0	-200.0	200.0	-58.590603	4.1232233	-47.503555	-62.04983	544000	0.0	578.094	-0.0005966625	-9.617981	0.05735132	0.0005338025	0.00475	79.0	500.6477572917938
136	-200.0	0.0	-200.0	-200.0	200.0	-58.28287	3.044105	-38.07734	-62.11075	548000	1.0490417e-08	569.16675	-0.0003680849	-4.1763916	0.059848614	7.0548e-05	0.00225	79.0	504.27118134498596
137	-200.0	0.0	-200.0	-200.0	200.0	-58.04952	4.5150733	-23.419222	-61.870396	552000	-1.0490417e-08	575.04205	-0.00020589543	-3.5493774	0.057172425	-0.00021318853	0.00125	79.0	508.05303263664246
138	-200.0	0.0	-200.0	-200.0	200.0	-58.45416	3.0032134	-45.95042	-62.458885	556000	9.536743e-09	574.84186	-0.0002712021	-3.5507812	0.057649184	0.00036392576	0.00675	79.0	511.7151463031769
139	-200.0	0.0	-200.0	-200.0	200.0	-58.511738	3.015866	-53.36047	-61.617012	560000	-1.525879e-08	575.17426	-0.00033237744	-3.2752686	0.054042436	0.00038684107	0.00325	79.0	515.4492149353027
140	-200.0	0.0	-200.0	-200.0	200.0	-58.700775	3.1172721	-53.269577	-61.015694	564000	-1.3351441e-08	577.046	-0.00010659122	-1.7382812	0.062282953	0.0002232964	0.0025	79.0	519.1323597431183
141	-200.0	0.0	-200.0	-200.0	200.0	-58.390484	2.5925262	-52.906307	-60.37646	568000	-9.536743e-09	572.66565	-0.00019952774	-1.3897705	0.06382903	-0.00044494212	0.00125	79.0	522.8886260986328
142	-200.0	0.0	-200.0	-200.0	200.0	-58.13914	2.9443758	-51.60223	-60.940105	572000	-1.9073487e-09	571.0404	-0.000324687	-2.2584229	0.06364083	2.2937058e-06	0.0025	79.0	526.5627341270447
143	-200.0	0.0	-200.0	-200.0	200.0	-58.293163	4.1198964	-42.678883	-62.28872	576000	-1.7166137e-08	570.37683	-0.0004125328	-2.3284302	0.053175073	-6.175125e-05	0.0015	79.0	530.2915279865265
144	-200.0	0.0	-200.0	-200.0	200.0	-58.52572	4.3804474	-33.114887	-61.752197	580000	4.7683715e-09	574.5888	-0.0006134014	-2.413147	0.05994926	0.0005575341	0.00575	79.0	533.9932498931885
145	-200.0	0.0	-200.0	-200.0	200.0	-58.702305	2.6440535	-46.984474	-61.340992	584000	-1.1444092e-08	574.93317	-0.0003577633	-0.67523193	0.049402017	0.00027264	0.0015	79.0	537.5949776172638
146	-200.0	0.0	-200.0	-200.0	200.0	-57.91801	4.856299	-16.455988	-61.308357	588000	-1.3351441e-08	573.2943	-0.00012943934	-3.9383545	0.04748726	0.0005050821	0.0005	79.0	541.2194788455963
147	-200.0	0.0	-200.0	-200.0	200.0	-58.89903	2.6777048	-52.61495	-61.713303	592000	3.8146974e-09	574.98737	-0.00038705824	-4.944641	0.039671857	0.00014626837	0.00225	79.0	544.8781340122223
148	-200.0	0.0	-200.0	-200.0	200.0	-58.282974	3.880121	-47.358067	-62.170765	596000	2.3841858e-08	567.0868	-8.978844e-05	-0.23760986	0.03958508	0.00019117928	0.0005	79.0	548.5155174732208
149	-200.0	0.0	-200.0	-200.0	200.0	-58.08764	4.0898476	-41.140675	-62.063572	600000	9.536744e-10	574.19714	-0.00034552097	-6.119873	0.032992624	0.00031736636	0.00325	79.0	552.1878840923309
150	-200.0	0.0	-200.0	-200.0	200.0	-57.925163	3.926377	-49.178593	-62.01826	604000	-1.525879e-08	571.897	-0.00015808486	-3.5612183	0.02673738	4.966736e-05	0.001	79.0	555.912425994873
151	-200.0	0.0	-200.0	-200.0	200.0	-59.048897	3.4934676	-52.824917	-62.50312	608000	1.9073487e-09	574.38135	-0.00023620891	-2.3573608	0.022327583	0.00010933423	0.00125	79.0	559.8902668952942
152	-200.0	0.0	-200.0	-200.0	200.0	-58.10717	3.7239745	-53.1577	-62.445347	612000	1.3351441e-08	572.4334	-0.00027125265	-3.7178345	0.021866485	-5.6417226e-05	0.00075	79.0	563.656094789505
153	-200.0	0.0	-200.0	-200.0	200.0	-58.399002	3.7511487	-44.143238	-61.89968	616000	-5.722046e-09	570.95087	-0.00023916054	-3.0944824	0.023348387	0.0003916105	0.001	79.0	567.3714215755463
154	-200.0	0.0	-200.0	-200.0	200.0	-58.290306	3.7485611	-51.879642	-62.358204	620000	-5.722046e-09	571.51587	-9.0810776e-05	-3.1240845	0.027557373	0.00010754752	0.00075	79.0	571.1155660152435
155	-200.0	0.0	-200.0	-200.0	200.0	-58.92235	4.492654	-38.961082	-62.3267	624000	1.525879e-08	576.444	-0.0002052269	-3.0267944	0.023077108	0.00013281942	0.001	79.0	574.8256261348724
156	-200.0	0.0	-200.0	-200.0	200.0	-58.452904	4.0427775	-48.878754	-63.03531	628000	1.9073487e-09	571.4929	-0.00016166973	-5.194336	0.019202035	4.7400834e-05	0.0005	79.0	578.5837638378143
157	-200.0	0.0	-200.0	-200.0	200.0	-58.48167	3.827896	-48.672394	-61.637875	632000	-1.4305114e-08	574.117	-0.00012255002	-3.4926758	0.020320246	0.00051923713	0.0005	79.0	582.2949948310852
158	-200.0	0.0	-200.0	-200.0	200.0	-58.206196	4.2151413	-14.4168	-62.386646	636000	-7.629395e-09	565.12573	-0.0002328167	-1.8670044	0.024052124	-0.00019330716	0.00475	79.0	585.94837474823
159	-200.0	0.0	-200.0	-200.0	200.0	-58.646545	3.3073502	-50.431355	-62.145664	640000	2.861023e-09	573.28577	-0.00013615037	-0.8121338	0.027482513	7.886827e-05	0.00075	79.0	589.6914176940918
160	-200.0	0.0	-200.0	-200.0	200.0	-58.016712	3.9521468	-35.92708	-62.09673	644000	1.9073487e-09	571.1796	-0.00019921016	-1.9385376	0.023374598	7.45188e-05	0.0035	79.0	593.3802704811096
161	-200.0	0.0	-200.0	-200.0	200.0	-58.627247	3.7781904	-50.968163	-62.414566	648000	-2.0980835e-08	571.33856	-0.00013606739	-0.9824829	0.019925464	1.36197805e-05	0.00025	79.0	597.0342845916748
162	-200.0	0.0	-200.0	-200.0	200.0	-58.094444	4.1280913	-44.30788	-62.377087	652000	-1.2397766e-08	571.27826	-0.00021913624	-1.2945557	0.022818139	-1.0948777e-05	0.0015	79.0	600.6633591651917
163	-200.0	0.0	-200.0	-200.0	200.0	-58.932056	3.4004083	-48.48778	-61.802414	656000	8.5830685e-09	577.93964	-0.00023941517	-5.286133	0.018751735	7.331562e-05	0.0005	79.0	604.2925245761871
164	-200.0	0.0	-200.0	-200.0	200.0	-58.600033	3.9652376	-49.770878	-63.138943	660000	-1.4305114e-08	571.8596	-7.481575e-05	-1.3782959	0.020718686	0.00018786073	0.00125	79.0	607.9239649772644
165	-200.0	0.0	-200.0	-200.0	200.0	-57.79031	4.928709	-48.509335	-62.7101	664000	-7.629395e-09	573.9678	-7.069492e-05	-3.102478	0.018365692	0.00029580545	0.00175	79.0	611.5951457023621
166	-200.0	0.0	-200.0	-200.0	200.0	-58.19696	3.3446205	-51.24821	-61.26938	668000	1.9073487e-09	571.28564	-6.776428e-05	-0.73553467	0.015361639	-0.00010853529	0.0005	79.0	615.3029463291168
167	-200.0	0.0	-200.0	-200.0	200.0	-58.53215	3.8673346	-51.429462	-62.12065	672000	-1.7166137e-08	572.11835	-5.8834074e-05	-0.8979492	0.012819645	0.00015262426	0.0005	79.0	619.0280618667603
168	-200.0	0.0	-200.0	-200.0	200.0	-58.461025	3.83054	-50.698257	-62.397038	676000	-1.1444092e-08	572.1547	-0.00014101696	-0.34033203	0.010737482	0.00011223876	0.0005	79.0	622.742075920105
169	-200.0	0.0	-200.0	-200.0	200.0	-58.098328	3.872131	-50.834377	-62.12782	680000	-1.0490417e-08	572.0148	-8.8828085e-05	-0.6954956	0.012899335	-6.859505e-05	0.0005	79.0	626.4696414470673
170	-200.0	0.0	-200.0	-200.0	200.0	-58.588005	3.818163	-50.66985	-62.396236	684000	-1.2397766e-08	571.9178	-0.0002090454	-1.3257446	0.011247271	1.2536645e-05	0.00125	79.0	630.2234973907471
171	-200.0	0.0	-200.0	-200.0	200.0	-58.16419	3.7055728	-49.10442	-62.15012	688000	1.525879e-08	573.03546	-0.00010332394	-0.9467163	0.009045941	-5.0876974e-05	0.00075	79.0	633.9643881320953
172	-200.0	0.0	-200.0	-200.0	200.0	-58.308765	3.1611145	-52.45471	-61.86836	692000	2.002716e-08	572.1834	-2.4032593e-07	-1.6085815	0.0061053885	-1.1510491e-05	0.0	79.0	637.6526188850403
173	-200.0	0.0	-200.0	-200.0	200.0	-58.504436	3.370693	-50.782692	-61.92211	696000	2.193451e-08	571.5226	-5.2126885e-05	-1.8430786	0.00599892	1.3261676e-05	0.0005	79.0	641.2729589939117
174	-200.0	0.0	-200.0	-200.0	200.0	-58.253544	3.2673237	-52.12965	-61.913708	700000	1.3351441e-08	572.3911	-2.7700424e-05	-1.960022	0.0045290254	-3.5727023e-06	0.0	79.0	644.894073009491
175	-200.0	0.0	-200.0	-200.0	200.0	-58.24396	3.7645614	-48.248333	-61.967213	704000	-3.8146974e-09	573.29016	-0.00028062344	-1.8951416	0.0051076985	-4.8157213e-05	0.00075	79.0	648.5316679477692
176	-200.0	0.0	-200.0	-200.0	200.0	-58.223526	3.3158395	-52.26066	-61.889404	708000	-3.8146974e-09	572.3077	-6.69775e-05	-0.44030762	0.0058816844	0.0001348778	0.00075	79.0	652.1764724254608
177	-200.0	0.0	-200.0	-200.0	200.0	-58.119656	3.6027534	-48.543175	-62.13436	712000	-1.3351441e-08	571.7129	-9.0316775e-05	-1.8185425	0.0042947857	0.00017148913	0.00075	79.0	655.8071413040161
178	-200.0	0.0	-200.0	-200.0	200.0	-58.261787	4.0349116	-44.286697	-62.183292	716000	4.7683715e-09	570.5548	-1.9073485e-09	-0.25109863	0.0028589233	-1.4007091e-07	0.0	79.0	659.4400858879089
179	-200.0	0.0	-200.0	-200.0	200.0	-58.663704	3.6495242	-48.410583	-62.11221	720000	1.9073487e-09	571.99115	-6.6757204e-09	-0.42077637	0.0028498454	-1.18136406e-07	0.0	79.0	663.0674872398376
180	-200.0	0.0	-200.0	-200.0	200.0	-58.748264	3.3606718	-48.5603	-62.18862	724000	-1.3351441e-08	571.8231	-1.2397766e-08	-0.48236084	0.0028375827	-1.7213821e-07	0.0	79.0	666.6417343616486
181	-200.0	0.0	-200.0	-200.0	200.0	-58.40073	3.4164052	-48.12865	-61.97698	728000	-1.9073486e-08	570.6605	-3.0078887e-05	-0.2232666	0.002835238	5.025804e-05	0.00025	79.0	670.1117312908173
182	-200.0	0.0	-200.0	-200.0	200.0	-57.93273	4.154396	-46.642418	-62.10553	732000	-4.7683715e-09	573.58405	-2.065754e-05	-3.1938477	0.0023456486	2.47401e-05	0.00025	79.0	673.6093997955322
183	-200.0	0.0	-200.0	-200.0	200.0	-58.27134	3.4580882	-48.43723	-61.841797	736000	-6.6757204e-09	571.61914	-4.7683715e-09	-2.7600098	0.0018582528	-1.5878678e-07	0.0	79.0	677.0998437404633
184	-200.0	0.0	-200.0	-200.0	200.0	-58.533134	3.093634	-54.60597	-61.55305	740000	-3.8146974e-09	572.70074	-5.677509e-05	-1.1708374	0.0018519531	-2.9758095e-05	0.00025	79.0	680.5881049633026
185	-200.0	0.0	-200.0	-200.0	200.0	-58.28219	3.2596927	-54.378258	-62.004074	744000	-1.9073487e-09	571.10126	-3.71933e-08	-0.2774048	0.0025830807	-1.3774634e-06	0.0	79.0	684.1503765583038
186	-200.0	0.0	-200.0	-200.0	200.0	-58.28945	3.4181254	-53.272755	-62.019268	748000	2.4795533e-08	572.3446	-1.525879e-08	-0.269104	0.0025787535	-8.647442e-07	0.0	79.0	687.6716754436493
187	-200.0	0.0	-200.0	-200.0	200.0	-58.237194	3.4578109	-54.50411	-62.158466	752000	2.2888184e-08	572.08044	-3.357315e-05	-0.18890381	0.0025734755	2.5182486e-05	0.00025	79.0	691.1127054691315
188	-200.0	0.0	-200.0	-200.0	200.0	-58.379936	3.412602	-54.246418	-62.044453	756000	9.536743e-09	570.511	-1.5258788e-08	-0.11651611	0.0019288176	-4.9889087e-07	0.0	79.0	694.5976922512054
189	-200.0	0.0	-200.0	-200.0	200.0	-58.201283	3.565791	-53.304985	-62.077206	760000	-7.629395e-09	571.4516	-1.5273095e-05	-1.3962402	0.0019311911	6.18372e-05	0.00025	79.0	698.0709111690521
190	-200.0	0.0	-200.0	-200.0	200.0	-58.279446	4.07756	-47.73432	-62.46849	764000	7.629395e-09	570.553	0.0	-4.2091064	0.001646283	-3.7264823e-07	0.0	79.0	701.539938211441
191	-200.0	0.0	-200.0	-200.0	200.0	-59.24483	4.1972103	-47.763283	-62.423565	768000	8.5830685e-09	580.0842	-4.7541616e-05	-9.2352295	0.0016372259	6.729495e-05	0.00025	79.0	705.0344784259796
192	-200.0	0.0	-200.0	-200.0	200.0	-58.12913	3.6606333	-51.954205	-62.3316	772000	1.2397766e-08	571.4474	-9.536745e-10	-1.1688232	0.0011615385	-1.4841557e-07	0.0	79.0	708.4758841991425
193	-200.0	0.0	-200.0	-200.0	200.0	-58.109436	4.0245347	-49.313423	-62.104168	776000	3.051758e-08	572.3552	2.8610216e-09	-1.1087036	0.0011645005	1.502037e-08	0.0	79.0	711.9498715400696
194	-200.0	0.0	-200.0	-200.0	200.0	-58.648926	3.2706423	-52.170113	-62.090073	780000	-1.9073487e-09	571.2121	-1.23977655e-08	-1.0585327	0.0011555242	-1.3244151e-07	0.0	79.0	715.4191682338715
195	-200.0	0.0	-200.0	-200.0	200.0	-58.10044	3.951788	-50.727364	-62.327843	784000	1.9073487e-09	571.33167	-5.722046e-09	-0.9616699	0.0011586854	-7.808208e-08	0.0	79.0	718.8826730251312
196	-200.0	0.0	-200.0	-200.0	200.0	-58.184273	3.9721792	-50.818024	-62.461617	788000	-1.9073486e-08	572.63306	-1.907349e-09	-0.6362915	0.0011599669	-1.8119811e-08	0.0	79.0	722.2441630363464
197	-200.0	0.0	-200.0	-200.0	200.0	-58.360687	3.7478645	-51.451717	-62.493603	792000	1.9073487e-09	571.2902	-9.536744e-10	-0.78448486	0.0011582959	-1.513958e-08	0.0	79.0	725.5460340976715
198	-200.0	0.0	-200.0	-200.0	200.0	-58.478836	3.3808212	-52.14891	-62.032814	796000	6.6757204e-09	571.8856	-4.760456e-05	-1.2459717	0.0011549855	-0.0001161902	0.00025	79.0	728.8905618190765
199	-200.0	0.0	-200.0	-200.0	200.0	-58.406757	3.64135	-51.11773	-61.726902	800000	1.0490417e-08	571.3333	-6.375599e-05	-1.8925781	0.0015857721	0.0002440523	0.0005	79.0	732.1580865383148
