Epoch	AverageEpRet	StdEpRet	MaxEpRet	MinEpRet	EpLen	AverageVVals	StdVVals	MaxVVals	MinVVals	TotalEnvInteracts	LossPi	LossV	DeltaLossPi	DeltaLossV	Entropy	KL	ClipFrac	StopIter	Time
0	-1203.1615	223.4041	-939.2142	-1692.5997	200.0	-0.13355504	0.13102375	0.090887114	-0.35992637	4000	-3.8528444e-07	140109.55	-0.006044375	-5757.3594	0.91893786	0.0046254825	0.0495	79.0	3.847191095352173
1	-1178.4438	235.88113	-899.0296	-1745.7936	200.0	-8.406406	1.0281109	-6.081211	-9.801629	8000	-9.775162e-08	132562.44	-0.004322522	-5094.7812	0.90991217	0.00327072	0.0495	79.0	7.624180316925049
2	-1095.926	139.37038	-895.28424	-1362.2427	200.0	-16.533928	0.13531308	-16.219799	-16.78454	12000	-1.3351441e-08	105991.85	-0.0044762	-3372.7656	0.87922454	0.00425506	0.037	79.0	11.711549758911133
3	-1097.8147	139.1697	-899.84607	-1523.0859	200.0	-22.434563	0.050618205	-22.320944	-22.52611	16000	-1.2016297e-07	102191.96	-0.0045504738	-3012.3125	0.8895802	0.0044472176	0.035	79.0	15.475714921951294
4	-1125.9283	194.16489	-853.6215	-1476.4763	200.0	-27.868116	0.03169491	-27.798916	-27.918327	20000	1.745224e-07	106438.055	-0.0049325097	-3101.7812	0.8782275	0.0037163894	0.041	79.0	19.3498215675354
5	-1101.4905	185.90529	-900.53204	-1650.7543	200.0	-33.31947	0.018770082	-33.271637	-33.35133	24000	1.039505e-07	97777.03	-0.004060539	-2769.461	0.8740693	0.0033140993	0.027	79.0	23.83728265762329
6	-1083.8726	168.14148	-820.7683	-1500.7189	200.0	-38.47992	0.01546105	-38.438244	-38.50371	28000	-1.3542176e-07	91933.05	-0.0050154915	-2635.7266	0.88373035	0.007041066	0.04775	79.0	27.7061185836792
7	-1074.694	218.07303	-770.1115	-1528.8812	200.0	-43.520153	0.009919313	-43.49467	-43.53526	32000	-2.002716e-08	87572.305	-0.004121326	-2406.7578	0.8797533	0.0031922944	0.04475	79.0	32.30026888847351
8	-994.69104	168.75554	-753.5766	-1398.6378	200.0	-48.363213	0.0064001284	-48.34694	-48.376545	36000	9.536743e-08	71483.91	-0.0068638297	-2027.3906	0.84970033	0.00599617	0.06175	79.0	36.09060335159302
9	-1054.8167	304.92606	-719.0352	-1779.1119	200.0	-52.862125	0.0058313236	-52.84702	-52.87105	40000	-8.678436e-08	84573.02	-0.0037187028	-2226.3984	0.8409522	0.0033046622	0.03325	79.0	39.80492401123047
10	-1043.9342	238.91115	-732.8311	-1526.1282	200.0	-57.576782	0.0044904887	-57.565086	-57.584393	44000	1.525879e-08	77288.69	-0.0052211666	-2191.9062	0.83980024	0.0060268925	0.0465	79.0	43.66080403327942
11	-1117.6747	254.90883	-749.86365	-1681.5562	200.0	-62.301727	0.00454101	-62.284504	-62.30705	48000	-5.8174134e-08	86277.3	-0.0032148743	-2340.4766	0.8662568	0.0035376332	0.0325	79.0	47.45964813232422
12	-987.0077	176.75584	-737.6038	-1336.6426	200.0	-67.19172	0.004372469	-67.17968	-67.19863	52000	-1.8501282e-07	61170.523	-0.003491046	-1722.7188	0.8807394	0.004085831	0.04575	79.0	51.1961727142334
13	-1059.9713	227.24405	-764.5605	-1661.7104	200.0	-71.47197	0.00344974	-71.464134	-71.47699	56000	5.1498414e-08	72915.234	-0.0034157066	-1976.125	0.8633594	0.0032669827	0.0245	79.0	55.043832540512085
14	-979.312	182.39784	-758.77826	-1392.5228	200.0	-76.030235	0.003111797	-76.02353	-76.03526	60000	8.5353854e-08	57984.49	-0.00658782	-1626.3594	0.86350197	0.0087186815	0.05625	79.0	58.82286071777344
15	-1002.3835	178.14844	-758.7757	-1355.8007	200.0	-80.24689	0.0027068735	-80.24085	-80.251015	64000	-3.242493e-08	57451.465	-0.004998195	-1579.8789	0.87974507	0.004641567	0.04075	79.0	62.53591728210449
16	-971.3918	158.70093	-766.38	-1454.2416	200.0	-84.42144	0.0022474243	-84.41626	-84.425476	68000	-6.484986e-08	52211.84	-0.0054609915	-1510.5469	0.8835889	0.007058964	0.04875	79.0	66.39720606803894
17	-1043.5045	224.72641	-758.0051	-1512.9133	200.0	-88.5491	0.0021450727	-88.54432	-88.55232	72000	1.4305114e-08	61884.574	-0.0043027746	-1721.7617	0.87544966	0.005025657	0.04375	79.0	70.11261081695557
18	-968.32434	145.96344	-755.8843	-1253.8899	200.0	-92.97042	0.001854481	-92.96569	-92.97365	76000	9.8228455e-08	46531.223	-0.004603594	-1369.957	0.8594344	0.00228011	0.0285	79.0	73.92296075820923
19	-966.7157	175.8155	-665.9238	-1309.7574	200.0	-96.99471	0.0016641653	-96.991234	-96.997574	80000	1.1062622e-07	46933.22	-0.0046689264	-1358.4375	0.8616049	0.0062469025	0.0435	79.0	77.73994255065918
20	-962.3543	179.37311	-752.77966	-1327.0043	200.0	-101.01491	0.0014469104	-101.01169	-101.01727	84000	-1.4305114e-08	45074.742	-0.00589136	-1245.1289	0.8445873	0.0053112204	0.0525	79.0	81.52991199493408
21	-976.82294	249.63878	-628.2434	-1554.943	200.0	-104.91573	0.001393246	-104.91271	-104.917786	88000	6.771088e-08	48624.695	-0.003980655	-1259.832	0.82700884	0.0061946106	0.04075	79.0	85.45581102371216
22	-978.5565	243.63206	-731.8631	-1601.5305	200.0	-108.869156	0.0012763082	-108.866455	-108.87108	92000	1.01089476e-07	47373.04	-0.0035387233	-1294.0977	0.8209404	0.0037381654	0.028	79.0	89.91841053962708
23	-956.70166	208.67377	-625.50244	-1399.3153	200.0	-112.91453	0.0011956501	-112.91208	-112.91628	96000	-9.918213e-08	42683.938	-0.0044363854	-1150.2617	0.81415516	0.0064112176	0.04425	79.0	93.73623919487
24	-1077.4304	233.6066	-773.91144	-1658.5259	200.0	-116.78428	0.0010630497	-116.78109	-116.785576	100000	-1.9073486e-08	55504.832	-0.004866322	-1514.3203	0.80219835	0.0051649064	0.041	79.0	97.48044204711914
25	-978.40857	261.94748	-623.97064	-1701.0673	200.0	-121.210014	0.0011365215	-121.20754	-121.21154	104000	4.7683717e-08	44318.91	-0.003932994	-1149.2695	0.82019275	0.0046211565	0.05675	79.0	101.23625206947327
26	-1014.54803	281.92535	-639.89825	-1609.5105	200.0	-125.163	0.0010314151	-125.16043	-125.16435	108000	-4.7683715e-09	49047.895	-0.0039883107	-1225.1836	0.7981548	0.0037339616	0.0265	79.0	104.96507239341736
27	-1020.96545	208.02852	-728.06195	-1439.818	200.0	-129.23657	0.00095973216	-129.23412	-129.2378	112000	-4.9591065e-08	43665.242	-0.006217676	-1188.7539	0.7891694	0.0052520917	0.0465	79.0	108.70113778114319
28	-972.548	224.01054	-631.77844	-1361.0612	200.0	-133.29773	0.0010461048	-133.2954	-133.29909	116000	3.71933e-08	38234.062	-0.0043481626	-933.3086	0.7844141	0.006802633	0.0725	79.0	112.48380970954895
29	-921.25684	232.30733	-651.8995	-1449.0911	200.0	-136.95676	0.0010821277	-136.95453	-136.9583	120000	-9.536744e-10	32256.953	-0.0052226693	-778.6914	0.74767095	0.0047391946	0.0365	79.0	116.21658253669739
30	-957.11755	228.52136	-632.55585	-1479.0769	200.0	-140.33322	0.0010175525	-140.33089	-140.33452	124000	8.010864e-08	35490.465	-0.0048677265	-763.9531	0.7420522	0.007913445	0.057	79.0	119.93379878997803
31	-883.25214	174.46979	-630.7617	-1281.268	200.0	-143.70444	0.0010749598	-143.70242	-143.70602	128000	-1.0490417e-08	25780.441	-0.0042261262	-552.1465	0.755155	0.006534354	0.042	79.0	123.6396541595459
32	-895.5419	140.85718	-744.98315	-1189.5259	200.0	-146.64024	0.0009884415	-146.63821	-146.6417	132000	2.2888184e-08	24842.21	-0.0051139086	-563.3789	0.73801166	0.0050073285	0.05225	79.0	127.46517443656921
33	-876.7664	204.31804	-543.69855	-1352.6743	200.0	-149.61623	0.001002272	-149.61409	-149.61763	136000	-1.2397766e-08	24406.914	-0.005826349	-471.83008	0.7074737	0.0044721575	0.045	79.0	131.36082935333252
34	-907.049	184.16696	-637.9012	-1291.1304	200.0	-152.39928	0.00097176514	-152.39743	-152.40057	140000	-3.8146974e-09	25014.357	-0.005153918	-529.2949	0.7041557	0.0039748363	0.04925	79.0	135.20398449897766
35	-869.04816	161.81827	-627.4289	-1236.0142	200.0	-155.3643	0.00094557443	-155.36249	-155.36569	144000	-1.8119811e-08	21026.232	-0.0043030786	-458.87305	0.6987693	0.0058541205	0.0385	79.0	138.9530234336853
36	-946.3158	259.96286	-578.20593	-1726.8206	200.0	-158.1888	0.0009547037	-158.18675	-158.18999	148000	-2.4795533e-08	31533.328	-0.008219219	-630.9961	0.6987812	0.010491721	0.06025	79.0	142.7536804676056
37	-941.4823	262.2648	-627.05853	-1765.8517	200.0	-161.50197	0.0010139436	-161.49962	-161.50322	152000	4.482269e-08	30666.441	-0.004537387	-591.66406	0.7382558	0.004792072	0.04525	79.0	146.58073687553406
38	-942.2297	246.06783	-629.67975	-1481.9286	200.0	-164.7869	0.0010783465	-164.78458	-164.78813	156000	4.7683717e-08	28703.615	-0.007958186	-530.35156	0.72354937	0.004825429	0.061	79.0	150.30415177345276
39	-984.90314	209.05763	-713.17975	-1347.6589	200.0	-167.94	0.0011637037	-167.93707	-167.94128	160000	4.2915346e-08	29990.182	-0.003625265	-650.9219	0.720169	0.0055414415	0.034	79.0	154.04183530807495
40	-903.45184	247.88461	-508.73376	-1497.8737	200.0	-171.44475	0.001250764	-171.4417	-171.44629	164000	1.525879e-08	24693.646	-0.006349637	-382.9297	0.7344868	0.0066288332	0.062	79.0	157.9109935760498
41	-781.65894	173.96408	-527.58545	-1249.9397	200.0	-174.23402	0.0012155231	-174.23158	-174.23587	168000	3.051758e-08	14933.3	-0.0045433566	-153.66211	0.7229387	0.00605305	0.04575	79.0	161.7372169494629
42	-804.53644	180.8368	-613.15656	-1385.916	200.0	-176.05627	0.0012814751	-176.0535	-176.0581	172000	-5.3405763e-08	15199.984	-0.00491778	-144.67676	0.69014686	0.0038940944	0.04175	79.0	165.51985049247742
43	-804.3656	142.94254	-623.6837	-1163.376	200.0	-177.80147	0.0013499616	-177.7983	-177.80336	176000	-8.5830685e-09	14391.931	-0.005108562	-131.2373	0.67593455	0.0018987537	0.05	79.0	169.7766125202179
44	-851.9098	197.43553	-510.4886	-1379.7563	200.0	-179.49973	0.0015518444	-179.49585	-179.50165	180000	7.629395e-09	19431.203	-0.0061542587	-187.99219	0.66326374	0.004802644	0.0665	79.0	173.53590273857117
45	-907.2621	200.85872	-521.30646	-1317.5701	200.0	-181.54324	0.0019291082	-181.53705	-181.54526	184000	4.005432e-08	21865.207	-0.0074262163	-272.3789	0.63486016	0.0034768044	0.07	79.0	177.26237726211548
46	-827.64355	189.41823	-500.31256	-1315.0059	200.0	-184.04118	0.006518447	-184.01189	-184.04608	188000	3.8146974e-09	15829.126	-0.0052618645	-413.7871	0.59800416	0.005361932	0.059	79.0	181.07493591308594
47	-780.0031	123.15505	-617.874	-992.123	200.0	-180.7434	14.516531	-97.508675	-186.00206	192000	8.5830685e-09	11333.399	-0.003610722	-482.88965	0.6027977	0.0048824144	0.03	79.0	184.8203980922699
48	-839.5267	130.40619	-571.00836	-1165.9534	200.0	-176.64153	15.984355	-89.3968	-187.72594	196000	-2.5749207e-08	14316.248	-0.005594433	-649.666	0.6089859	0.008353268	0.07025	79.0	188.54356575012207
49	-853.65027	203.2331	-624.5992	-1495.2749	200.0	-163.90446	28.034197	-69.4431	-190.35289	200000	-8.5830685e-09	16703.088	-0.008179734	-496.6875	0.59581316	0.00828329	0.06575	79.0	192.3598074913025
50	-774.2699	156.6227	-615.30035	-1199.8583	200.0	-159.91818	29.834797	-94.438705	-193.33989	204000	1.2397766e-08	11446.731	-0.005512106	-498.05566	0.59739435	0.003202553	0.044	79.0	196.20326495170593
51	-807.1487	218.57825	-502.1694	-1361.7134	200.0	-174.40894	23.13158	-99.34062	-195.47946	208000	6.6757204e-09	14848.435	-0.005998496	-446.98633	0.5852195	0.0057891165	0.04325	79.0	200.01176929473877
52	-807.9469	151.22188	-527.99817	-1078.1462	200.0	-173.38496	27.900269	-110.71661	-197.94499	212000	5.722046e-09	12325.81	-0.0050546816	-639.6211	0.56674683	0.00581855	0.0515	79.0	203.83229112625122
53	-796.98987	175.85468	-531.28076	-1265.5392	200.0	-174.64519	29.504261	-95.712364	-200.5868	216000	-1.6212464e-08	13240.214	-0.0064410237	-999.4453	0.5709578	0.004641928	0.05725	79.0	207.76495742797852
54	-724.09375	123.90331	-500.64926	-995.3764	200.0	-159.67632	35.768154	-78.47495	-202.99098	220000	-2.3841858e-08	8640.573	-0.0038969321	-653.8037	0.57430524	0.0049912273	0.03075	79.0	211.51142358779907
55	-729.43335	141.6046	-502.4679	-1034.7424	200.0	-164.91415	31.594776	-97.35656	-204.67429	224000	-2.8610229e-08	9138.348	-0.006224747	-353.17383	0.5691607	0.006448093	0.0575	79.0	215.2979028224945
56	-759.8142	162.52017	-503.25116	-1212.4689	200.0	-174.51659	30.23651	-111.059975	-206.31563	228000	-2.002716e-08	9584.656	-0.00465973	-226.74414	0.55869234	0.004802552	0.0405	79.0	219.03790760040283
57	-796.7838	143.05542	-516.9898	-1062.8809	200.0	-174.66348	31.812157	-107.75543	-208.33977	232000	-9.536743e-09	10028.51	-0.0047135116	-610.6992	0.5455931	0.002966374	0.0355	79.0	222.73034954071045
58	-816.4658	176.6091	-519.6057	-1133.8792	200.0	-179.35916	34.867916	-83.81361	-210.97311	236000	2.3841858e-08	11915.801	-0.0071493853	-436.69824	0.5479534	0.008795583	0.083	79.0	226.54692029953003
59	-788.26776	218.90726	-589.0644	-1606.0588	200.0	-168.03368	42.52404	-95.309235	-213.88704	240000	1.525879e-08	13187.501	-0.0066473684	-648.8887	0.53675437	0.00805657	0.04825	79.0	230.3557379245758
60	-737.6185	157.00613	-499.88077	-1128.8787	200.0	-167.06232	39.145752	-96.326965	-216.52324	244000	3.4332274e-08	8588.29	-0.005871345	-234.15723	0.55380327	0.0034442754	0.0415	79.0	234.03230333328247
61	-744.7842	133.32451	-500.07812	-1103.3556	200.0	-173.03271	34.903095	-103.15488	-218.4144	248000	0.0	8525.516	-0.004904741	-324.31934	0.5656822	0.0050961603	0.055	79.0	237.7477478981018
62	-798.5432	150.44601	-519.69165	-1194.0433	200.0	-183.30775	37.040367	-109.613075	-220.29324	252000	4.863739e-08	10035.993	-0.005887461	-757.97656	0.5535688	0.003393822	0.05	79.0	241.5021255016327
63	-837.44806	282.68558	-374.8651	-1576.2599	200.0	-171.42564	49.940624	-71.33277	-222.98813	256000	-1.8119811e-08	15450.328	-0.0070732757	-682.5088	0.55386084	0.0046597286	0.062	79.0	245.3298864364624
64	-706.187	118.20011	-502.37933	-916.92676	200.0	-148.26244	50.9838	-69.47595	-226.76572	260000	1.9073487e-09	7680.091	-0.0053098034	-1235.2324	0.57348967	0.0068038483	0.049	79.0	249.10006380081177
65	-806.65405	200.94106	-393.51727	-1254.171	200.0	-182.92703	45.650772	-80.111855	-228.58475	264000	-5.722046e-09	10703.416	-0.0050292336	-793.14453	0.55449957	0.0039246236	0.04475	79.0	252.8522617816925
66	-691.53644	155.89154	-496.35422	-1075.7219	200.0	-156.46045	51.900703	-77.58787	-231.45963	268000	-3.8146974e-09	6174.8384	-0.007876822	-284.15186	0.527252	0.0069336607	0.07925	79.0	256.6716208457947
67	-648.6141	136.82375	-375.1562	-907.0496	200.0	-145.9059	50.027527	-69.476425	-233.40504	272000	6.6757204e-09	4783.604	-0.0067071733	-349.29688	0.50277615	0.007190991	0.064	79.0	260.48188757896423
68	-771.09515	206.57869	-382.8983	-1156.097	200.0	-177.16025	50.201126	-85.00286	-234.73442	276000	1.4305114e-08	9285.669	-0.0077936104	-551.2529	0.4879224	0.0068014413	0.0905	79.0	264.3706941604614
69	-725.9666	189.64796	-499.0378	-1257.8234	200.0	-152.43256	60.534214	-71.72437	-237.48062	280000	-6.198883e-09	7123.5156	-0.007262066	-332.82568	0.45084846	0.011310526	0.07975	79.0	268.14558959007263
70	-607.7081	122.34549	-376.17725	-1012.40796	200.0	-144.26228	50.447357	-82.972145	-239.81793	284000	1.3351441e-08	4918.94	-0.0052870163	-252.98535	0.43437225	0.002332178	0.046	79.0	271.99132204055786
71	-681.5166	184.26929	-491.6531	-1107.8375	200.0	-169.33585	48.60953	-95.69684	-240.75996	288000	-1.3351441e-08	5955.731	-0.0067924857	-377.8252	0.42483428	0.0056204945	0.06725	79.0	275.962614774704
72	-678.8158	167.2526	-376.35318	-958.3501	200.0	-152.40082	52.78218	-84.60418	-242.4335	292000	-6.6757204e-09	7105.8496	-0.006967159	-1179.873	0.40325558	0.007115949	0.069	79.0	279.74076318740845
73	-649.67365	155.35954	-376.9987	-1063.9314	200.0	-154.29262	57.86748	-68.902115	-244.11198	296000	2.002716e-08	5436.688	-0.006198692	-240.35156	0.37685907	0.004954689	0.047	79.0	283.5665078163147
74	-685.6956	247.3086	-251.8037	-1419.7297	200.0	-162.3593	60.0462	-78.88272	-245.40988	300000	-1.7642975e-08	8021.8335	-0.007964579	-511.39795	0.38980472	0.0062423074	0.06775	79.0	287.33297395706177
75	-613.71027	224.7089	-297.58066	-1166.5977	200.0	-139.1253	59.10209	-54.965767	-247.69482	304000	-5.722046e-09	5800.159	0.0014168272	-254.26562	0.3701947	0.019061197	0.21825	2.0	290.5652675628662
76	-518.23035	146.92911	-250.65941	-915.3061	200.0	-142.18736	55.31699	-71.68352	-249.3868	308000	-1.9073487e-09	3695.1912	-0.0062505496	-1050.3843	0.37002173	0.0058430657	0.06475	79.0	294.29871368408203
77	-593.7379	174.64923	-251.89926	-925.9411	200.0	-125.11772	68.12435	-24.388788	-250.02304	312000	-1.8119811e-08	3559.7297	-0.007257434	-539.6079	0.35793966	0.0069666463	0.06225	79.0	298.06991934776306
78	-474.9566	229.86652	-127.02025	-1141.9469	200.0	-110.7542	70.691734	-28.165005	-251.44608	316000	-5.722046e-09	2977.546	-0.010339873	-183.94751	0.35937375	0.008973152	0.0795	79.0	301.8711051940918
79	-446.201	234.43114	-130.74191	-910.71826	200.0	-107.778404	74.76516	-29.153679	-252.46529	320000	1.4305115e-09	2488.2935	-0.011408631	-671.057	0.3668826	0.0067746947	0.0995	79.0	305.7219042778015
80	-362.1418	239.14148	-123.778755	-981.8819	200.0	-71.19823	79.07638	-5.0241156	-253.31732	324000	-3.8146974e-09	1873.4967	-0.013846817	-388.771	0.3509067	0.009177535	0.09975	79.0	309.4802439212799
81	-540.5786	455.75482	-124.92383	-1687.6763	200.0	-88.72905	102.22761	2.933156	-254.04253	328000	5.2452087e-09	9579.884	-0.0069529065	-426.31934	0.32684183	0.0066102915	0.0375	79.0	313.3778760433197
82	-470.63043	326.54044	-122.953835	-1210.0303	200.0	-70.61959	93.855774	17.699774	-258.20306	332000	-5.2928925e-08	3850.1428	-0.0066663036	-208.29419	0.33021536	0.0043826946	0.0385	79.0	317.1348295211792
83	-490.51202	524.6242	-1.8620123	-1789.1622	200.0	-77.603836	104.72469	0.933208	-260.98087	336000	-4.9829485e-08	13240.998	-0.005353978	-706.5	0.35228738	0.0025464315	0.06625	79.0	320.8974778652191
84	-357.23947	380.74496	-121.98196	-1521.8162	200.0	-46.91925	83.42789	21.239664	-265.86475	340000	-2.348423e-08	4586.643	-0.0054236	-205.53662	0.3269299	0.005028406	0.04325	79.0	325.3236892223358
85	-401.6471	278.3159	-2.059132	-1061.9834	200.0	-59.34854	91.04361	11.335865	-268.70035	344000	6.198883e-09	1993.6787	-0.006464079	-113.27881	0.341353	0.0044475193	0.0385	79.0	329.1069095134735
86	-251.58298	209.24751	-1.235583	-865.3537	200.0	-37.370102	71.41314	3.393684	-270.27972	348000	-9.536744e-10	636.49945	-0.011556773	-96.24133	0.32748654	0.004549965	0.03875	79.0	332.8613500595093
87	-341.19888	266.89163	-1.4337811	-803.9285	200.0	-49.87745	85.93627	9.341539	-270.77448	352000	1.4305115e-09	1127.4105	-0.008556585	-91.54443	0.34690344	0.004283912	0.05475	79.0	336.6837959289551
88	-283.0141	315.1648	-1.9150776	-1125.2926	200.0	-38.644638	80.71385	10.753559	-271.7058	356000	3.5762786e-09	1973.5308	-0.004520171	-56.576904	0.33138692	0.0019176273	0.02525	79.0	340.49333143234253
89	-262.82922	217.42917	-1.1374457	-808.8124	200.0	-34.95894	70.617256	10.565773	-273.22806	360000	-8.46386e-09	469.4008	-0.010677327	-21.612183	0.3407478	0.0034700104	0.04675	79.0	344.27271914482117
90	-269.69592	223.27676	-2.0327094	-941.68774	200.0	-36.523384	75.36147	12.91942	-273.93716	364000	-6.6757204e-09	739.91754	-0.010923602	-57.32379	0.3547988	0.0032868427	0.05675	79.0	348.03925943374634
91	-340.47836	232.64978	-1.6964607	-716.2456	200.0	-47.229916	85.18689	13.713294	-274.52582	368000	2.861023e-09	590.6718	-0.0099914605	-23.33667	0.3787422	0.007115025	0.04825	79.0	351.80652356147766
92	-249.39018	165.70494	-1.7825807	-725.7204	200.0	-30.212704	65.5772	16.992643	-275.3761	372000	-8.702278e-09	292.9951	-0.005768029	-35.792267	0.38379544	0.0020246576	0.0395	79.0	355.5871832370758
93	-250.33493	221.89813	-1.3607982	-863.90454	200.0	-33.98096	73.61615	3.1500764	-275.70044	376000	8.34465e-09	533.97986	-0.006597967	-71.62924	0.3930752	0.0069055487	0.07225	79.0	359.40826296806335
94	-335.17902	277.60733	-1.0781096	-972.6446	200.0	-42.289196	82.940994	12.812395	-276.16986	380000	-2.9325486e-08	1296.7102	-0.0064437413	-52.500122	0.37737653	0.005343744	0.04	79.0	363.1954174041748
95	-201.7936	218.69989	-0.85914135	-767.2006	200.0	-25.038801	66.125374	5.5936728	-277.74338	384000	-5.2452087e-09	376.5835	-0.008254432	-30.228058	0.36057305	0.0034809376	0.03375	79.0	366.99057149887085
96	-314.05133	281.63348	-1.0178084	-1021.4509	200.0	-41.52088	83.263435	14.734546	-278.24228	388000	-5.00679e-09	1286.2206	-0.0082658315	-33.37268	0.36769113	0.0030144209	0.0425	79.0	370.7834646701813
97	-374.54428	263.31363	-3.5384438	-1278.8324	200.0	-49.056618	87.98939	14.814905	-279.65137	392000	1.168251e-08	1802.3711	-0.005867658	-40.52832	0.39335892	0.005013316	0.034	79.0	374.6219983100891
98	-270.60602	187.11526	-1.5731125	-661.11865	200.0	-32.840313	71.40451	6.081868	-281.2833	396000	8.8214875e-09	326.5336	-0.007981522	-34.321625	0.42727557	0.0054823295	0.0445	79.0	379.0613613128662
99	-296.7569	246.09445	-1.292999	-843.0739	200.0	-37.303703	76.973785	1.6286736	-281.98203	400000	-3.9339065e-09	781.29877	-0.0045840647	-56.63208	0.44613183	0.0036910211	0.05075	79.0	382.81078028678894
100	-328.9541	301.26547	-1.5625086	-1257.5062	200.0	-41.628735	83.43624	7.412534	-283.2199	404000	1.990795e-08	2131.0105	-0.0061767483	-64.26294	0.4293736	0.002311458	0.02625	79.0	386.57887530326843
101	-247.74162	209.95488	-1.176467	-743.94885	200.0	-31.3855	72.13386	4.7557945	-285.50284	408000	-9.536744e-10	281.2267	-0.0078079854	-36.3981	0.4471008	0.0027991151	0.03525	79.0	390.2876224517822
102	-214.78079	220.81923	-1.6273105	-828.049	200.0	-25.544235	65.93407	5.49614	-286.19562	412000	1.07288365e-08	444.2154	-0.0070204213	-19.655823	0.47101876	0.0035413397	0.0335	79.0	394.1168546676636
103	-209.07991	160.55272	-2.3358319	-762.9349	200.0	-21.797474	55.00948	7.505104	-286.94116	416000	9.536743e-09	327.671	-0.009095433	-76.03761	0.47136688	0.005494241	0.084	79.0	397.88094568252563
104	-212.6691	223.84645	-1.6165056	-897.6868	200.0	-25.438627	67.38151	2.4878178	-287.4545	420000	-3.5762786e-09	703.6213	-0.006337948	-129.78436	0.4493676	0.0018117661	0.024	79.0	401.65674662590027
105	-179.7696	165.61395	-1.3487957	-687.84015	200.0	-17.790398	50.79347	7.651302	-288.21103	424000	-1.5377998e-08	146.97516	-0.0060002967	-29.122551	0.45763862	0.0026210614	0.02875	79.0	405.44140338897705
106	-237.9023	179.98627	-1.4799433	-686.56384	200.0	-26.834799	65.36353	4.6673956	-288.93704	428000	-2.592802e-09	253.69997	-0.006419826	-23.63591	0.4491387	0.0013523701	0.039	79.0	409.251886844635
107	-315.21918	250.03764	-1.1556096	-814.8537	200.0	-38.639454	80.76244	4.73884	-289.1897	432000	-2.336502e-08	741.0144	-0.007001237	-46.912964	0.4447901	0.0037523375	0.0355	79.0	413.0773751735687
108	-187.82571	128.18661	-1.6005615	-598.6786	200.0	-18.308138	50.852524	5.770959	-290.72675	436000	-1.7404556e-08	74.58842	-0.0105371475	-19.206978	0.44673628	0.006126327	0.055	79.0	416.78514337539673
109	-266.8503	255.49545	-2.2625628	-1106.0116	200.0	-32.05227	72.66133	4.398658	-291.02646	440000	-7.7486035e-09	1086.542	-0.006847203	-56.91504	0.43550384	0.0047915997	0.04	79.0	421.27237248420715
110	-178.3735	113.37022	-1.1868024	-427.2492	200.0	-18.06352	48.30111	2.946383	-291.28458	444000	5.4836273e-09	27.00429	-0.00831774	-12.565501	0.44948873	0.0055643176	0.0715	79.0	424.97678232192993
111	-253.15092	179.1014	-2.5352378	-783.4398	200.0	-28.356123	66.22349	3.4256282	-292.46564	448000	6.198883e-09	245.68121	-0.005313971	-13.817123	0.42201203	0.0027542377	0.02825	79.0	428.70446038246155
112	-264.44464	161.46384	-1.2343243	-512.1268	200.0	-31.357773	69.72439	3.1516714	-293.1692	452000	-9.536743e-09	65.34417	-0.009639076	-12.043247	0.43482614	0.008454116	0.09625	79.0	432.7305443286896
113	-160.2874	103.64521	-0.92676795	-387.63474	200.0	-14.384224	43.47981	7.5764127	-290.37405	456000	-1.45435335e-08	24.522348	-0.0076071927	-10.831377	0.43486297	0.0038048725	0.02525	79.0	436.43571186065674
114	-237.08609	157.0673	-0.9929541	-508.05847	200.0	-26.131355	62.638252	4.0722237	-290.5553	460000	1.4305115e-09	79.93392	-0.0019005458	-13.156174	0.41743943	0.0155431675	0.154	3.0	439.67349553108215
115	-225.44612	171.52957	-0.911822	-642.19324	200.0	-23.828342	61.73959	6.411702	-292.52826	464000	0.0	201.53651	-0.006119904	-30.213913	0.41694993	0.0041554584	0.056	79.0	443.38358426094055
116	-175.36813	104.408066	-0.82781357	-451.4183	200.0	-15.465955	43.114326	9.711399	-289.27606	468000	9.059906e-09	66.06808	-0.008490581	-26.342907	0.4051858	0.007159303	0.0335	79.0	447.1853504180908
117	-175.74568	139.16003	-0.94930226	-450.70813	200.0	-17.253944	47.285065	1.0722914	-276.2316	472000	5.00679e-09	43.63274	-0.0004103092	-27.887524	0.42474097	0.019088157	0.26375	2.0	450.4482145309448
118	-195.30693	109.51326	-1.5985017	-524.424	200.0	-20.34573	52.84195	5.764786	-294.2315	476000	-2.0325183e-08	102.61928	-0.008400344	-55.246086	0.42480856	0.0035152459	0.0345	79.0	454.23876690864563
119	-243.60686	168.95435	-116.11887	-790.2044	200.0	-24.374563	59.22568	11.926363	-292.22842	480000	-1.2874604e-08	293.13803	-0.007894381	-39.439087	0.41277322	0.005715193	0.03225	79.0	458.0641565322876
120	-174.61282	74.84382	-1.7244635	-292.7944	200.0	-14.98335	40.656075	3.7718635	-266.88947	484000	7.152557e-09	49.579308	-0.006772048	-24.0236	0.425481	0.0034845392	0.02275	79.0	461.81590127944946
121	-196.00174	89.19614	-0.5936894	-393.21463	200.0	-17.121223	44.925106	6.4671016	-286.63058	488000	9.536744e-10	107.07507	-0.008767471	-38.06765	0.40784955	0.0063920924	0.07825	79.0	465.50791454315186
122	-174.61017	121.45817	-0.7898321	-392.91516	200.0	-16.416227	46.64038	3.1799278	-290.62564	492000	-5.722046e-09	55.392387	-0.01039496	-27.68665	0.3885943	0.0027840517	0.05325	79.0	469.22733974456787
123	-175.91277	122.01394	-1.479061	-563.17426	200.0	-15.870424	45.49333	3.6215606	-284.56174	496000	6.6757204e-09	78.09283	-0.0059500453	-21.917984	0.376414	0.009448926	0.08975	79.0	472.8879096508026
124	-168.82742	93.39898	-0.7918902	-385.65332	200.0	-14.170263	39.616833	4.357233	-291.6901	500000	-1.1920929e-09	23.275444	-0.008929495	-7.9366484	0.39274973	0.006728954	0.066	79.0	476.5825741291046
125	-181.85764	130.40282	-0.7400055	-453.45358	200.0	-17.97542	51.84148	3.7240882	-294.53867	504000	-3.8146974e-09	39.51173	-0.0066239997	-20.834063	0.3760798	0.004934554	0.05675	79.0	480.2644805908203
126	-204.44884	141.14357	-0.8849429	-520.24316	200.0	-19.71137	53.775566	3.6968837	-288.38187	508000	-4.053116e-09	57.849438	-0.0070934338	-19.720371	0.373759	0.007532839	0.07225	79.0	483.9210047721863
127	-176.15663	116.5413	-0.5902246	-391.9428	200.0	-16.590647	47.79283	4.2466435	-292.76074	512000	-9.179115e-09	40.443813	-0.005136931	-16.746632	0.34381104	0.0024390633	0.02925	79.0	487.58254408836365
128	-195.9791	114.2367	-0.6488084	-467.18207	200.0	-17.50519	48.392494	6.472188	-288.58487	516000	-1.6450882e-08	17.263195	-0.009148482	-5.932849	0.33138284	0.0072003133	0.0545	79.0	491.26044940948486
129	-196.95618	127.592064	-0.67844164	-494.26907	200.0	-18.82693	50.432026	2.5094337	-287.95126	520000	-4.053116e-09	43.415718	-0.010558365	-19.14249	0.3544197	0.007826587	0.0545	79.0	494.9300727844238
130	-227.30779	125.04983	-2.426801	-578.47656	200.0	-22.570395	56.43923	2.0136762	-288.3913	524000	2.6226044e-09	125.72632	-0.0055651893	-49.51793	0.35257313	0.010034061	0.1195	79.0	498.586856842041
131	-221.52036	153.70625	-0.49606493	-687.92004	200.0	-21.963688	55.92598	3.4695687	-294.63147	528000	-3.8146974e-09	143.201	-0.008502619	-7.994705	0.3450664	0.0044882908	0.0345	79.0	502.22984290122986
132	-145.4697	102.71742	-0.4868253	-405.17795	200.0	-12.651356	39.22741	3.3863692	-292.859	532000	-5.3048135e-09	22.173855	-0.0019525191	-10.260791	0.3715823	0.017119654	0.217	3.0	505.39328932762146
133	-208.58821	111.910324	-0.61821395	-515.19104	200.0	-19.681305	50.130257	2.522956	-294.32474	536000	-3.0994416e-09	72.97145	-0.0005314994	-24.47678	0.37216595	0.027050707	0.361	3.0	508.5268483161926
134	-169.09717	107.79757	-1.1901224	-398.56458	200.0	-14.82184	41.061733	3.324637	-290.1791	540000	2.026558e-09	36.035862	-0.002983887	-28.860447	0.37267044	0.01882374	0.156	4.0	511.68362641334534
135	-157.17702	80.09261	-0.9776462	-284.87363	200.0	-13.873003	40.575974	4.031754	-275.46457	544000	-1.0251999e-08	61.23168	-0.008011732	-40.1679	0.37305954	0.0045827203	0.0355	79.0	515.3255996704102
136	-168.16838	110.320076	-0.8722144	-448.5496	200.0	-13.852309	39.4494	2.6707487	-261.746	548000	1.3351441e-08	56.95793	-0.010261785	-42.90256	0.32958615	0.004726776	0.05275	79.0	518.9855723381042
137	-144.47919	100.540695	-0.8865346	-381.70868	200.0	-12.337616	38.832184	2.7279615	-291.9616	552000	-7.2717667e-09	10.254511	-0.008281802	-5.108024	0.32539785	0.010536481	0.148	79.0	522.6394233703613
138	-134.71736	98.78477	-0.6373332	-477.57294	200.0	-11.008554	38.21613	3.7265058	-292.53284	556000	1.9669534e-08	72.22636	-0.0077909054	-59.784435	0.3446995	0.0035630793	0.03775	79.0	526.3174293041229
139	-145.57776	101.904106	-0.9664599	-392.23044	200.0	-11.2544155	34.62271	6.5138283	-279.46948	560000	-1.7642975e-08	57.29175	-0.006540583	-48.05665	0.29762277	0.0035659247	0.02825	79.0	530.0023972988129
140	-160.046	94.93399	-0.5252022	-354.29764	200.0	-12.676916	38.035477	5.15081	-289.3924	564000	5.841255e-09	46.047054	-0.0062924675	-29.896845	0.31934214	0.0036957657	0.0415	79.0	533.698912858963
141	-162.3254	70.014915	-2.2938201	-268.36804	200.0	-13.861388	38.07063	2.6871724	-270.4928	568000	-1.9311905e-08	44.36203	-0.0093568545	-30.754265	0.33068812	0.004437859	0.12875	79.0	537.3503243923187
142	-145.14897	77.03533	-0.776134	-284.04282	200.0	-11.6504	35.271664	3.4672065	-238.97377	572000	2.2888184e-08	35.11236	-0.008873167	-19.032146	0.28345883	0.0018974659	0.03	79.0	541.0459198951721
143	-167.55894	97.10033	-0.76337755	-352.6401	200.0	-13.830414	39.823116	5.389783	-267.36365	576000	-1.3828277e-08	16.015957	-0.0015241882	-5.587372	0.25540736	0.016192557	0.1375	3.0	544.1956934928894
144	-170.29193	73.63709	-0.7708755	-261.67505	200.0	-14.172675	37.905354	2.112112	-224.7289	580000	-6.6757204e-09	19.351149	-0.0072340574	-11.141601	0.2549363	0.0043433188	0.05475	79.0	547.8530840873718
145	-177.02336	106.019035	-1.325512	-421.0827	200.0	-16.01703	43.600483	2.7880921	-273.77463	584000	-8.34465e-09	72.438736	-0.0029084992	-22.924118	0.27298367	0.022041075	0.30575	6.0	551.0120084285736
146	-184.27768	110.97206	-0.92770094	-479.93143	200.0	-16.520248	44.45472	5.704756	-283.0929	588000	-1.001358e-08	33.38038	-0.00858656	-21.304474	0.27344897	0.004334222	0.03125	79.0	554.6746823787689
147	-161.0192	97.78768	-1.0343987	-390.17584	200.0	-14.1969795	40.15414	1.6972356	-271.5906	592000	-4.768372e-10	10.3415	-0.010217733	-3.5169015	0.29491296	0.003702671	0.04725	79.0	558.3243217468262
148	-147.33827	100.57623	-0.7554646	-408.13193	200.0	-12.604934	39.82044	2.11805	-291.63596	596000	-1.4424324e-08	9.363891	-0.0077563208	-5.4570446	0.2550377	0.0010083427	0.025	79.0	562.0110056400299
149	-148.59299	89.081245	-0.9276656	-333.16437	200.0	-12.908738	37.619686	3.036941	-268.58847	600000	-7.867813e-09	66.11123	-0.0077256905	-39.613052	0.26109457	0.0021740869	0.02575	79.0	565.6527979373932
150	-164.11366	104.77976	-0.8812286	-301.43344	200.0	-14.293523	43.015076	6.029018	-249.7738	604000	6.6757204e-09	27.845505	-0.008624201	-19.98552	0.237442	0.0054451576	0.04125	79.0	569.354683637619
151	-156.74423	140.8578	-1.3789989	-564.95197	200.0	-13.020748	39.974445	3.4431686	-257.25366	608000	-1.2516975e-08	141.0648	-0.00668904	-107.562744	0.21707778	0.0046484214	0.0295	79.0	573.0358135700226
152	-177.94669	79.7952	-1.9279603	-335.89877	200.0	-15.560797	44.573597	1.6831245	-297.3691	612000	1.2397766e-08	45.001003	-0.0069215577	-39.314087	0.22639845	0.0030802859	0.0465	79.0	576.683102607727
153	-175.61543	104.51318	-0.66921467	-399.00192	200.0	-14.421344	40.88757	3.1161633	-267.37292	616000	0.0	56.460415	-0.011971599	-38.87817	0.20212124	0.0064964015	0.045	79.0	580.3725218772888
154	-186.03012	107.17299	-2.1117008	-491.02972	200.0	-17.233772	47.65631	1.4503231	-289.10007	620000	-3.8146974e-09	38.525944	-0.007892014	-18.812618	0.21273758	0.004180601	0.05875	79.0	584.0281569957733
155	-200.65619	104.20123	-0.6042759	-406.8864	200.0	-18.227922	46.988213	2.756268	-293.0942	624000	-2.169609e-08	27.293829	-0.010765317	-13.379428	0.19054091	0.005194287	0.047	79.0	587.6861310005188
156	-158.76578	131.9891	-0.46487924	-477.8285	200.0	-15.517241	46.596264	2.7441874	-291.83673	628000	5.722046e-09	33.029167	-0.0021152222	-22.620274	0.198885	0.01851914	0.25275	2.0	590.831089258194
157	-157.4769	84.0646	-0.7725835	-351.14642	200.0	-13.719221	40.663883	3.5999618	-284.47607	632000	1.66893e-08	84.27847	-0.0053889262	-76.91941	0.19904344	0.002568047	0.02325	79.0	594.4828794002533
158	-151.97556	103.78007	-0.9003894	-371.12543	200.0	-12.491857	38.22084	3.088122	-260.82526	636000	0.0	25.481512	-0.0027583693	-14.996555	0.182939	0.01513138	0.213	4.0	597.655216217041
159	-155.43987	103.63901	-0.69447315	-398.6815	200.0	-13.11584	39.251953	3.06456	-271.88773	640000	-1.859665e-08	16.101873	-0.0113864485	-12.353437	0.18192296	0.0070266607	0.05	79.0	601.405969619751
160	-190.05869	78.19235	-118.43351	-360.92093	200.0	-16.247444	43.81068	2.2331924	-276.17142	644000	7.1525574e-10	36.671986	-0.0096189855	-16.538422	0.18771377	0.0071130637	0.08225	79.0	605.0954840183258
161	-143.83786	74.64122	-0.33759415	-297.58484	200.0	-10.97091	33.475033	2.208807	-236.07886	648000	1.26361845e-08	13.377005	-0.010091148	-3.6859903	0.1768043	0.0065107774	0.093	79.0	608.9133043289185
162	-182.3774	76.72725	-116.493805	-372.1944	200.0	-15.618643	42.988274	1.9201584	-281.9962	652000	3.5762786e-09	34.061035	-0.0075665875	-26.275784	0.16801	0.0039321105	0.03225	79.0	612.7176723480225
163	-135.77739	58.670513	-0.48905912	-273.83997	200.0	-9.159186	31.064445	1.5695419	-245.556	656000	-8.046627e-09	33.928993	-0.0076309014	-31.390362	0.1540392	0.006019816	0.04475	79.0	616.4906787872314
164	-156.44376	110.61424	-0.21682575	-366.7778	200.0	-12.9698925	39.63406	1.6906605	-267.85962	660000	1.1444092e-08	19.203156	-0.007832665	-10.68641	0.13205627	0.005221798	0.03675	79.0	620.9895684719086
165	-142.12375	87.132904	-0.4576821	-313.53787	200.0	-11.1984825	35.40904	2.031364	-254.18697	664000	-1.001358e-08	6.952406	-0.0078058103	-4.9136295	0.13597786	0.0065035922	0.0955	79.0	625.5044910907745
166	-173.04317	122.314156	-1.0069883	-514.64496	200.0	-14.80811	42.49011	4.0932474	-276.76456	668000	9.536744e-10	65.44718	-0.013348172	-46.93155	0.12337877	0.01226323	0.06575	79.0	629.9405319690704
167	-178.73822	108.565155	-0.5051539	-400.47604	200.0	-15.901207	44.87362	3.446126	-283.82092	672000	5.00679e-09	39.164314	-0.008586186	-24.831972	0.14098738	0.006081924	0.0605	79.0	633.5558831691742
168	-183.59769	130.79715	-0.2917051	-548.40094	200.0	-16.357084	47.614136	2.5917187	-292.60785	676000	-4.053116e-09	56.047108	-0.0073022433	-18.081478	0.12546533	0.005777683	0.03075	79.0	637.1883246898651
169	-153.90091	66.29321	-0.18702665	-263.93954	200.0	-11.835263	35.58971	1.3034286	-251.74469	680000	-2.3841857e-09	12.532954	-0.010068457	-8.185633	0.12862581	0.0049724816	0.0345	79.0	640.8286917209625
170	-151.9615	114.76843	-0.1760548	-404.6233	200.0	-12.716189	40.421986	1.4472208	-283.9923	684000	8.8214875e-09	18.247807	-0.011501677	-15.82337	0.08840978	0.005918573	0.0395	79.0	644.5070779323578
171	-141.79892	79.21855	-0.2610676	-258.1318	200.0	-11.862272	36.676666	0.9261327	-227.13069	688000	4.053116e-09	30.436115	-0.009352872	-26.832035	0.07861364	0.0018935374	0.0385	79.0	648.1764495372772
172	-140.02951	78.70946	-0.123181045	-354.52658	200.0	-9.451538	31.624516	0.9027858	-214.65741	692000	1.2159347e-08	10.654	-0.011930629	-9.205524	0.04384227	0.01543336	0.067	67.0	651.7215778827667
173	-199.47537	121.74929	-0.28586465	-506.0469	200.0	-18.811419	50.55035	1.3396659	-290.59647	696000	-2.503395e-08	57.145306	-0.012037718	-40.09005	0.040446285	0.009922854	0.04275	79.0	655.3799748420715
174	-194.06528	93.76345	-0.12482541	-378.9637	200.0	-17.437206	47.26026	1.4909477	-286.63315	700000	4.4107438e-09	43.67548	-0.008676139	-25.294453	0.0462623	0.00473511	0.0375	79.0	659.0314586162567
175	-152.70763	84.27142	-0.15281919	-251.47916	200.0	-11.686918	34.803677	1.7084813	-198.58736	704000	1.5974045e-08	19.853395	-0.007366922	-12.033966	0.0524263	0.004945797	0.03775	79.0	662.6529543399811
176	-154.89822	69.84255	-0.61639565	-267.6274	200.0	-12.406818	35.31594	2.8179302	-247.85013	708000	5.4836273e-09	52.343697	-0.0078043235	-46.306183	0.04947706	0.0016732921	0.04475	79.0	666.2918932437897
177	-141.61392	80.70697	-2.1302772	-259.39536	200.0	-10.547122	33.48038	1.7110658	-208.10669	712000	-1.1920929e-09	11.017346	-0.004034307	-10.03806	0.066155955	0.007264677	0.0655	79.0	669.9860332012177
178	-131.45108	84.75605	-0.30126742	-276.33096	200.0	-10.297	33.90694	2.5919333	-236.70406	716000	5.2452087e-09	6.646555	-0.008298374	-4.4445906	0.05893609	0.001268051	0.025	79.0	673.711029291153
179	-123.73716	80.66664	-0.38738033	-259.39307	200.0	-8.084599	28.966238	4.2937694	-218.51526	720000	2.0980835e-08	33.639423	-0.007850048	-29.661194	0.05484107	0.0026223676	0.04825	79.0	677.3418228626251
180	-154.16336	108.91036	-0.29516175	-471.3519	200.0	-12.33514	39.18757	3.2066336	-266.88092	724000	6.3180923e-09	41.133842	-0.010661048	-33.98619	0.033432063	0.0052922717	0.03075	79.0	680.9060592651367
181	-167.90807	99.2232	-0.1311593	-479.06424	200.0	-13.758629	42.108818	0.95359087	-298.11917	728000	-5.3644182e-09	47.388382	-0.007700226	-25.50021	0.02699089	0.005202216	0.039	79.0	684.3605244159698
182	-140.35005	86.53773	-0.2024408	-326.4718	200.0	-10.860591	35.287365	3.8719234	-284.44104	732000	-1.692772e-08	17.12796	-0.008705841	-6.0411673	0.016682738	0.0056230486	0.042	79.0	687.8656177520752
183	-121.986145	76.52819	-0.2658175	-253.39314	200.0	-8.751804	28.98867	1.4240804	-209.24562	736000	2.2649764e-09	37.49265	-0.0051161186	-35.006054	0.003842712	0.016158778	0.21525	9.0	690.9895565509796
184	-146.2927	100.60663	-0.19916268	-379.76367	200.0	-10.681581	35.202896	2.278006	-247.50699	740000	5.4836273e-09	24.978348	-0.009028986	-21.606064	0.0018696785	0.005850479	0.0345	79.0	694.5341672897339
185	-177.87973	118.77636	-0.20562212	-368.677	200.0	-15.937174	45.931835	1.3430076	-288.09113	744000	1.0967255e-08	32.41915	-0.0059205377	-20.20839	0.021351244	0.0061525134	0.038	79.0	698.0999720096588
186	-172.40231	81.30614	-1.0302346	-349.1903	200.0	-13.39591	40.22733	0.7312584	-280.95575	748000	1.2725591e-08	30.976564	-0.0077368733	-28.97229	0.0222466	0.0042423294	0.0305	79.0	701.6440453529358
187	-145.52289	83.16058	-0.16925356	-370.473	200.0	-10.593984	33.290176	0.37688446	-243.51294	752000	2.1100044e-08	23.434782	-0.0061702062	-13.065924	0.0076229563	0.0039114207	0.0355	79.0	705.2129616737366
188	-157.19495	108.80432	-0.1776052	-424.63223	200.0	-13.103568	38.72963	0.54688454	-266.04483	756000	-2.6941299e-08	36.59848	-0.010836681	-30.224617	0.016747953	0.0026608978	0.04025	79.0	708.8034827709198
189	-127.93036	72.5138	-0.33931065	-252.1365	200.0	-8.992944	30.473852	3.2441592	-221.41072	760000	1.6689301e-09	29.453844	-0.0018711896	-28.528429	0.031643327	0.017008588	0.22375	2.0	711.8778874874115
190	-171.98964	74.6424	-0.8231145	-281.6022	200.0	-13.271613	38.49912	1.7899704	-261.2473	764000	3.3378602e-09	11.388239	-0.00047961046	-7.3341084	0.03168434	0.016512372	0.26025	2.0	714.9737515449524
191	-149.81688	88.699	-0.15132383	-321.79105	200.0	-11.645667	36.03313	1.5129662	-253.88583	768000	-2.849102e-08	22.064043	-0.0051499396	-17.545347	0.031695906	0.028044142	0.355	8.0	718.1311008930206
192	-170.92523	86.17775	-0.14134592	-329.61023	200.0	-15.025649	40.948612	1.7046819	-267.35867	772000	-8.940697e-09	21.164574	-0.005839024	-12.289263	0.032219943	0.003500829	0.034	79.0	721.7125124931335
193	-149.32376	85.3853	-0.4273403	-260.9046	200.0	-11.982032	36.186802	3.1075716	-228.97824	776000	2.3841858e-08	12.536195	-0.00020174122	-8.411032	0.002235651	0.026231155	0.369	2.0	724.7255017757416
194	-167.09753	112.56505	-0.15853313	-387.45474	200.0	-14.662498	40.606323	1.0133848	-270.51807	780000	-1.4424324e-08	49.608032	-0.008330858	-45.48761	0.0015465021	0.0059624566	0.043	79.0	728.1752824783325
195	-129.712	63.66927	-0.072849125	-260.91415	200.0	-9.762906	32.074486	4.667465	-269.49564	784000	4.1127204e-09	13.597231	-0.00788765	-11.826936	-0.021785825	0.0046337047	0.037	79.0	731.4404320716858
196	-161.73958	89.05603	-0.24530259	-353.95493	200.0	-13.039805	39.186367	1.5715137	-253.53906	788000	5.4836273e-09	3.0922167	-0.009090013	-2.4104285	-0.05370136	0.0063717957	0.1045	79.0	734.6755557060242
197	-127.22783	70.34424	-0.3199267	-252.80305	200.0	-8.986698	29.874174	4.1153827	-205.97505	792000	-1.1205673e-08	8.48278	-0.005335167	-5.547013	-0.07251263	0.0016500998	0.02775	79.0	737.8404679298401
198	-136.62956	87.847275	-0.107701406	-339.43567	200.0	-9.990643	34.52288	0.88942623	-271.26138	796000	2.5749207e-08	2.5835211	-0.011070785	-1.7339742	-0.080775626	0.0030547795	0.0305	79.0	740.9077107906342
199	-155.62505	111.48903	-0.5763797	-400.33936	200.0	-13.056667	38.43792	1.1574788	-264.8601	800000	1.4185906e-08	46.302044	-0.007861869	-44.118893	-0.11152843	0.008723405	0.127	79.0	744.0510804653168
