Epoch	AverageEpRet	StdEpRet	MaxEpRet	MinEpRet	EpLen	AverageVVals	StdVVals	MaxVVals	MinVVals	TotalEnvInteracts	LossPi	LossV	DeltaLossPi	DeltaLossV	Entropy	KL	ClipFrac	StopIter	Time
0	-500.0	0.0	-500.0	-500.0	500.0	0.104497835	0.07634581	0.34102333	-0.11646861	4000	3.118515e-07	7068.1895	-0.0073331045	-1390.5063	1.0943763	0.009576825	0.08025	79.0	4.379282474517822
1	-497.75	5.9529405	-482.0	-500.0	497.875	-8.708291	0.8374171	0.105407685	-9.308894	8000	3.82185e-07	5665.439	-0.009548806	-885.1543	1.0828992	0.008265611	0.0845	79.0	8.539308786392212
2	-458.0	52.490475	-370.0	-500.0	458.5	-15.37543	0.66106147	-2.6570299	-15.581849	12000	-9.727478e-08	4561.1704	-0.012832967	-635.333	1.0533551	0.004800907	0.10075	79.0	12.815644264221191
3	-491.0	15.6604595	-461.0	-500.0	491.25	-20.658281	0.96874267	-0.21021175	-20.864471	16000	3.1256675e-07	4045.9214	-0.009440529	-553.37134	1.022937	0.005241054	0.05325	79.0	16.979240655899048
4	-494.25	15.21307	-454.0	-500.0	494.375	-25.757818	0.14916444	-22.37901	-25.810806	20000	-2.7656554e-08	3514.712	-0.0084195705	-476.09497	0.98264915	0.009256014	0.11725	79.0	21.1255042552948
5	-442.5	78.07529	-292.0	-500.0	442.875	-30.395966	0.3753039	-21.358551	-30.476404	24000	-1.8164515e-07	2931.691	-0.009653119	-395.88623	0.97862005	0.00802306	0.1195	79.0	25.262868881225586
6	-414.8889	69.09968	-314.0	-500.0	415.55554	-34.70057	0.9799914	-11.305229	-34.808754	28000	6.198883e-09	2359.7961	-0.010718092	-313.25635	0.9476608	0.009798191	0.10175	79.0	29.380501985549927
7	-367.9	85.29765	-215.0	-500.0	368.8	-38.134254	3.694162	25.156328	-38.726807	32000	2.8848648e-08	1908.3392	-0.011418873	-253.36682	0.9309381	0.0040909536	0.0745	79.0	33.549134969711304
8	-344.45456	65.38747	-241.0	-434.0	345.45456	-40.88836	5.343755	13.139668	-42.295795	36000	2.4437904e-08	1518.5306	-0.011652179	-208.99817	0.9003405	0.011207921	0.12025	79.0	37.707207441329956
9	-304.53845	88.13155	-160.0	-490.0	305.53845	-41.977665	9.735625	43.2419	-45.576942	40000	-3.3378602e-09	1241.834	-0.009573793	-164.03613	0.840648	0.0085502975	0.10375	79.0	41.81643795967102
10	-293.92307	101.892456	-167.0	-500.0	294.76923	-44.371487	8.029696	34.609028	-48.410923	44000	1.5377998e-07	1173.5466	-0.010427266	-203.44586	0.8229634	0.0033956282	0.0565	79.0	45.93417453765869
11	-271.5	92.5741	-161.0	-500.0	272.42856	-48.48908	8.316376	35.384434	-50.896008	48000	4.3034554e-08	868.80194	-0.008679206	-109.637146	0.7917222	0.009474043	0.069	79.0	50.118263244628906
12	-273.14285	92.038704	-164.0	-484.0	274.14285	-48.520035	10.382715	18.394716	-53.14945	52000	1.2755394e-08	816.5451	-0.007868733	-112.11835	0.7595404	0.008802061	0.14475	79.0	54.226216316223145
13	-205.55556	56.35623	-137.0	-379.0	206.55556	-50.65914	8.826607	-4.803351	-55.395058	56000	-1.0490417e-08	528.4255	-0.007218693	-58.328613	0.7974639	0.008172761	0.072	79.0	58.322465896606445
14	-167.78261	32.98215	-119.0	-251.0	168.78261	-49.894413	11.805975	9.2660885	-56.96804	60000	3.4570693e-08	274.8422	-0.010979153	-72.345474	0.8509064	0.011442169	0.1675	79.0	62.42103385925293
15	-184.5	50.35921	-142.0	-388.0	185.5	-44.34819	16.225544	4.379553	-57.979885	64000	8.5830685e-09	461.1648	-0.011194428	-146.93549	0.7664245	0.008022419	0.09375	79.0	66.58641934394836
16	-168.0	61.625797	-108.0	-367.0	169.0	-43.368103	19.334755	12.845356	-59.173088	68000	-1.2874604e-08	517.0249	-0.008841719	-163.71008	0.7262268	0.0054645883	0.1145	79.0	70.70673203468323
17	-131.5	22.8834	-90.0	-193.0	132.5	-50.014637	13.256391	13.466517	-60.0538	72000	1.0609627e-08	225.58829	-0.011686114	-102.650085	0.72914714	0.012236088	0.1305	79.0	74.82438468933105
18	-124.870964	27.178907	-91.0	-227.0	125.870964	-43.413677	17.304014	11.7635975	-60.246246	76000	1.3828277e-08	146.16028	-0.013223591	-22.69912	0.69050926	0.0058773505	0.12725	79.0	79.00718569755554
19	-132.55173	75.078156	-86.0	-500.0	133.51724	-40.044968	16.133379	2.7418942	-60.44877	80000	0.0	436.38235	-0.007468579	-148.6543	0.5706885	0.011363446	0.12325	79.0	83.11029243469238
20	-112.51428	24.612856	-79.0	-178.0	113.51428	-43.50111	16.395767	3.7544441	-60.97794	84000	-4.053116e-09	203.54613	-0.005356624	-61.044968	0.50334406	0.006400447	0.04	79.0	87.2138283252716
21	-95.78049	13.841457	-71.0	-133.0	96.78049	-42.428913	15.310466	0.05987799	-60.97521	88000	-4.029274e-08	98.63162	-0.008767075	-45.7851	0.51574576	0.0051106024	0.0525	79.0	91.28035569190979
22	-125.96774	89.75575	-76.0	-500.0	126.935486	-30.971003	17.480988	9.349275	-60.28135	92000	4.3272973e-08	1029.9069	-0.007062495	-600.00146	0.37534627	0.01500747	0.09775	42.0	95.14643788337708
23	-103.48649	30.569921	-68.0	-229.0	104.48649	-41.963684	15.333231	2.2700703	-61.252956	96000	-2.7418137e-09	260.637	-0.0060204244	-34.553177	0.35292152	0.0056150067	0.045	79.0	99.31193947792053
24	-85.82609	17.69218	-63.0	-178.0	86.82609	-42.42922	14.151094	-2.8313627	-61.253635	100000	-2.5272369e-08	167.618	-0.0052936696	-82.63959	0.33756554	0.0019411084	0.052	79.0	103.4623486995697
25	-105.48649	38.9217	-70.0	-255.0	106.48649	-33.024174	14.615281	1.7259836	-57.290867	104000	3.8146974e-09	335.0026	-0.0043888376	-73.505066	0.30249855	0.00057643227	0.034	79.0	107.77581071853638
26	-98.275	25.801151	-68.0	-187.0	99.275	-39.43276	15.212227	-0.40754247	-61.11198	108000	4.7683715e-09	163.61278	-0.007867658	-10.613541	0.33413526	0.0022228372	0.04025	79.0	111.89191913604736
27	-88.90909	21.904564	-63.0	-165.0	89.90909	-39.219353	14.90143	-1.8880335	-60.8609	112000	3.7550927e-09	149.80975	-0.0074593294	-22.2025	0.31886017	0.0036147868	0.04525	79.0	116.0367820262909
28	-99.79487	36.278965	-70.0	-266.0	100.79487	-33.883835	14.40793	2.4756098	-58.404945	116000	1.6689301e-09	274.31738	-0.0056902263	-47.754303	0.2936112	0.004288883	0.04125	79.0	120.18249201774597
29	-93.5	24.337166	-63.0	-178.0	94.5	-38.296856	15.088264	6.5226846	-60.30337	120000	9.953975e-09	157.20148	-0.007512849	-14.439178	0.2720802	0.0061539295	0.04525	79.0	124.41108512878418
30	-93.04762	23.896553	-69.0	-197.0	94.04762	-36.634647	14.77439	1.8478699	-59.217384	124000	-1.5497207e-08	126.81966	-0.0044982643	-9.009254	0.23307653	0.0011409562	0.027	79.0	128.5978057384491
31	-91.06977	33.118813	-61.0	-272.0	92.06977	-37.266266	14.538543	4.2811503	-59.469482	128000	1.1920929e-08	180.68282	-0.0043036393	-15.150818	0.21071595	0.00037768137	0.0185	79.0	132.79295682907104
32	-92.38095	40.250378	-63.0	-325.0	93.38095	-35.530033	15.115545	2.8397968	-58.173073	132000	2.503395e-09	238.72011	-0.004331879	-18.673706	0.21186979	0.0040959925	0.02725	79.0	136.8551914691925
33	-91.34884	35.296673	-61.0	-285.0	92.34884	-37.033188	14.884942	3.142149	-58.107582	136000	3.8146974e-09	200.13618	-0.00454821	-8.125763	0.22221762	0.003001967	0.0185	79.0	141.00118851661682
34	-86.68889	16.67176	-62.0	-134.0	87.68889	-35.01071	15.260626	5.4187236	-58.436825	140000	-5.722046e-09	94.18514	-0.006939465	-6.3810043	0.22696622	0.0022776076	0.0325	79.0	145.09712386131287
35	-87.244446	14.587903	-63.0	-135.0	88.244446	-34.43518	14.902355	4.0525055	-57.26512	144000	-1.001358e-08	81.28073	-0.0059636976	-10.4702	0.22973545	0.0025328703	0.03825	79.0	149.16708898544312
36	-89.860466	22.824488	-67.0	-181.0	90.860466	-33.851383	14.937247	8.947109	-57.700844	148000	-1.7642975e-08	134.36353	-0.006511868	-13.224892	0.22325999	0.0022713698	0.04	79.0	153.2292366027832
37	-86.68889	20.662174	-62.0	-181.0	87.68889	-36.06301	14.685468	3.194654	-58.52842	152000	-1.2993812e-08	121.19023	-0.004882147	-9.457115	0.21867284	0.0013861792	0.022	79.0	157.4035394191742
38	-93.690475	31.209345	-69.0	-260.0	94.690475	-33.30178	15.129114	5.179593	-57.2377	156000	-6.6757204e-09	178.2636	-0.0049920725	-26.23285	0.20410272	0.0014593902	0.02375	79.0	161.61785364151
39	-90.906975	25.544136	-63.0	-172.0	91.906975	-36.247467	15.301004	0.94980866	-59.58734	160000	-1.2278557e-08	183.45811	-0.004861835	-20.213516	0.20151314	0.0033793969	0.02225	79.0	165.77959370613098
40	-89.068184	23.433073	-64.0	-183.0	90.068184	-35.814915	14.637541	1.2830592	-58.584625	164000	-1.2814999e-08	144.92526	-0.0045746267	-7.6730194	0.19044897	0.0009905222	0.02475	79.0	169.91153359413147
41	-94.53658	65.809814	-63.0	-500.0	95.51219	-37.302803	14.27628	3.4305816	-58.021873	168000	-1.9073487e-09	300.23447	-0.0030532721	-66.99226	0.1736149	0.00030480092	0.027	79.0	174.0549511909485
42	-89.61364	25.085505	-63.0	-203.0	90.61364	-35.367687	15.444008	5.0940332	-60.886677	172000	-7.629395e-09	172.83777	-0.0053065065	-26.565704	0.19384067	0.004871366	0.04	79.0	178.6016013622284
43	-89.86364	18.420086	-70.0	-175.0	90.86364	-34.773884	15.534073	8.408655	-58.14816	176000	-4.6491624e-09	83.53732	-0.005421427	-4.9184036	0.19057159	0.0036329345	0.02825	79.0	183.06667685508728
44	-87.71111	17.695726	-61.0	-158.0	88.71111	-34.753395	15.717369	4.1299305	-58.73602	180000	-6.6757204e-09	96.84047	-0.0054538026	-6.8624344	0.1813076	0.0033551655	0.023	79.0	187.15419244766235
45	-95.19512	33.550266	-64.0	-260.0	96.19512	-34.143	14.7061205	6.002089	-57.999306	184000	4.2915342e-09	217.8911	-0.005006324	-32.735382	0.17956634	0.0018238506	0.023	79.0	191.23367285728455
46	-86.4186	11.690251	-71.0	-128.0	87.4186	-36.828064	14.836224	3.079239	-59.3972	188000	1.2397766e-08	192.72137	-0.005973064	-71.719826	0.17951916	0.0030763352	0.02925	79.0	195.31715369224548
47	-86.82222	22.090008	-69.0	-204.0	87.82222	-35.12075	15.64754	19.08468	-58.56545	192000	-4.6491624e-09	131.34312	-0.0064143087	-29.894653	0.17293127	0.00091609056	0.022	79.0	199.46068239212036
48	-92.690475	49.380684	-62.0	-397.0	93.690475	-34.80675	14.674043	5.479258	-57.943314	196000	-8.5830685e-09	254.32135	-0.004388216	-49.09091	0.17047429	0.0022228824	0.03675	79.0	203.5268337726593
49	-88.045456	20.104223	-62.0	-169.0	89.045456	-35.56974	15.999936	3.5293458	-61.819744	200000	-2.7418137e-09	150.74281	-0.004473658	-45.870857	0.16307598	0.005922641	0.04325	79.0	207.60236883163452
50	-100.07692	34.66128	-64.0	-227.0	101.07692	-34.08681	14.339662	10.484092	-58.197647	204000	-1.859665e-08	245.03148	-0.005890611	-40.069504	0.16528814	0.0027692167	0.0315	79.0	211.72006821632385
51	-87.86667	12.744672	-58.0	-114.0	88.86667	-37.934757	15.9967	3.0878656	-60.969757	208000	-8.106232e-09	81.4518	-0.0059161535	-27.259903	0.2070495	0.015336696	0.036	27.0	215.45332217216492
52	-84.45652	17.574322	-69.0	-147.0	85.45652	-35.729916	15.02387	2.8140516	-58.321617	212000	2.7894973e-08	97.455864	-0.0060317344	-11.218002	0.23601457	0.0065428037	0.0355	79.0	219.55032539367676
53	-85.652176	24.039114	-61.0	-210.0	86.652176	-32.904945	15.113864	7.0250936	-56.86005	216000	8.106232e-09	145.28539	-0.005714392	-26.454002	0.22884868	0.0033313811	0.04675	79.0	223.6352300643921
54	-91.69768	30.8549	-63.0	-235.0	92.69768	-33.711864	15.005345	6.852619	-57.06344	220000	-1.9073486e-08	170.42012	-0.005058726	-20.977875	0.21034212	0.0012219008	0.0245	79.0	227.7808382511139
55	-95.14634	23.205929	-64.0	-172.0	96.14634	-34.86436	15.1974535	11.990436	-58.467358	224000	1.013279e-08	140.51706	-0.0056177517	-15.1208725	0.211114	0.0008156147	0.031	79.0	232.03686451911926
56	-93.690475	65.83583	-67.0	-500.0	94.666664	-39.544735	14.298612	4.674136	-59.856155	228000	-5.00679e-09	333.88843	-0.004770895	-75.01645	0.18609759	0.0019930466	0.03175	79.0	236.3610110282898
57	-84.934784	19.140673	-62.0	-178.0	85.934784	-34.825665	15.3068905	6.8590646	-61.38039	232000	-4.2915342e-09	109.8022	-0.0045433813	-11.119431	0.18334463	0.0022159896	0.03	79.0	240.51454544067383
58	-81.1875	11.290956	-64.0	-128.0	82.1875	-33.966164	14.910626	4.97261	-56.394146	236000	-1.3113022e-09	55.47478	-0.007943609	-10.704788	0.19115347	0.005262013	0.0435	79.0	244.62197494506836
59	-86.933334	16.893654	-70.0	-154.0	87.933334	-31.47102	15.083008	3.693219	-55.54247	240000	-3.0994416e-09	89.13659	-0.006448919	-13.483917	0.1862471	0.003776278	0.039	79.0	248.74317383766174
60	-93.47619	22.639238	-70.0	-185.0	94.47619	-32.655758	15.352125	8.357147	-57.224766	244000	1.859665e-08	149.26752	-0.009153768	-34.864403	0.20256782	0.007064475	0.0435	79.0	252.95078802108765
61	-85.152176	14.7559395	-63.0	-141.0	86.152176	-36.919334	15.699064	7.23928	-58.946735	248000	-1.525879e-08	85.16048	-0.0066801375	-19.348732	0.1892467	-0.0005880475	0.01975	79.0	257.03864097595215
62	-89.431816	26.571001	-62.0	-227.0	90.431816	-32.43214	15.746344	7.921858	-56.768185	252000	1.525879e-08	179.38167	-0.006276393	-38.384796	0.17684808	0.001010828	0.02775	79.0	261.10570764541626
63	-93.92683	27.932314	-63.0	-180.0	94.92683	-34.75346	14.70282	6.2800965	-57.67366	256000	2.1457671e-09	182.28838	-0.0045978106	-18.432205	0.1654292	0.0035325128	0.027	79.0	265.2503318786621
64	-88.72727	28.525398	-63.0	-210.0	89.72727	-38.2616	14.294718	4.958704	-58.768486	260000	-1.7404556e-08	162.2702	-0.0061322507	-21.41568	0.16867067	0.0009856151	0.03725	79.0	269.37138175964355
65	-95.731705	66.0244	-60.0	-500.0	96.70731	-36.520016	16.420462	8.375826	-60.835346	264000	7.867813e-09	267.8678	-0.0058147786	-34.536148	0.15745938	0.0021761635	0.031	79.0	273.4650158882141
66	-84.58696	10.549214	-62.0	-123.0	85.58696	-35.81872	15.091494	14.172886	-64.08451	268000	-3.242493e-08	64.64129	-0.006271126	-23.507011	0.16778897	0.0067149047	0.04025	79.0	277.6021304130554
67	-83.34042	15.468948	-63.0	-164.0	84.34042	-33.465164	15.477879	7.481794	-57.36339	272000	2.1457671e-09	72.74216	-0.00807191	-8.190445	0.16671811	0.0019525433	0.036	79.0	281.7194278240204
68	-87.31111	21.039455	-62.0	-160.0	88.31111	-32.577003	15.278713	9.089961	-56.299767	276000	-8.3446505e-10	113.81742	-0.005327532	-13.92234	0.1537557	0.0013048818	0.0295	79.0	285.9101347923279
69	-84.304344	18.62078	-62.0	-182.0	85.304344	-34.3461	15.401421	4.274869	-57.568665	280000	-4.053116e-09	91.67954	-0.006748075	-8.5184555	0.15121485	0.003613344	0.032	79.0	289.96944642066956
70	-84.23913	14.401366	-63.0	-138.0	85.23913	-33.07752	15.375446	3.6255662	-56.827785	284000	6.198883e-09	72.46909	-0.005356011	-7.366516	0.15780406	0.0021126445	0.02875	79.0	294.2461323738098
71	-88.954544	26.258293	-63.0	-204.0	89.954544	-32.12572	15.588727	5.6847677	-56.893513	288000	-7.56979e-09	183.65042	-0.0039446605	-34.410873	0.15430607	0.0012234751	0.0275	79.0	298.34904050827026
72	-87.75	22.199636	-58.0	-162.0	88.75	-34.255493	15.134243	1.1950476	-57.753845	292000	-1.3947487e-08	150.70773	-0.0060918587	-22.090302	0.16350546	0.0008143406	0.02575	79.0	302.4645929336548
73	-85.304344	14.044758	-62.0	-136.0	86.304344	-34.928547	14.406705	3.9853044	-57.941277	296000	5.960465e-11	72.02205	-0.006578488	-10.36076	0.16944587	0.004194894	0.033	79.0	306.58201718330383
74	-88.75	16.703463	-63.0	-142.0	89.75	-32.566963	15.725668	5.947617	-56.716644	300000	-2.861023e-09	86.007256	-0.0053010085	-11.1185	0.14831059	0.0036257692	0.0275	79.0	310.6863133907318
75	-86.08889	19.921871	-64.0	-181.0	87.08889	-35.061363	15.137283	0.5356722	-58.42777	304000	-3.3378602e-09	107.981064	-0.0049643773	-13.775276	0.13769321	0.0014071448	0.0255	79.0	314.8283021450043
76	-88.15909	26.323116	-70.0	-226.0	89.15909	-33.131554	15.230245	6.146818	-56.888607	308000	-2.6702882e-08	166.58424	-0.007065473	-36.28659	0.14786127	0.0025446615	0.0325	79.0	318.9016070365906
77	-95.65854	66.84369	-64.0	-500.0	96.63415	-35.715324	14.262571	13.858772	-57.349033	312000	-2.95043e-09	376.88403	-0.002767215	-122.514465	0.114536114	0.0006415677	0.02175	79.0	322.96711802482605
78	-84.478264	13.541785	-62.0	-124.0	85.478264	-35.284584	15.082192	3.9658723	-57.934925	316000	-8.46386e-09	74.364204	-0.00688508	-12.651199	0.14233325	0.002723713	0.03525	79.0	327.06644105911255
79	-82.40426	15.035645	-62.0	-155.0	83.40426	-33.167538	15.353464	3.1350074	-57.54433	320000	-9.536743e-09	85.9673	-0.009123759	-11.297989	0.13992566	0.0070041856	0.03375	79.0	331.17517280578613
80	-87.77778	27.727154	-63.0	-241.0	88.77778	-32.53879	14.905727	1.9246638	-55.957706	324000	-1.2874604e-08	165.00142	-0.004667232	-20.716522	0.1285913	0.003189742	0.02625	79.0	335.2360129356384
81	-94.85366	46.119972	-63.0	-306.0	95.85366	-35.05585	14.506143	3.4456623	-57.97375	328000	-4.529953e-09	314.0392	-0.0052239466	-36.296326	0.12287968	0.00077053456	0.03225	79.0	340.0588722229004
82	-84.521736	12.402207	-63.0	-127.0	85.521736	-36.3315	14.637124	13.725988	-59.081497	332000	1.9073487e-09	79.94894	-0.005436105	-27.423973	0.13566391	0.0052209008	0.03075	79.0	344.1914441585541
83	-85.5	17.127083	-62.0	-156.0	86.5	-32.846264	15.717792	-0.13917512	-57.39547	336000	4.887581e-09	98.82117	-0.006841911	-6.8672104	0.1391087	0.0052677803	0.03675	79.0	348.2375521659851
84	-87.71111	22.140585	-63.0	-207.0	88.71111	-33.76302	14.77679	3.0412247	-57.35448	340000	1.6212464e-08	108.57789	-0.0060650995	-9.718018	0.14262675	0.00370385	0.03075	79.0	352.39586877822876
85	-85.86957	18.344065	-62.0	-148.0	86.86957	-34.531235	15.15045	1.9727261	-58.184494	344000	1.9073487e-09	95.98234	-0.005305269	-7.2284927	0.13277462	0.0033399237	0.03175	79.0	356.70867013931274
86	-80.875	10.182961	-62.0	-106.0	81.875	-34.360634	15.129498	3.387614	-57.43602	348000	-2.2649765e-08	47.418804	-0.0063061714	-9.264271	0.13483007	0.003938862	0.0315	79.0	360.9421226978302
87	-81.729164	17.524672	-63.0	-172.0	82.729164	-31.976315	15.243631	3.3599067	-55.60419	352000	-9.059906e-09	102.52566	-0.006315632	-11.173958	0.14010838	0.005105519	0.0365	79.0	365.02188205718994
88	-86.71111	25.919209	-61.0	-224.0	87.71111	-31.439348	14.755108	6.8849287	-55.319885	356000	-6.9141386e-09	179.01381	-0.005357004	-57.66188	0.12815052	0.0014476298	0.0275	79.0	369.192809343338
89	-83.276596	13.23069	-62.0	-131.0	84.276596	-34.23381	14.850147	3.4019103	-57.581463	360000	-9.536744e-10	62.64243	-0.006214597	-8.666328	0.1321011	0.0021398633	0.03525	79.0	373.35053062438965
90	-84.04256	17.745192	-62.0	-158.0	85.04256	-32.525288	15.554714	6.9019938	-56.020622	364000	-4.798174e-09	95.90895	-0.0053487984	-6.9592285	0.12610166	0.003959496	0.032	79.0	377.48653388023376
91	-95.29269	65.95314	-63.0	-500.0	96.268295	-34.723347	14.798524	0.59814173	-58.232117	368000	4.172325e-09	292.77982	-0.0038512181	-86.21106	0.11849631	-0.00021528745	0.02525	79.0	381.669864654541
92	-84.065216	24.629782	-62.0	-236.0	85.065216	-36.050262	16.035044	3.6785846	-69.14759	372000	-4.172325e-09	93.59263	-0.005296807	-12.3144455	0.122475706	0.0039319713	0.03025	79.0	385.7940695285797
93	-84.347824	11.1496105	-63.0	-121.0	85.347824	-32.752182	15.56682	3.9279416	-65.54923	376000	-7.450581e-09	58.91876	-0.007863075	-15.713646	0.13192563	0.007768121	0.0425	79.0	389.92210054397583
94	-92.809525	64.48376	-62.0	-500.0	93.78571	-33.98398	14.99761	1.2004517	-57.01346	380000	2.0802021e-08	343.6605	-0.003926748	-152.58131	0.12227006	-0.00020896077	0.025	79.0	394.0158882141113
95	-83.319145	16.396816	-62.0	-159.0	84.319145	-33.69647	15.816387	12.865433	-61.484737	384000	7.2717667e-09	88.44563	-0.0076531135	-14.888634	0.12787029	0.0047138147	0.03225	79.0	398.12575244903564
96	-86.17778	29.735342	-62.0	-244.0	87.17778	-36.346077	16.406538	3.5753129	-71.726166	388000	-1.3113022e-09	195.90169	-0.0040706545	-51.010864	0.110511616	0.0024258737	0.01875	79.0	402.4380793571472
97	-87.62222	27.528	-63.0	-216.0	88.62222	-33.82198	15.054094	5.305387	-57.310787	392000	5.185604e-09	155.8426	-0.0045736926	-11.868149	0.11883769	0.0027812188	0.03175	79.0	406.6090245246887
98	-85.17778	24.667828	-62.0	-205.0	86.17778	-35.406704	14.866632	4.0576544	-61.47288	396000	2.9802323e-09	149.38887	-0.006678371	-11.53392	0.11926228	0.0032854546	0.035	79.0	410.82156205177307
99	-80.265305	14.714668	-61.0	-158.0	81.265305	-34.556534	14.981889	4.499493	-57.385525	400000	-1.2397766e-08	78.98527	-0.006265601	-13.605408	0.1269753	0.0033750376	0.03275	79.0	414.99235463142395
100	-87.6	24.727312	-62.0	-205.0	88.6	-31.152802	15.046741	4.9976263	-55.001003	404000	-2.6464463e-08	152.12538	-0.006242492	-23.785934	0.12892853	0.00569493	0.03725	79.0	419.05599331855774
101	-81.61702	12.122694	-62.0	-134.0	82.61702	-35.003555	15.128361	10.648625	-57.87059	408000	-3.218651e-09	89.79891	-0.004559226	-13.471077	0.13035807	0.004775396	0.0225	79.0	423.1889081001282
102	-81.291664	10.305658	-63.0	-111.0	82.291664	-33.555977	14.944776	6.011931	-56.69164	412000	-3.695488e-09	46.71814	-0.0062675807	-9.246742	0.13731427	0.0027436204	0.029	79.0	427.2296106815338
103	-89.74419	25.86197	-62.0	-199.0	90.74419	-30.42244	15.778061	1.9619236	-56.093567	416000	8.34465e-09	177.27925	-0.0072539016	-47.59427	0.13197969	0.0044855713	0.03725	79.0	431.32854986190796
104	-85.28261	17.091396	-59.0	-145.0	86.28261	-35.617012	15.499735	7.2784038	-59.517704	420000	1.9073487e-09	98.0605	-0.006343906	-15.21727	0.11876625	0.0048188	0.0275	79.0	435.4931893348694
105	-94.585365	66.99144	-62.0	-500.0	95.560974	-35.0513	14.367517	4.2762175	-57.316982	424000	1.9073487e-09	360.2141	-0.004208308	-129.57564	0.11192998	0.00067230157	0.02775	79.0	439.6077799797058
106	-89.13636	46.637672	-62.0	-362.0	90.13636	-34.441303	15.159713	9.331871	-68.85473	428000	-1.7464162e-08	367.71024	-0.0070604193	-160.43692	0.14203757	0.0040729567	0.0345	79.0	443.6874032020569
107	-79.42857	9.885054	-61.0	-118.0	80.42857	-33.99033	15.290905	15.772422	-56.963074	432000	2.7656554e-08	47.021984	-0.0049234894	-10.150894	0.11406779	0.002651407	0.01625	79.0	447.7709586620331
108	-79.20408	9.997917	-61.0	-107.0	80.20408	-31.561535	15.192813	11.154597	-55.70522	436000	-4.887581e-09	42.656025	-0.0073513105	-4.7720947	0.11315267	0.0030951723	0.029	79.0	451.9114775657654
109	-85.26087	15.590459	-61.0	-138.0	86.26087	-30.459171	15.254221	3.4289641	-55.140778	440000	-9.298325e-09	84.32968	-0.005064441	-15.463562	0.10515494	0.006222866	0.03175	79.0	456.0840389728546
110	-83.78723	17.37562	-62.0	-169.0	84.78723	-33.908	15.275764	3.9395838	-57.606388	444000	-1.0728836e-09	78.22655	-0.005952568	-5.9012146	0.098836675	0.0037787424	0.0375	79.0	460.2260892391205
111	-88.59091	24.121208	-63.0	-197.0	89.59091	-32.505943	15.736828	9.020503	-61.123238	448000	-1.6093255e-08	136.25117	-0.0059420844	-21.169876	0.09665076	0.0037281518	0.026	79.0	464.3754961490631
112	-84.085106	21.145725	-62.0	-187.0	85.085106	-36.011738	14.642822	7.565595	-59.50334	452000	9.983778e-09	105.70735	-0.005355375	-13.138016	0.09606577	0.0020147457	0.02325	79.0	468.5060923099518
113	-85.652176	30.401812	-63.0	-257.0	86.652176	-33.254467	15.7166195	3.466587	-64.16321	456000	-7.390976e-09	177.81425	-0.0049869665	-21.360443	0.08753757	0.0038135634	0.02525	79.0	472.777734041214
114	-87.155556	25.928066	-62.0	-215.0	88.155556	-33.728886	14.503606	6.399571	-59.450806	460000	1.3709068e-09	175.10591	-0.006310086	-19.92421	0.10242353	0.0047057006	0.0305	79.0	477.29319643974304
115	-84.97727	22.130283	-62.0	-172.0	85.97727	-34.51564	14.661239	0.21451014	-57.739388	464000	1.9073487e-09	236.2164	-0.0057177255	-37.278473	0.10641923	0.0006650205	0.03025	79.0	482.05801606178284
116	-87.111115	25.429838	-61.0	-179.0	88.111115	-35.65885	14.551991	10.4168005	-60.895275	468000	-8.8214875e-09	199.49718	-0.0068571502	-49.280838	0.104068495	0.009055554	0.03575	79.0	486.5572190284729
117	-81.375	15.250171	-62.0	-133.0	82.375	-35.353207	14.330776	3.6384878	-57.431015	472000	-1.4305115e-09	86.13257	-0.00765111	-16.44825	0.11697999	0.015271998	0.061	55.0	490.48345851898193
118	-85.652176	18.467619	-62.0	-167.0	86.652176	-32.118313	14.784652	6.10753	-55.906216	476000	1.6450882e-08	99.63077	-0.007672576	-11.470718	0.14958993	0.004559344	0.046	79.0	494.6094789505005
119	-86.55556	29.219137	-62.0	-225.0	87.55556	-33.87153	14.968537	2.0657165	-57.695488	480000	-1.4901161e-08	196.21637	-0.0061643035	-32.420593	0.13247688	0.0039321575	0.0415	79.0	498.67395997047424
120	-80.4375	10.71585	-62.0	-108.0	81.4375	-34.349514	14.252851	2.5198264	-57.77165	484000	-1.1205673e-08	62.23725	-0.008630697	-15.999645	0.12320973	0.010053515	0.04825	79.0	502.87874841690063
121	-85.391304	22.651882	-61.0	-201.0	86.391304	-31.167147	15.475809	9.114963	-55.37151	488000	1.1444092e-08	155.7206	-0.0051612104	-28.476395	0.13908413	0.0029590672	0.0275	79.0	507.0347743034363
122	-102.92105	74.76643	-62.0	-500.0	103.89474	-33.829826	14.0946865	16.427294	-56.51979	492000	-1.8656253e-08	522.11554	-0.003875094	-239.17743	0.11356604	-9.686433e-05	0.01925	79.0	511.2191410064697
123	-91.093025	35.994713	-60.0	-255.0	92.093025	-37.10156	15.285071	1.4777527	-75.37288	496000	6.198883e-09	267.00043	-0.005209968	-37.69316	0.12046012	0.0034330806	0.032	79.0	515.3148040771484
124	-79.65306	13.072094	-62.0	-121.0	80.65306	-36.858692	14.307404	6.4893827	-60.657814	500000	-1.4364719e-08	103.20187	-0.0057082274	-47.89477	0.12738064	0.0072484193	0.035	79.0	519.4035897254944
125	-80.0	11.630362	-62.0	-109.0	81.0	-32.01127	14.761106	9.352567	-55.862137	504000	4.768372e-10	53.45866	-0.0068163215	-5.4624786	0.13914807	0.0020311233	0.024	79.0	523.4659857749939
126	-97.6	68.49262	-62.0	-500.0	98.575	-30.938553	14.417543	5.158766	-55.29992	508000	1.013279e-08	510.35062	-0.005625587	-250.44934	0.115357205	0.0010019637	0.033	79.0	527.588972568512
127	-84.32609	25.136198	-62.0	-223.0	85.32609	-37.698452	14.431582	4.17784	-75.162575	512000	-6.198883e-09	180.38544	-0.0056179557	-34.425507	0.12784867	0.005526183	0.03325	79.0	531.7853078842163
128	-81.520836	12.506648	-61.0	-124.0	82.520836	-33.469402	15.281011	6.2716713	-57.154236	516000	-5.1259996e-09	64.95583	-0.0084879855	-11.166615	0.12998547	0.0041277753	0.0355	79.0	535.9506106376648
129	-82.38298	13.894057	-61.0	-127.0	83.38298	-32.256516	14.975623	6.407505	-56.47822	520000	8.34465e-09	68.51696	-0.007270879	-7.575577	0.1222712	0.0038562526	0.03	79.0	540.7853875160217
130	-84.978264	13.34409	-61.0	-124.0	85.978264	-32.25753	15.216729	8.611382	-55.904472	524000	4.053116e-09	58.465504	-0.006811816	-4.1327133	0.12482972	0.0060715727	0.03825	79.0	544.8961865901947
131	-82.166664	18.301107	-62.0	-150.0	83.166664	-33.975746	15.163933	5.827874	-57.639908	528000	6.198883e-09	89.47953	-0.005504464	-10.919609	0.11515055	0.0018291465	0.034	79.0	549.0173892974854
132	-80.708336	11.773838	-62.0	-112.0	81.708336	-32.180073	15.4926	8.587034	-56.170494	532000	-8.5830685e-09	52.412907	-0.007602511	-6.1611824	0.12233524	0.006718519	0.041	79.0	553.1212437152863
133	-83.93617	26.169176	-61.0	-206.0	84.93617	-32.105648	14.815751	8.202529	-55.57702	536000	5.4836273e-09	159.05	-0.006614867	-26.684845	0.11388545	0.0036255342	0.03375	79.0	557.2110857963562
134	-83.02128	18.548946	-61.0	-142.0	84.02128	-32.588745	14.819134	8.953977	-57.18852	540000	-1.5377998e-08	105.89113	-0.008192226	-6.6359253	0.121809915	0.007156523	0.03725	79.0	561.3569519519806
135	-86.844444	21.876375	-70.0	-183.0	87.844444	-32.762203	14.81152	7.683396	-61.386448	544000	7.152557e-09	126.27813	-0.0072771003	-16.237747	0.12536296	0.0033417551	0.0325	79.0	566.1411263942719
136	-80.979164	21.262732	-61.0	-191.0	81.979164	-34.872444	15.106594	5.9422293	-59.07221	548000	1.1324882e-08	127.03828	-0.0062995786	-25.2509	0.11916455	0.0020755092	0.02825	79.0	570.3343162536621
137	-89.795456	34.8481	-62.0	-294.0	90.795456	-31.027239	14.634148	8.630396	-59.993317	552000	7.629395e-09	238.61728	-0.0045300196	-61.117874	0.13019271	0.0012462337	0.0255	79.0	574.4758114814758
138	-85.26087	25.003857	-62.0	-220.0	86.26087	-37.478416	14.937842	1.820235	-68.47662	556000	-5.3644182e-09	176.51285	-0.0056043607	-54.67292	0.113236666	0.0055807014	0.0325	79.0	578.5274047851562
139	-82.74468	26.52134	-62.0	-234.0	83.74468	-34.547123	14.477432	11.60339	-57.112614	560000	-2.861023e-09	159.74965	-0.004251707	-16.217712	0.11744071	0.0019048435	0.0245	79.0	582.8648340702057
140	-82.46809	11.928601	-62.0	-130.0	83.46809	-32.5286	14.452963	0.29890847	-56.21264	564000	1.37090685e-08	58.657486	-0.006060271	-7.877159	0.115408994	0.0072613796	0.03025	79.0	587.0628859996796
141	-81.458336	19.106018	-61.0	-178.0	82.458336	-32.933285	15.07304	5.6631303	-56.89101	568000	-6.6757204e-09	105.8163	-0.004574987	-14.785324	0.12431492	0.001832357	0.028	79.0	591.1872823238373
142	-83.63043	26.490654	-62.0	-203.0	84.63043	-32.972176	14.218807	4.3010626	-55.80645	572000	-8.046627e-09	139.29697	-0.005548947	-16.000938	0.11495584	0.0042506256	0.03025	79.0	595.3513493537903
143	-79.938774	13.700005	-62.0	-130.0	80.938774	-33.6755	15.143389	3.8075402	-59.622612	576000	4.8279762e-09	70.17557	-0.0061782463	-13.192936	0.12004506	0.0038755105	0.027	79.0	599.4466879367828
144	-79.591835	13.246361	-62.0	-134.0	80.591835	-31.972998	15.17818	8.677465	-55.608505	580000	1.4305115e-09	57.042534	-0.0054229503	-7.2494545	0.11744479	0.0025562274	0.0265	79.0	603.5315353870392
145	-78.48	14.784099	-62.0	-145.0	79.48	-31.436378	15.220783	6.732136	-55.710163	584000	9.894371e-09	74.31306	-0.007768026	-8.800598	0.1298986	0.006132263	0.03375	79.0	607.558345079422
146	-81.916664	19.676376	-62.0	-166.0	82.916664	-31.09006	14.776097	10.115254	-55.18388	588000	5.662441e-09	117.00429	-0.006821865	-16.422867	0.11884516	0.0019503654	0.03725	79.0	611.6434614658356
147	-85.08696	42.682766	-62.0	-282.0	86.08696	-32.2892	14.57734	1.6203185	-56.531567	592000	-9.834767e-09	344.6179	-0.0070468397	-107.91925	0.113730304	0.005361176	0.03275	79.0	616.1818990707397
148	-76.90196	17.154722	-62.0	-177.0	77.90196	-34.078777	13.9148445	13.89258	-66.15852	596000	8.46386e-09	130.20567	-0.007824408	-55.230522	0.1236433	0.0047265724	0.04075	79.0	620.3203797340393
149	-76.588234	12.136765	-62.0	-110.0	77.588234	-31.01472	14.4040985	10.680812	-54.815388	600000	1.3530254e-08	58.04453	-0.010422894	-9.373634	0.12855038	0.0021184841	0.03575	79.0	624.4311656951904
150	-84.085106	21.146732	-62.0	-174.0	85.085106	-30.023895	14.560812	7.6248736	-54.519142	604000	9.894371e-09	122.58364	-0.00638925	-27.301544	0.113586925	0.0048347865	0.03575	79.0	628.5283374786377
151	-79.22449	14.467791	-62.0	-116.0	80.22449	-33.036633	15.43284	4.6423087	-56.823933	608000	-6.198883e-09	76.27371	-0.008063552	-8.283226	0.12558304	0.00417492	0.03675	79.0	632.6243538856506
152	-79.5102	14.724854	-63.0	-132.0	80.5102	-32.070305	14.537643	4.069313	-55.87774	612000	-1.5497207e-08	72.43715	-0.007161606	-5.6553497	0.12105596	0.006996458	0.03	79.0	636.7357196807861
153	-77.0	12.226618	-61.0	-116.0	78.0	-31.736786	15.147639	8.254098	-56.20546	616000	-3.8146974e-09	53.3089	-0.007272009	-4.1132545	0.117998466	0.0009052629	0.03325	79.0	640.7904951572418
154	-89.18604	31.62738	-62.0	-209.0	90.18604	-29.723715	14.257667	5.242776	-54.952873	620000	1.9669533e-09	248.80978	-0.0054955166	-93.69325	0.099567026	-0.0010305028	0.0255	79.0	644.9439663887024
155	-83.95744	38.734203	-62.0	-282.0	84.95744	-35.37791	15.762081	3.3902977	-64.02056	624000	1.2755394e-08	269.33337	-0.008095957	-86.95834	0.11378833	0.0055293893	0.03425	79.0	648.9677138328552
156	-78.68	12.455424	-62.0	-120.0	79.68	-32.29577	15.300174	11.729901	-56.669888	628000	-6.6757204e-09	68.64413	-0.007476672	-15.968338	0.11692628	0.0058976747	0.03625	79.0	653.0006730556488
157	-82.166664	24.029785	-60.0	-203.0	83.166664	-31.863419	14.969695	5.7796693	-68.903946	632000	1.001358e-08	136.82762	-0.005769627	-17.072853	0.11395945	0.004191828	0.029	79.0	657.0052592754364
158	-78.72	16.876064	-61.0	-164.0	79.72	-33.151318	14.598034	5.254693	-66.35269	636000	-1.9550324e-08	96.6116	-0.009788259	-20.760979	0.12800868	0.0070161778	0.0315	79.0	661.01988697052
159	-77.72	11.629342	-63.0	-113.0	78.72	-31.360163	14.731518	9.545862	-54.957172	640000	2.6226044e-09	51.987736	-0.009662833	-5.691143	0.13073757	0.003385126	0.0295	79.0	665.0655453205109
160	-81.520836	39.624798	-62.0	-339.0	82.520836	-31.894207	14.39222	9.110138	-61.36835	644000	-4.7683715e-09	221.40471	-0.0053086486	-67.65939	0.11889023	0.0027708656	0.03275	79.0	669.1815676689148
161	-74.90385	10.565291	-62.0	-103.0	75.90385	-32.036106	14.271671	9.003942	-55.578415	648000	-9.417534e-09	50.391792	-0.008365268	-9.385174	0.12409008	0.0030690867	0.0335	79.0	673.2140386104584
162	-78.62	13.765015	-62.0	-127.0	79.62	-29.621847	14.612054	7.939044	-53.15594	652000	-1.7404556e-08	70.816505	-0.0065038917	-8.166042	0.12038475	0.003174242	0.029	79.0	677.4243245124817
163	-76.35294	11.748714	-62.0	-118.0	77.35294	-31.912567	14.5620575	6.060678	-55.233795	656000	-7.510185e-09	51.00565	-0.008215552	-4.2582397	0.119160555	0.0045744316	0.03925	79.0	681.3836047649384
164	-78.38	15.478877	-62.0	-147.0	79.38	-30.453152	14.656785	4.933203	-54.073784	660000	-2.3961068e-08	73.85314	-0.007279232	-6.137314	0.10980449	0.005692848	0.03775	79.0	685.5412855148315
165	-82.270836	25.687822	-62.0	-203.0	83.270836	-31.545946	14.623083	3.4784932	-63.84245	664000	4.768372e-10	144.48482	-0.0049114167	-16.159775	0.10169728	0.00071000954	0.018	79.0	689.4838049411774
166	-77.15686	19.584278	-61.0	-196.0	78.15686	-33.03588	14.531049	8.1431055	-56.579098	668000	5.9604643e-10	118.1516	-0.008481813	-26.623878	0.10554497	0.0026232055	0.02725	79.0	693.4345977306366
167	-77.43137	10.821648	-61.0	-100.0	78.43137	-30.7893	14.4275	9.040043	-54.94543	672000	6.198883e-09	54.937912	-0.008915067	-8.412067	0.10560534	0.0069689155	0.032	79.0	698.0621802806854
168	-75.42308	11.852208	-61.0	-120.0	76.42308	-31.94044	14.309571	10.67952	-55.292374	676000	1.7881394e-08	49.363556	-0.008366782	-6.040489	0.10821143	0.0035244105	0.02975	79.0	702.0472383499146
169	-84.86957	30.256592	-61.0	-228.0	85.86957	-29.804684	14.231523	5.886826	-54.275032	680000	1.6212464e-08	213.83563	-0.005813087	-74.934845	0.1080136	0.0029295462	0.03	79.0	706.0350971221924
170	-85.91111	39.17132	-61.0	-310.0	86.91111	-32.977943	14.696824	3.2634964	-70.568436	684000	-1.6450882e-08	297.21387	-0.010155606	-110.86209	0.1076794	0.007379554	0.03775	79.0	710.000964641571
171	-74.92308	10.406815	-62.0	-101.0	75.92308	-34.65015	14.671002	7.931035	-58.004448	688000	-1.4781952e-08	63.12924	-0.008175032	-26.28566	0.10169552	0.0051803305	0.039	79.0	714.6001577377319
172	-79.755104	17.993797	-61.0	-175.0	80.755104	-30.681028	14.275196	14.456956	-57.02642	692000	8.5830685e-09	89.685555	-0.006724437	-11.06311	0.10171129	0.0027872906	0.03075	79.0	719.2512626647949
173	-80.5102	18.791143	-62.0	-145.0	81.5102	-31.295765	14.978674	23.395666	-56.716167	696000	-8.5830685e-09	102.51321	-0.0065097706	-10.673553	0.101846844	0.004510807	0.03175	79.0	723.1534366607666
174	-90.27907	35.245533	-63.0	-230.0	91.27907	-32.131027	14.484168	3.4168994	-56.150043	700000	2.0980835e-08	231.00409	-0.009277833	-52.97719	0.110778645	0.006185324	0.0345	79.0	726.9975464344025
175	-81.395836	21.567472	-62.0	-183.0	82.395836	-35.55187	14.932703	11.3159685	-58.955563	704000	1.5616417e-08	130.6252	-0.006435601	-18.881935	0.100966506	0.0025222378	0.028	79.0	730.7092843055725
176	-77.68	16.7397	-61.0	-161.0	78.68	-33.333828	14.154627	1.6867914	-56.533882	708000	-7.033348e-09	87.376274	-0.0069706943	-12.848793	0.0986859	0.0038318802	0.03525	79.0	734.4216208457947
177	-83.702126	31.953367	-62.0	-259.0	84.702126	-32.93847	14.582675	10.492568	-70.215485	712000	2.1457671e-09	170.18292	-0.007687631	-27.579697	0.10159555	0.007746633	0.0365	79.0	737.9630944728851
178	-75.92308	11.0067215	-61.0	-101.0	76.92308	-33.31917	14.835308	13.535928	-71.92741	716000	8.5830685e-09	61.129425	-0.0065637385	-19.458424	0.10070894	0.002842311	0.02725	79.0	741.3814458847046
179	-75.01923	11.2685585	-61.0	-122.0	76.01923	-30.418095	14.857283	11.237102	-54.590603	720000	3.8146974e-09	45.83944	-0.008561046	-3.8951187	0.09810331	0.0046572066	0.038	79.0	744.8647475242615
180	-78.52	12.605142	-62.0	-114.0	79.52	-29.748789	14.705903	6.0232854	-54.117355	724000	2.4080277e-08	58.54115	-0.008225299	-8.253372	0.10239073	0.0048748576	0.033	79.0	748.2321965694427
181	-79.04082	14.465947	-62.0	-120.0	80.04082	-31.491234	14.660021	5.3443637	-55.888275	728000	3.248453e-09	65.75546	-0.0086878715	-4.568527	0.106486976	0.008578709	0.0365	79.0	751.576819896698
182	-82.229164	32.69381	-62.0	-254.0	83.229164	-31.594852	14.623273	6.0858083	-63.073067	732000	3.8146974e-09	212.19896	-0.009674406	-54.353622	0.1040321	0.0059393793	0.03525	79.0	755.2537543773651
183	-74.0566	11.730328	-62.0	-109.0	75.0566	-33.402344	14.254896	4.381858	-57.082146	736000	5.2452087e-09	61.158493	-0.007928491	-17.172947	0.0932347	0.004729894	0.03125	79.0	759.0363836288452
184	-78.56	23.486303	-62.0	-187.0	79.56	-29.944704	14.399091	4.379651	-59.410442	740000	-9.536743e-09	118.219986	-0.0048504546	-26.512207	0.084782995	0.003066617	0.0295	79.0	762.4722898006439
185	-79.755104	25.845325	-62.0	-239.0	80.755104	-31.64142	14.703059	8.031197	-56.386364	744000	-3.3378602e-09	152.10545	-0.0060805324	-24.903114	0.096435584	0.0030456549	0.03175	79.0	766.3204901218414
186	-76.78432	15.141573	-62.0	-153.0	77.78432	-32.404366	14.109577	6.0909176	-63.26691	748000	-5.4836273e-09	76.81154	-0.005913488	-14.054462	0.09252925	0.00459526	0.02875	79.0	769.7129800319672
187	-80.10204	27.778454	-62.0	-252.0	81.10204	-30.600857	14.502354	6.438188	-55.103527	752000	1.6570091e-08	181.58493	-0.010537633	-50.86061	0.101123825	0.006918456	0.0375	79.0	773.1763744354248
188	-83.19149	30.727793	-62.0	-229.0	84.19149	-31.217745	14.580201	16.887276	-56.537117	756000	1.6212464e-08	210.57637	-0.008716221	-56.12819	0.11286305	0.005206242	0.03375	79.0	776.5776979923248
189	-77.88	18.264324	-62.0	-167.0	78.88	-33.901215	14.367535	4.987911	-72.291405	760000	9.536744e-10	99.661644	-0.0078645125	-18.113876	0.10494235	0.0021166073	0.02375	79.0	780.1330378055573
190	-78.62	19.490396	-62.0	-182.0	79.62	-30.856512	14.587814	5.5733604	-56.76456	764000	6.437302e-09	106.52321	-0.007289931	-12.737465	0.09820473	0.0023774335	0.02925	79.0	783.560099363327
191	-76.68627	10.762116	-63.0	-99.0	77.68627	-31.999594	14.26014	3.492523	-56.40082	768000	2.193451e-08	46.83818	-0.0061102295	-9.035591	0.09518301	0.003328034	0.02525	79.0	787.0101220607758
192	-81.604164	19.292421	-62.0	-169.0	82.604164	-30.104895	14.822561	7.7421703	-55.44335	772000	2.5987624e-08	115.40246	-0.00906917	-16.669937	0.10046169	0.007308342	0.0395	79.0	790.4003205299377
193	-76.05882	12.438732	-61.0	-135.0	77.05882	-33.5675	14.526592	1.4211997	-57.84146	776000	4.053116e-09	59.3364	-0.008870022	-12.831467	0.096884966	0.0034696208	0.03	79.0	793.8296399116516
194	-75.51923	10.144135	-61.0	-94.0	76.51923	-31.129152	14.859866	5.9721317	-55.338345	780000	9.298325e-09	40.941124	-0.0077171293	-4.674038	0.09433248	0.00355739	0.02475	79.0	797.2554974555969
195	-77.01961	13.879721	-62.0	-122.0	78.01961	-29.64287	14.972916	6.58502	-53.536842	784000	-1.859665e-08	70.58283	-0.008965409	-8.846973	0.093961544	0.0029331434	0.03575	79.0	800.6488063335419
196	-77.39216	17.353395	-62.0	-183.0	78.39216	-31.165749	14.401035	3.3774714	-55.031075	788000	1.168251e-08	81.39023	-0.008149521	-13.151222	0.09608484	0.0041607153	0.02875	79.0	804.0840978622437
197	-77.66	21.191141	-62.0	-198.0	78.66	-30.453644	14.8345375	9.103863	-54.916233	792000	-1.502037e-08	133.40082	-0.0069361543	-29.244896	0.09859791	0.004173806	0.03125	79.0	807.4921479225159
198	-74.13207	12.69681	-62.0	-139.0	75.13207	-31.721756	14.019239	2.5434792	-55.75624	796000	-3.0994416e-09	56.04696	-0.009015722	-8.611862	0.09441309	0.008800621	0.03725	79.0	810.8931250572205
199	-74.471695	12.779117	-61.0	-120.0	75.471695	-30.258274	14.563609	9.616083	-54.846607	800000	6.556511e-09	54.9865	-0.006877559	-5.1693687	0.09506684	0.0053982	0.03425	79.0	814.3831822872162
