Epoch	AverageEpRet	StdEpRet	MaxEpRet	MinEpRet	EpLen	AverageVVals	StdVVals	MaxVVals	MinVVals	TotalEnvInteracts	LossPi	LossV	DeltaLossPi	DeltaLossV	Entropy	KL	ClipFrac	StopIter	Time
0	23.20349	13.826558	82.0	8.0	23.20349	-0.25745434	0.06528667	-0.03753271	-0.42080367	4000	-6.473064e-08	326.08194	-0.018104704	-173.3352	0.68862283	0.00855254	0.166	79.0	3.676710844039917
1	25.27848	15.77848	117.0	9.0	25.27848	8.036851	0.33742148	8.587243	4.3953166	8000	6.389618e-08	204.4113	-0.015770167	-53.965134	0.6900961	0.0057381266	0.0715	79.0	7.190576553344727
2	32.422764	19.728237	94.0	11.0	32.422764	12.623256	2.2781003	13.633747	-10.074112	12000	-1.5854836e-08	217.73752	-0.015709078	-38.855637	0.67700875	0.0062487205	0.0645	79.0	10.73892593383789
3	44.69663	27.169218	122.0	10.0	44.69663	17.070074	1.7268058	17.760023	-2.6197715	16000	-1.5497207e-08	319.28214	-0.017201606	-58.478455	0.65810853	0.015254205	0.11625	13.0	13.554167747497559
4	74.56604	42.546097	216.0	12.0	74.56604	22.275232	2.061161	22.97542	-8.886587	20000	-4.768372e-10	597.0675	-0.013813495	-150.76797	0.63561904	0.006408738	0.04875	79.0	16.932804346084595
5	107.888885	54.41955	244.0	14.0	107.888885	29.03655	5.0227942	30.647566	-12.543657	24000	3.9935113e-08	704.5598	-0.011410775	-202.32251	0.62298936	0.0044054547	0.04175	79.0	20.32545232772827
6	157.08	77.52105	311.0	23.0	157.08	36.19875	6.872352	38.893627	-2.6019151	28000	4.2915342e-09	861.9756	-0.007943077	-240.84088	0.6104161	0.015071264	0.184	10.0	23.08101224899292
7	194.8	85.59066	382.0	58.0	194.8	45.97972	5.239446	47.191723	2.8575606	32000	-2.7418137e-08	820.34125	-0.007501311	-177.711	0.6138524	0.0030115393	0.027	79.0	26.482088804244995
8	194.7	86.8649	407.0	27.0	194.7	50.196575	4.550982	52.96714	24.415062	36000	-1.6450882e-08	642.4404	-0.0077207866	-157.45648	0.5994583	0.0038594985	0.02	79.0	29.815794229507446
9	272.64285	93.069565	433.0	114.0	272.64285	51.097603	12.711051	58.194916	0.5422338	40000	-6.7353247e-09	561.86566	-0.007169559	-220.22626	0.6022423	0.0050594946	0.02675	79.0	33.244078636169434
10	387.2	123.05348	500.0	132.0	387.2	62.923496	8.294774	65.05429	5.198321	44000	1.66893e-08	683.6852	-0.00397245	-148.30731	0.5907328	0.008895485	0.01175	79.0	36.60230851173401
11	255.8	73.96143	372.0	127.0	255.8	55.822235	21.673618	70.737144	15.697074	48000	3.0875206e-08	390.37167	-0.006147479	-137.29695	0.5897584	0.015791746	0.26925	9.0	39.397587060928345
12	362.72726	117.47734	500.0	138.0	362.72726	64.44884	17.25148	73.6275	4.6271186	52000	-1.168251e-08	435.15878	-0.0095590465	-92.56616	0.5904102	0.009969747	0.086	79.0	42.76257610321045
13	378.2	83.26199	500.0	271.0	378.2	69.06834	16.074337	77.05252	14.844703	56000	-1.9669534e-08	231.83524	-0.00414811	-56.17914	0.58610344	0.017240442	0.20625	9.0	45.54928755760193
14	375.5	123.14484	500.0	179.0	375.5	79.21467	6.813425	80.61956	6.951138	60000	-1.07288365e-08	611.01306	-0.004952545	-59.28308	0.58630365	0.0018443048	0.01075	79.0	48.954100370407104
15	421.66666	124.772675	500.0	133.0	421.66666	76.954315	8.723819	80.877266	22.241737	64000	-6.7353247e-09	523.2733	-0.0053567137	-51.018616	0.572104	0.004828177	0.02225	79.0	52.36614108085632
16	495.0	13.228757	500.0	460.0	495.0	79.842545	3.67601	82.10234	65.578705	68000	-4.053116e-09	603.69305	-0.0038409892	-21.364868	0.57324576	0.009493853	0.04875	79.0	55.70675015449524
17	442.0	131.87874	500.0	80.0	442.0	70.677925	11.758114	81.936935	14.682592	72000	1.1205673e-08	617.6286	-0.004776305	-95.83484	0.5673009	0.0064239213	0.04775	79.0	59.14449644088745
18	500.0	0.0	500.0	500.0	500.0	81.54594	3.5356774	83.55059	63.310925	76000	-1.9073487e-09	561.4048	-0.0031893752	-29.746033	0.5657525	0.005737773	0.03775	79.0	62.59232497215271
19	500.0	0.0	500.0	500.0	500.0	82.5755	2.7005727	83.72038	67.448685	80000	-5.2452087e-09	560.0877	-0.0031943948	-10.635376	0.5615338	0.015798857	0.24525	9.0	65.33769345283508
20	500.0	0.0	500.0	500.0	500.0	82.962265	1.5818797	83.4547	71.6255	84000	-6.437302e-09	550.1536	-0.0011841342	-24.102356	0.5619987	0.0011289645	0.017	79.0	68.74573111534119
21	450.5	130.96469	500.0	104.0	450.5	80.57322	2.7237184	83.13185	69.852936	88000	-3.8146974e-09	593.8265	-0.0016800306	-8.645935	0.5710479	0.0033668287	0.0195	79.0	72.17820262908936
22	432.66666	126.47617	500.0	173.0	432.66666	79.8634	3.2651346	83.4859	70.87451	92000	-4.1127204e-09	591.3642	-0.0055933176	-71.59369	0.5734368	0.00786517	0.07225	79.0	75.61347389221191
23	500.0	0.0	500.0	500.0	500.0	80.81013	4.5768476	83.87234	54.92425	96000	-1.6689301e-09	529.8597	-0.0011491895	-36.615326	0.56621045	0.003469859	0.019	79.0	79.00115752220154
24	500.0	0.0	500.0	500.0	500.0	76.887344	11.967684	84.95317	16.67435	100000	7.2717667e-09	651.2779	-0.00514312	-137.9508	0.5642201	0.0089419875	0.0825	79.0	82.43963885307312
25	500.0	0.0	500.0	500.0	500.0	85.5852	2.2667599	86.20645	68.92558	104000	-5.9604646e-09	552.7131	-0.0053527732	-46.260925	0.5590446	0.0031336616	0.067	79.0	85.78676843643188
26	500.0	0.0	500.0	500.0	500.0	83.06086	2.2157457	85.150345	66.280556	108000	7.7486035e-09	508.9018	-0.0033054852	-98.793274	0.5542026	0.009672618	0.042	79.0	89.2191059589386
27	500.0	0.0	500.0	500.0	500.0	85.292	5.0573034	87.70947	55.246696	112000	-3.5762787e-10	564.574	-0.0017670898	-18.931702	0.5497734	0.0070379637	0.036	79.0	92.60948753356934
28	500.0	0.0	500.0	500.0	500.0	84.00798	1.2973968	86.52631	80.620804	116000	-1.9073487e-09	573.6972	-0.0019966408	-21.836792	0.5493873	0.0055994624	0.036	79.0	96.28735613822937
29	500.0	0.0	500.0	500.0	500.0	81.98782	1.6045655	83.04702	73.33796	120000	1.9073487e-09	565.53235	-0.0021433858	-12.435852	0.54809344	0.0041137543	0.03225	79.0	99.62931704521179
30	500.0	0.0	500.0	500.0	500.0	82.73484	0.184965	84.57097	82.432335	124000	-1.4901161e-08	555.1688	-0.0018237077	-0.28808594	0.54795957	0.0064559802	0.017	79.0	103.10683584213257
31	500.0	0.0	500.0	500.0	500.0	82.49226	0.1564459	83.81729	82.352516	128000	5.00679e-09	555.9419	-0.0011461241	-1.7374268	0.5475281	0.0030616834	0.01575	79.0	106.50862669944763
32	500.0	0.0	500.0	500.0	500.0	82.28136	0.24068937	82.61215	78.5713	132000	2.9802323e-09	554.12915	-0.0020390868	-4.012451	0.53902173	0.00074113824	0.035	79.0	110.00700330734253
33	500.0	0.0	500.0	500.0	500.0	81.50677	0.89498276	82.92314	78.5923	136000	-7.629395e-09	554.415	-0.0018473523	-10.876709	0.5422936	0.0054053254	0.0335	79.0	113.4570860862732
34	500.0	0.0	500.0	500.0	500.0	81.98761	0.6103571	83.515015	81.12127	140000	-3.4570693e-09	550.07806	-0.0028613987	-10.037048	0.54629487	0.006546848	0.0495	79.0	116.86960172653198
35	449.375	88.40382	500.0	275.0	449.375	82.61347	1.05779	83.76961	80.906456	144000	-4.7683715e-09	602.9126	-0.0022841897	-29.063538	0.5503733	0.0031702127	0.01525	79.0	120.22172021865845
36	472.875	71.76601	500.0	283.0	472.875	80.18877	1.6786677	82.27228	67.71359	148000	-2.6226044e-09	568.01654	-0.0027130034	-110.71692	0.5574596	0.0023064702	0.0145	79.0	123.6498429775238
37	500.0	0.0	500.0	500.0	500.0	81.04128	5.389928	84.27197	35.38198	152000	2.861023e-09	493.7494	-0.005086686	-38.639923	0.5480251	0.0030280189	0.04625	79.0	127.03540182113647
38	500.0	0.0	500.0	500.0	500.0	82.37181	9.105176	85.73137	22.852575	156000	1.001358e-08	643.64667	-0.0017554855	-90.322876	0.5503141	0.0009499625	0.0165	79.0	130.585520029068
39	500.0	0.0	500.0	500.0	500.0	83.08722	0.3589609	83.26214	80.720505	160000	1.4305115e-09	552.41364	-0.0019831613	-32.06195	0.55327916	0.015079366	0.172	9.0	133.33811450004578
40	500.0	0.0	500.0	500.0	500.0	83.874626	0.80673254	84.25741	74.01307	164000	-7.867813e-09	556.45715	-0.0022286011	-4.227234	0.55942434	0.0038455694	0.0315	79.0	136.70397019386292
41	500.0	0.0	500.0	500.0	500.0	82.89701	0.92098683	83.55222	73.93528	168000	-5.722046e-09	552.8976	-0.0021912088	-15.428345	0.5555135	0.0021233503	0.0185	79.0	140.06081223487854
42	500.0	0.0	500.0	500.0	500.0	82.18091	1.3009572	83.56246	70.66362	172000	-9.179115e-09	544.392	-0.00167116	-10.637573	0.56152743	0.003002144	0.027	79.0	143.42356061935425
43	500.0	0.0	500.0	500.0	500.0	81.47028	2.3484154	84.53728	71.78836	176000	-1.9311905e-08	555.1087	-0.002048885	-15.368652	0.56424874	0.0043410207	0.06075	79.0	147.42846989631653
44	500.0	0.0	500.0	500.0	500.0	80.14542	5.0165052	86.35713	55.01028	180000	1.3351441e-08	580.3514	-0.0030220398	-30.973999	0.55209017	0.0025007587	0.03275	79.0	151.24249148368835
45	500.0	0.0	500.0	500.0	500.0	82.40888	1.3028516	85.14417	77.19537	184000	-2.503395e-09	560.3386	-0.0007047629	-25.860474	0.5559681	0.0038836948	0.01525	79.0	154.69668745994568
46	500.0	0.0	500.0	500.0	500.0	78.21953	4.2176514	84.083305	67.66179	188000	1.0490417e-08	543.01373	-0.0024468543	-30.228577	0.55192107	0.0068367505	0.04825	79.0	158.14116764068604
47	500.0	0.0	500.0	500.0	500.0	84.6862	1.2207959	86.25082	77.40652	192000	4.887581e-09	551.08234	-0.0014991933	-12.832275	0.5485693	0.0036581957	0.02375	79.0	161.86270833015442
48	500.0	0.0	500.0	500.0	500.0	80.90253	3.6480463	84.328156	57.21174	196000	1.4305115e-09	526.0935	-0.002307464	-7.757263	0.5600603	0.004362682	0.0375	79.0	165.2717592716217
49	500.0	0.0	500.0	500.0	500.0	83.210754	2.597857	85.92197	67.332	200000	-3.9339065e-09	547.65186	-0.0035625696	-19.08136	0.55457383	0.004939382	0.06075	79.0	168.71783995628357
50	500.0	0.0	500.0	500.0	500.0	82.96443	3.9554858	86.77658	56.134094	204000	6.7949295e-09	592.9856	-0.0016719269	-50.809753	0.5609825	0.0010972517	0.0175	79.0	172.07524514198303
51	500.0	0.0	500.0	500.0	500.0	82.3598	2.3130043	86.9151	73.3454	208000	-3.4570693e-09	569.5503	-0.001733	-27.612976	0.56572217	0.0022326256	0.01775	79.0	175.4455087184906
52	500.0	0.0	500.0	500.0	500.0	81.51636	1.0354699	85.11925	77.20192	212000	-4.172325e-09	558.2519	-0.002020142	-6.6030884	0.5616928	0.0034597055	0.03375	79.0	179.00404596328735
53	500.0	0.0	500.0	500.0	500.0	82.69825	1.9686433	88.77012	80.69455	216000	4.053116e-09	572.69214	-0.0018478554	-26.796143	0.5653119	0.0043296567	0.0285	79.0	182.33978271484375
54	500.0	0.0	500.0	500.0	500.0	82.80836	1.5981649	83.6745	76.15982	220000	-8.5830685e-09	552.6969	-0.0016721862	-34.20941	0.56113297	0.004449103	0.02175	79.0	185.686705827713
55	500.0	0.0	500.0	500.0	500.0	85.55211	1.3266319	86.27794	78.995834	224000	3.3378602e-09	563.47644	-0.0021220814	-50.273254	0.55832565	0.004357258	0.0175	79.0	189.04474425315857
56	500.0	0.0	500.0	500.0	500.0	83.28991	1.575664	84.40207	77.749306	228000	-5.9604646e-09	541.1312	-0.0029954393	-24.209045	0.5597112	0.0040937252	0.0375	79.0	192.4380702972412
57	500.0	0.0	500.0	500.0	500.0	82.40363	3.2043617	84.739586	65.15799	232000	-2.7418137e-09	527.0273	-0.0031962933	-16.251556	0.56377256	0.0043697353	0.03475	79.0	195.8949375152588
58	500.0	0.0	500.0	500.0	500.0	80.243835	6.576919	86.221855	45.76365	236000	5.2452087e-09	421.48135	-0.0023171022	-129.74591	0.5609722	0.0032459958	0.0295	79.0	199.33997750282288
59	471.75	37.89047	500.0	405.0	471.75	80.947266	19.721025	90.62319	-5.6352887	240000	1.7881393e-09	375.47598	-0.0069710966	-83.90436	0.57226706	0.00738989	0.0495	79.0	202.74792766571045
60	500.0	0.0	500.0	500.0	500.0	84.80326	8.331256	91.01525	62.37923	244000	4.2915342e-09	492.6904	-0.0027229213	-72.13153	0.56542814	0.0012582843	0.023	79.0	206.1177318096161
61	500.0	0.0	500.0	500.0	500.0	82.33318	7.39463	90.93842	67.17254	248000	2.2649764e-09	555.901	-0.0037617679	-102.50101	0.5670356	0.0060961405	0.04475	79.0	209.51464557647705
62	500.0	0.0	500.0	500.0	500.0	81.26133	7.21706	87.85656	46.035812	252000	-8.34465e-09	599.8981	-0.0036851487	-99.70236	0.56507087	0.0050533656	0.0485	79.0	212.872136592865
63	500.0	0.0	500.0	500.0	500.0	81.89811	4.5261674	90.9135	76.386444	256000	-7.152557e-09	520.6692	-0.0023320564	-11.394745	0.5618851	0.0049965032	0.04975	79.0	216.53742480278015
64	500.0	0.0	500.0	500.0	500.0	81.40012	4.6830816	93.20604	76.87556	260000	2.6226044e-09	511.29837	-0.0027928439	-3.490265	0.54838455	0.0069756373	0.03425	79.0	220.59221363067627
65	448.875	135.26404	500.0	91.0	448.875	81.85811	5.2719474	93.92653	78.07782	264000	-9.059906e-09	581.1799	-0.002930545	-5.168518	0.5491185	0.004746366	0.03275	79.0	224.00075721740723
66	500.0	0.0	500.0	500.0	500.0	80.406624	4.9018664	93.2836	76.429825	268000	1.2159347e-08	504.37888	-0.0013120447	-14.144806	0.5647846	0.004086026	0.041	79.0	227.38373708724976
67	500.0	0.0	500.0	500.0	500.0	81.34289	5.998412	94.5185	69.72104	272000	-5.9604643e-10	489.65195	-0.0034609912	-14.398895	0.559804	0.005353349	0.0515	79.0	230.90150356292725
68	500.0	0.0	500.0	500.0	500.0	80.673294	7.571447	94.85518	56.706127	276000	-4.768372e-10	511.47955	-0.0015353623	-26.042175	0.5569085	0.002433011	0.0215	79.0	234.3458240032196
69	500.0	0.0	500.0	500.0	500.0	81.740486	6.640043	95.097725	77.89012	280000	-1.3351441e-08	480.18332	-0.0024417911	-6.8484497	0.560253	0.004148343	0.05025	79.0	237.73709225654602
70	500.0	0.0	500.0	500.0	500.0	82.353165	6.937566	95.13993	77.19657	284000	-4.7683715e-09	489.91095	-0.002764867	-4.2013245	0.5547369	0.0037428318	0.04375	79.0	241.15304040908813
71	500.0	0.0	500.0	500.0	500.0	81.90239	6.6467667	96.24804	78.05859	288000	1.3828277e-08	496.04172	-0.001369804	-5.595398	0.56233823	0.00361055	0.03425	79.0	244.53014826774597
72	500.0	0.0	500.0	500.0	500.0	82.36309	6.9634504	97.14561	77.4325	292000	-1.8954276e-08	488.97635	-0.0018611144	-6.2632446	0.5636194	0.00837664	0.03275	79.0	247.92240691184998
73	500.0	0.0	500.0	500.0	500.0	81.89045	7.216372	96.35925	77.06796	296000	9.536744e-10	488.43973	-0.0018159077	-40.798004	0.55959207	0.0033983756	0.0225	79.0	251.36878490447998
74	500.0	0.0	500.0	500.0	500.0	82.61769	7.2647843	95.65814	59.641094	300000	1.4305115e-09	501.86737	-0.0017158446	-27.161682	0.5732645	0.0045475047	0.023	79.0	254.8090832233429
75	500.0	0.0	500.0	500.0	500.0	82.64042	7.215584	96.56066	76.99068	304000	-1.4305115e-09	492.60132	-0.0017141415	-25.082367	0.5677243	0.004620065	0.03025	79.0	258.2480742931366
76	500.0	0.0	500.0	500.0	500.0	80.996704	6.9209805	95.304214	75.33019	308000	-1.0967255e-08	496.6627	-0.0022369898	-13.663544	0.5712397	0.0042858906	0.03675	79.0	261.6973979473114
77	500.0	0.0	500.0	500.0	500.0	81.464874	6.184417	97.01878	76.87429	312000	-1.26361845e-08	501.16333	-0.0032736922	-5.3930664	0.5647009	0.0068599777	0.04275	79.0	265.0551838874817
78	500.0	0.0	500.0	500.0	500.0	83.37736	6.5110097	97.97185	77.741455	316000	-3.5762786e-09	508.70105	-0.0039346484	-15.824463	0.5652619	0.006058866	0.077	79.0	268.5180609226227
79	500.0	0.0	500.0	500.0	500.0	85.094864	8.065258	98.054184	63.741093	320000	8.5830685e-09	512.4892	-0.005195793	-116.5123	0.55951524	0.00563627	0.061	79.0	271.9295995235443
80	484.75	40.347706	500.0	378.0	484.75	78.36199	16.207678	96.18437	13.34934	324000	-1.0728836e-09	720.8538	-0.0027440735	-243.20114	0.5591018	0.005385295	0.05175	79.0	275.352744102478
81	500.0	0.0	500.0	500.0	500.0	81.88684	7.486766	94.35212	53.223522	328000	7.152557e-09	460.66537	-0.0016694128	-24.848846	0.5570959	0.01716695	0.26975	7.0	278.1239445209503
82	435.8889	118.97847	500.0	121.0	435.8889	83.61905	8.703301	96.973404	42.538548	332000	-1.0609627e-08	631.6694	-0.0042576874	-92.76758	0.5516461	0.0037780565	0.0415	79.0	281.563276052475
83	327.18182	152.57655	500.0	139.0	327.18182	76.63906	10.816701	94.27506	20.311335	336000	-4.887581e-09	621.2427	-0.0063123335	-126.05002	0.54948384	0.008620384	0.07325	79.0	284.93615436553955
84	500.0	0.0	500.0	500.0	500.0	78.65661	7.5375185	93.168106	47.947166	340000	2.0503998e-08	553.7731	-0.0023407089	-93.9939	0.5499015	0.0038911724	0.027	79.0	288.2596027851105
85	500.0	0.0	500.0	500.0	500.0	81.55395	8.445149	97.93651	71.25854	344000	-2.861023e-09	481.33463	-0.0023703857	-66.885376	0.55287564	0.0058943825	0.064	79.0	291.63752603530884
86	447.75	91.29177	500.0	267.0	447.75	84.472145	8.597379	96.885475	30.384893	348000	-5.722046e-09	505.23303	-0.0031732724	-85.95401	0.5589813	0.0032903815	0.06525	79.0	295.1058578491211
87	500.0	0.0	500.0	500.0	500.0	80.055855	8.927863	96.55859	53.26593	352000	8.8214875e-09	489.71698	-0.003265323	-62.881104	0.5575572	0.004353466	0.015	79.0	298.4736416339874
88	492.25	20.504572	500.0	438.0	492.25	82.87916	8.723017	98.45078	69.62513	356000	4.6789648e-09	533.0313	-0.0012756222	-43.1308	0.5585691	0.007917313	0.02	79.0	301.8532485961914
89	322.91666	161.3606	500.0	117.0	322.91666	81.853096	9.733943	97.1486	27.341507	360000	-7.510185e-09	636.9726	-0.0021929333	-189.29654	0.5602891	0.0061924905	0.036	79.0	305.30128359794617
90	477.0	60.85228	500.0	316.0	477.0	76.303925	7.921525	90.457344	32.998215	364000	-2.861023e-09	602.987	-0.003134276	-124.90738	0.54740405	0.0069167325	0.077	79.0	308.7482581138611
91	500.0	0.0	500.0	500.0	500.0	76.756096	8.122122	93.47575	66.84409	368000	1.07288365e-08	495.25745	-0.0017662076	-57.560333	0.53276163	0.0018303089	0.012	79.0	312.07382249832153
92	500.0	0.0	500.0	500.0	500.0	83.42298	8.179012	98.798935	69.771904	372000	-9.775162e-09	463.9607	-0.0030447305	-27.149536	0.5305255	0.0042559695	0.076	79.0	315.5672085285187
93	473.375	70.44313	500.0	287.0	473.375	82.38216	8.155527	98.16189	63.141693	376000	-8.3446505e-10	473.33087	-0.0018891039	-61.632812	0.5222501	0.0039129336	0.069	79.0	318.9560148715973
94	480.5	33.78979	500.0	420.0	480.5	80.05463	13.148367	97.07549	18.6366	380000	3.8146974e-09	512.89294	-0.0026944818	-205.52155	0.517968	0.0031535274	0.022	79.0	322.3970341682434
95	469.875	67.772484	500.0	293.0	469.875	81.98525	11.918081	98.6196	35.136566	384000	0.0	453.4097	-0.0043072184	-55.712494	0.50525343	0.004180141	0.03925	79.0	325.834596157074
96	500.0	0.0	500.0	500.0	500.0	81.728	9.65832	97.36946	62.178696	388000	-1.3113022e-08	462.30344	-0.0018858557	-19.07138	0.50555533	0.0074624442	0.05175	79.0	329.25070548057556
97	500.0	0.0	500.0	500.0	500.0	82.26238	9.140955	98.42188	61.53037	392000	6.7949295e-09	445.918	-0.0024679233	-72.181	0.51160294	0.0024668002	0.0135	79.0	332.64968967437744
98	476.0	63.49803	500.0	308.0	476.0	82.23714	9.784246	99.598976	47.211426	396000	-9.775162e-09	473.1879	-0.0040689567	-65.12601	0.5148007	0.003890402	0.02975	79.0	336.0387990474701
99	500.0	0.0	500.0	500.0	500.0	79.62089	9.28453	96.36142	64.954636	400000	-8.5830685e-09	465.71106	-0.0046966323	-99.50412	0.50024605	0.0042436183	0.06675	79.0	339.4345769882202
100	433.22223	94.762596	500.0	282.0	433.22223	77.40298	18.576277	99.23518	16.366116	404000	3.9339065e-09	425.5099	-0.0030089018	-96.73248	0.51304114	0.004360767	0.04125	79.0	342.8507833480835
101	500.0	0.0	500.0	500.0	500.0	86.34323	6.063956	99.26974	59.60578	408000	-2.1457671e-09	514.18713	-0.0023613474	-118.48773	0.5142259	0.0038416986	0.01975	79.0	346.2373135089874
102	500.0	0.0	500.0	500.0	500.0	77.47765	8.719755	97.435524	65.81193	412000	3.0994416e-09	455.85345	-0.0017988905	-85.73111	0.5152036	0.005320637	0.045	79.0	349.62835693359375
103	500.0	0.0	500.0	500.0	500.0	85.647	6.4889283	98.7889	66.20724	416000	-1.2516975e-08	490.8571	-0.0020986586	-61.235687	0.5271902	0.003193251	0.03325	79.0	353.112181186676
104	500.0	0.0	500.0	500.0	500.0	81.43665	11.300253	100.2249	23.859528	420000	3.5762786e-09	560.652	-0.003450632	-215.74496	0.5307394	0.0062692077	0.059	79.0	356.5789737701416
105	500.0	0.0	500.0	500.0	500.0	84.73591	6.9355903	99.35658	66.86037	424000	-4.6491624e-09	422.35907	-0.0011837225	-44.83493	0.52355886	0.0027335281	0.03275	79.0	360.0446951389313
106	500.0	0.0	500.0	500.0	500.0	78.84341	8.381908	96.49962	65.87196	428000	5.00679e-09	482.45673	-0.002449745	-86.25064	0.51919377	0.0057838093	0.0495	79.0	363.37601709365845
107	500.0	0.0	500.0	500.0	500.0	88.32266	9.986913	101.91903	27.376537	432000	-6.437302e-09	418.19324	-0.0036022926	-90.99243	0.52693063	0.0038172316	0.03675	79.0	366.7693603038788
108	447.625	118.82754	500.0	137.0	447.625	80.56827	12.215212	97.43397	6.6862926	436000	7.1525574e-10	498.5551	-0.0031013642	-69.877045	0.5246777	0.0051050866	0.03225	79.0	370.1384038925171
109	500.0	0.0	500.0	500.0	500.0	84.18592	6.4421086	96.28805	59.780922	440000	-2.6226044e-09	479.41263	-0.0035100996	-103.580414	0.52133715	0.005239968	0.04025	79.0	373.53115701675415
110	500.0	0.0	500.0	500.0	500.0	83.094376	8.74998	97.40746	52.45929	444000	2.503395e-09	480.72247	-0.0036293848	-69.94153	0.52094793	0.0052333106	0.02175	79.0	376.98246121406555
111	500.0	0.0	500.0	500.0	500.0	82.56794	8.508684	98.93727	65.37929	448000	1.6689301e-09	506.49792	-0.0007811847	-73.71335	0.5232059	0.0027391824	0.01975	79.0	380.3437831401825
112	500.0	0.0	500.0	500.0	500.0	85.122505	7.5934896	101.238525	66.02588	452000	8.106232e-09	526.04895	-0.0023078423	-70.436066	0.51383215	0.0074954606	0.044	79.0	383.9440882205963
113	500.0	0.0	500.0	500.0	500.0	80.229904	12.609579	97.59273	3.5834303	456000	4.529953e-09	386.0305	-0.002099097	-34.805603	0.52174884	0.0053227227	0.02225	79.0	387.97480487823486
114	500.0	0.0	500.0	500.0	500.0	84.6953	8.4156065	98.89401	33.98372	460000	7.2717667e-09	432.53085	-0.0024437804	-57.609406	0.5121842	0.004939844	0.03575	79.0	391.352174282074
115	500.0	0.0	500.0	500.0	500.0	83.890015	8.139266	100.48669	64.4676	464000	-1.2397766e-08	491.58057	-0.0028089061	-66.3696	0.5068278	0.00084725715	0.04275	79.0	394.7457718849182
116	500.0	0.0	500.0	500.0	500.0	78.38812	15.217577	97.775375	7.1213627	468000	-3.5762786e-09	508.6052	-0.0023783252	-85.076294	0.51249254	0.0040932703	0.04375	79.0	398.0976209640503
117	500.0	0.0	500.0	500.0	500.0	82.738045	8.341245	97.72638	64.88844	472000	-1.2159347e-08	456.3237	-0.0019969295	-53.25879	0.50951636	0.0051778364	0.02275	79.0	401.76597237586975
118	500.0	0.0	500.0	500.0	500.0	83.029816	11.003342	98.24433	32.532925	476000	1.3113022e-09	433.18054	-0.0046468927	-61.331726	0.5183779	0.0068996334	0.065	79.0	405.1217179298401
119	500.0	0.0	500.0	500.0	500.0	84.52074	8.289755	100.41723	64.69339	480000	-3.5762786e-09	535.93115	-0.0040697386	-162.28891	0.50445414	0.0037277713	0.041	79.0	408.5658106803894
120	500.0	0.0	500.0	500.0	500.0	81.16425	13.071859	99.1923	33.00676	484000	-3.5762787e-10	489.8044	-0.0007807305	-89.145355	0.49963066	0.0014079635	0.02175	79.0	411.90856194496155
121	500.0	0.0	500.0	500.0	500.0	79.050644	16.649492	97.94722	-0.05820799	488000	4.529953e-09	493.14795	-0.0009645865	-95.35614	0.49813995	0.0043825065	0.0075	79.0	415.38136172294617
122	500.0	0.0	500.0	500.0	500.0	85.223	7.3109083	96.42489	47.27528	492000	5.9604643e-10	513.4309	-0.002255415	-118.12799	0.5042359	0.00030398756	0.0175	79.0	418.8147497177124
123	500.0	0.0	500.0	500.0	500.0	83.294914	6.6147094	96.04512	64.26365	496000	-4.053116e-09	536.81555	-0.0014193247	-44.168427	0.49734923	0.0037650808	0.02025	79.0	422.16331148147583
124	500.0	0.0	500.0	500.0	500.0	82.040215	9.363284	100.6017	49.224533	500000	2.6226044e-09	410.4317	-0.002057036	-115.70358	0.49989372	0.0026156064	0.01275	79.0	425.6206350326538
125	500.0	0.0	500.0	500.0	500.0	78.24036	15.621829	97.576126	3.0903387	504000	2.9206275e-09	424.30386	-0.002565755	-110.336945	0.50345707	0.0043135346	0.023	79.0	429.0437595844269
126	500.0	0.0	500.0	500.0	500.0	80.71004	17.21958	100.909836	29.313076	508000	3.3378602e-09	195.28883	-0.0029283962	-43.868256	0.48608094	0.0038524882	0.04025	79.0	432.3741657733917
127	500.0	0.0	500.0	500.0	500.0	87.64055	14.228189	100.77728	16.223297	512000	1.4185906e-08	445.25787	-0.003771353	-102.53577	0.47698858	0.0030416432	0.04975	79.0	435.7213125228882
128	500.0	0.0	500.0	500.0	500.0	81.0632	10.732583	96.73159	47.879284	516000	1.1920929e-09	333.82965	-0.0025437167	-64.69733	0.47619846	0.0023893397	0.047	79.0	439.1499869823456
129	500.0	0.0	500.0	500.0	500.0	81.74171	14.945725	97.78037	30.781277	520000	-4.768372e-10	214.58237	-0.0024461818	-78.03168	0.45454746	0.0021617683	0.00925	79.0	442.5458953380585
130	500.0	0.0	500.0	500.0	500.0	87.74656	10.296282	99.92456	31.592686	524000	0.0	490.1587	-0.0030937481	-214.24704	0.45716688	0.0042961487	0.04375	79.0	446.0515134334564
131	500.0	0.0	500.0	500.0	500.0	84.6682	12.542075	99.51909	38.767426	528000	2.503395e-09	472.57315	-0.0021439837	-109.04114	0.44992006	0.0032020386	0.023	79.0	449.4048047065735
132	500.0	0.0	500.0	500.0	500.0	83.70274	9.975679	94.80294	31.03556	532000	-1.192093e-10	560.42206	-0.0015449361	-89.69812	0.44820413	0.00077610515	0.02	79.0	452.77352118492126
133	500.0	0.0	500.0	500.0	500.0	81.98069	5.2383027	95.398766	72.224754	536000	8.34465e-09	546.46533	-0.001736533	-88.940216	0.4602248	0.0015343068	0.021	79.0	456.25156927108765
134	500.0	0.0	500.0	500.0	500.0	82.679985	8.200094	97.18193	49.656948	540000	5.9604643e-10	597.4309	-0.004299539	-187.92368	0.45320436	0.004081221	0.11	79.0	459.70068097114563
135	500.0	0.0	500.0	500.0	500.0	83.002075	7.0241294	94.94016	63.49495	544000	-2.384186e-10	392.52533	-0.001648366	-39.306244	0.46741357	0.00094430865	0.026	79.0	463.22619891166687
136	500.0	0.0	500.0	500.0	500.0	84.939514	7.395527	98.59792	65.97564	548000	1.4305115e-09	400.97464	-0.0017503509	-41.913788	0.46807507	0.004364197	0.04375	79.0	466.5760374069214
137	500.0	0.0	500.0	500.0	500.0	84.55334	8.271312	97.629265	55.81251	552000	5.4836273e-09	358.06912	-0.0018951392	-39.818817	0.4703637	0.0013502379	0.034	79.0	469.9792170524597
138	500.0	0.0	500.0	500.0	500.0	83.70105	7.8006616	96.95509	61.927177	556000	-4.053116e-09	425.3791	-0.0038879742	-104.250244	0.47752285	0.0029307986	0.0675	79.0	473.3866186141968
139	500.0	0.0	500.0	500.0	500.0	86.95916	7.8706512	101.51285	65.29413	560000	4.529953e-09	378.82187	-0.0020516461	-133.52788	0.4857056	0.007271808	0.0875	79.0	476.7607111930847
140	458.75	65.67296	500.0	328.0	458.75	86.81404	11.650987	100.93184	20.642921	564000	1.3500452e-08	365.6123	-0.0034611383	-164.82799	0.49529356	0.0024116638	0.03225	79.0	480.13130617141724
141	421.55554	72.76463	500.0	332.0	421.55554	72.35869	27.345564	101.675934	12.726344	568000	-5.841255e-09	233.80635	0.0027741885	-129.08185	0.5056883	0.016641509	0.2715	2.0	482.848708152771
142	500.0	0.0	500.0	500.0	500.0	81.45253	13.003865	103.605545	62.00403	572000	1.2874604e-08	295.23758	-0.0027750654	-32.40497	0.48214048	0.0037696487	0.03175	79.0	486.1894807815552
143	500.0	0.0	500.0	500.0	500.0	85.21572	12.036589	103.54894	56.890434	576000	-4.768372e-10	301.80063	-0.0031320448	-60.57744	0.47475824	0.0019529469	0.0375	79.0	489.60983991622925
144	478.375	41.030285	500.0	380.0	478.375	80.2585	21.163204	101.852615	-0.1388309	580000	9.536744e-10	214.56274	-0.0035114673	-64.68683	0.48209447	0.004463221	0.0485	79.0	493.0103702545166
145	500.0	0.0	500.0	500.0	500.0	80.86174	15.323693	102.88078	8.71084	584000	-8.8214875e-09	218.9083	-0.002951392	-64.86749	0.49710584	0.0029432788	0.0145	79.0	496.3511323928833
146	500.0	0.0	500.0	500.0	500.0	85.23421	14.866007	104.05578	35.226566	588000	4.529953e-09	302.89688	-0.0032995911	-125.08484	0.48461726	0.003910374	0.0225	79.0	499.70414328575134
147	468.25	50.33078	500.0	347.0	468.25	72.47661	32.526707	105.337875	-8.832049	592000	-6.6757204e-09	197.95273	-0.006793985	-169.81471	0.5015896	0.009268879	0.07825	79.0	503.10470056533813
148	500.0	0.0	500.0	500.0	500.0	86.11453	12.690174	101.126236	21.964033	596000	-8.5830685e-09	382.4906	-0.0013446116	-99.85959	0.5013195	0.0022608703	0.0225	79.0	506.4621002674103
149	500.0	0.0	500.0	500.0	500.0	84.13304	13.545279	102.65437	59.58125	600000	-1.5497207e-08	266.54608	-0.0031615468	-32.95256	0.4764283	0.0041088834	0.0325	79.0	509.9241499900818
150	488.875	21.595356	500.0	436.0	488.875	77.24144	21.330782	101.78134	-5.2759285	604000	1.7940998e-08	167.4118	-0.0025259377	-41.928925	0.48587164	0.0019004166	0.023	79.0	513.3389039039612
151	490.375	23.611107	500.0	428.0	490.375	82.65394	19.775331	102.12708	4.3782763	608000	6.437302e-09	112.40552	-0.0025584411	-31.233856	0.48458314	0.00085527165	0.011	79.0	516.7923622131348
152	500.0	0.0	500.0	500.0	500.0	79.085464	23.05019	102.752975	12.941855	612000	-6.6757204e-09	61.96233	-0.0013959192	-32.92576	0.4802244	0.0007074478	0.00475	79.0	520.2541546821594
153	479.25	29.562433	500.0	416.0	479.25	81.30911	22.645496	101.4433	6.1722183	616000	9.536744e-10	101.20574	-0.0013567853	-21.360062	0.4791483	0.0018571257	0.01575	79.0	523.682555437088
154	489.875	15.292461	500.0	455.0	489.875	78.20265	24.442091	100.04417	1.104123	620000	-4.2915342e-09	111.32924	-0.0028212331	-32.39148	0.47082067	0.0014973347	0.0195	79.0	527.0615496635437
155	495.0	8.645808	500.0	475.0	495.0	79.43947	22.911226	102.304535	3.5554893	624000	-3.3378602e-09	47.342125	-0.0033284985	-20.990938	0.47526553	0.0040737204	0.04425	79.0	530.4505662918091
156	480.5	19.887182	500.0	455.0	480.5	78.35229	26.695993	102.127594	3.2862163	628000	-6.7949295e-09	26.767454	-0.005310647	-21.148235	0.4764315	0.0052968794	0.074	79.0	533.8786113262177
157	499.75	0.6614378	500.0	498.0	499.75	84.20566	19.306698	99.71164	4.5236645	632000	4.7683715e-09	70.10048	-0.004144674	-55.59102	0.47312003	0.005538252	0.0625	79.0	537.2967438697815
158	500.0	0.0	500.0	500.0	500.0	83.124954	20.211136	103.86897	10.811754	636000	6.7949295e-09	114.09463	-0.0016842557	-34.441734	0.4864447	0.0021393232	0.02475	79.0	540.6382460594177
159	500.0	0.0	500.0	500.0	500.0	84.09783	17.690418	102.90174	21.835253	640000	-1.2397766e-08	110.52189	-0.002722544	-46.21801	0.47639588	0.00408496	0.0315	79.0	544.2403674125671
160	499.0	2.6457512	500.0	492.0	499.0	73.65842	30.025333	102.49461	-3.7680464	644000	2.1755696e-08	156.64674	-0.0018521865	-109.843575	0.47435206	0.0018437736	0.01275	79.0	547.6402683258057
161	497.875	5.6222215	500.0	483.0	497.875	81.15832	22.66541	101.46606	-2.2295246	648000	3.8146974e-09	51.339645	-0.0026682094	-6.924534	0.46770987	0.0008140482	0.034	79.0	551.2425100803375
162	500.0	0.0	500.0	500.0	500.0	83.42345	19.158741	100.75278	23.271965	652000	3.5762787e-10	51.471188	-0.0016453458	-30.631386	0.47299254	0.0021317806	0.01425	79.0	554.6222438812256
163	500.0	0.0	500.0	500.0	500.0	87.82028	13.844482	101.764534	14.944578	656000	1.4662743e-08	188.20613	-0.0025631017	-109.114044	0.47004846	0.001662446	0.02425	79.0	558.0299389362335
164	500.0	0.0	500.0	500.0	500.0	85.96827	16.628168	101.71267	9.615005	660000	1.013279e-08	164.5934	-0.00203822	-67.1843	0.47926068	0.0025861294	0.03775	79.0	561.3691275119781
165	500.0	0.0	500.0	500.0	500.0	85.37603	14.790604	101.42354	35.67397	664000	1.4305115e-09	174.56482	-0.001084537	-63.754547	0.48040903	0.0019878824	0.029	79.0	564.7273268699646
166	500.0	0.0	500.0	500.0	500.0	89.04364	11.955564	101.73652	41.444496	668000	-7.2717667e-09	258.4058	-0.003681905	-144.0137	0.4690353	0.0050980495	0.04475	79.0	568.3166344165802
167	500.0	0.0	500.0	500.0	500.0	85.6216	16.24719	102.137566	28.734274	672000	-5.6028364e-09	284.09317	-0.004533693	-61.884766	0.4574825	0.0066133146	0.04275	79.0	571.8297731876373
168	500.0	0.0	500.0	500.0	500.0	78.285385	19.23719	101.947136	38.257763	676000	-1.3232231e-08	255.01422	-0.0012725578	-52.505646	0.46736136	0.0038407482	0.028	79.0	575.2135198116302
169	500.0	0.0	500.0	500.0	500.0	87.15461	13.291429	100.908585	39.66999	680000	-1.5735626e-08	270.9949	-0.0024549183	-100.82211	0.4576122	0.0026247075	0.02675	79.0	578.5521454811096
170	500.0	0.0	500.0	500.0	500.0	82.61459	19.098078	100.52651	32.847122	684000	3.0994416e-09	137.90434	-0.0014206975	-15.109749	0.44340986	0.0025601587	0.035	79.0	582.0273389816284
171	500.0	0.0	500.0	500.0	500.0	82.02925	20.562904	101.50231	28.847292	688000	5.9604643e-10	163.24315	-0.0009475049	-18.42633	0.4387972	0.0005459781	0.0245	79.0	585.7323396205902
172	500.0	0.0	500.0	500.0	500.0	80.437454	20.38128	102.80303	30.459679	692000	-3.9339065e-09	103.643654	-0.0017811962	-12.822731	0.4487321	0.001884475	0.008	79.0	589.1103119850159
173	500.0	0.0	500.0	500.0	500.0	81.75703	20.758717	101.0704	25.832829	696000	-7.1525574e-10	135.45222	-0.001458474	-12.865807	0.44406655	0.0042918744	0.02675	79.0	592.6083247661591
174	500.0	0.0	500.0	500.0	500.0	79.19959	20.420626	101.659134	42.3961	700000	-6.198883e-09	193.89238	-0.0020200792	-14.419449	0.45324707	0.0044506597	0.01575	79.0	596.6245865821838
175	500.0	0.0	500.0	500.0	500.0	76.96953	22.25287	101.42375	28.361938	704000	-5.722046e-09	204.60703	-0.001623324	-43.572998	0.44932505	0.00067885965	0.007	79.0	600.2749328613281
176	500.0	0.0	500.0	500.0	500.0	81.60638	20.383917	101.73893	32.198105	708000	1.3589859e-08	123.85729	-0.0039228424	-11.396423	0.44843858	0.003923698	0.038	79.0	603.6869060993195
177	500.0	0.0	500.0	500.0	500.0	80.66034	20.483448	101.61571	28.40367	712000	-1.0609627e-08	163.8889	-0.0008610985	-34.619446	0.44486734	0.0006412576	0.00075	79.0	607.0228543281555
178	500.0	0.0	500.0	500.0	500.0	80.73249	20.241434	101.27602	25.427143	716000	-3.695488e-09	156.41101	-0.005180646	-4.6301117	0.44939816	0.0030684755	0.075	79.0	610.4076018333435
179	500.0	0.0	500.0	500.0	500.0	77.78179	23.497974	101.34315	21.485184	720000	-2.7418137e-09	186.2131	-0.002765887	-36.698975	0.44472918	0.00438913	0.03325	79.0	613.7697098255157
180	500.0	0.0	500.0	500.0	500.0	82.408646	18.938414	101.80319	41.427822	724000	-7.867813e-09	158.13971	-0.004027182	-10.746918	0.446562	0.005868456	0.036	79.0	617.1502516269684
181	500.0	0.0	500.0	500.0	500.0	78.89128	24.002554	100.48827	17.60612	728000	-8.3446505e-10	93.09239	-0.0021923378	-18.39563	0.4375222	0.0037147345	0.0195	79.0	620.4657464027405
182	500.0	0.0	500.0	500.0	500.0	78.658554	24.647844	101.46483	7.3910103	732000	-5.00679e-09	72.7817	-0.0016698175	-13.280201	0.4280265	0.0014488443	0.02375	79.0	623.8695452213287
183	500.0	0.0	500.0	500.0	500.0	73.10905	29.213373	100.80916	-11.373761	736000	5.662441e-09	173.47055	-0.0028503707	-127.38548	0.45489168	0.0024227581	0.0195	79.0	627.2312009334564
184	500.0	0.0	500.0	500.0	500.0	85.94572	17.880789	99.957924	21.012678	740000	-1.9073487e-09	159.58565	-0.0024620034	-45.899582	0.4429676	0.0033978366	0.0565	79.0	630.5589780807495
185	500.0	0.0	500.0	500.0	500.0	84.848404	17.437757	100.19111	30.296211	744000	4.351139e-09	101.735405	-0.0027858552	-37.573853	0.4425767	0.0019299777	0.0245	79.0	633.9198129177094
186	500.0	0.0	500.0	500.0	500.0	78.9453	24.267342	102.14113	16.790401	748000	5.722046e-09	66.36188	-0.0031952446	-29.447716	0.4389328	0.00016984856	0.0185	79.0	637.2542335987091
187	500.0	0.0	500.0	500.0	500.0	81.270386	24.111755	100.23772	10.641996	752000	-3.9339065e-09	103.17742	-0.002616833	-19.113586	0.4337487	0.0046122367	0.031	79.0	640.6006922721863
188	500.0	0.0	500.0	500.0	500.0	87.71638	12.437341	101.34345	37.93528	756000	1.692772e-08	211.6672	-0.0043556364	-121.92028	0.43772888	0.003633335	0.03275	79.0	644.076016664505
189	500.0	0.0	500.0	500.0	500.0	82.054344	20.575903	100.2673	19.41749	760000	-1.6689301e-09	136.35214	-0.0037726767	-15.762482	0.43908292	0.001519226	0.026	79.0	647.5289182662964
190	500.0	0.0	500.0	500.0	500.0	79.68882	22.547573	102.23917	13.131272	764000	-4.7683715e-09	139.42563	-0.002622711	-12.751663	0.42346194	0.004776875	0.031	79.0	650.9694857597351
191	500.0	0.0	500.0	500.0	500.0	86.97373	14.266341	99.574394	37.09242	768000	-2.7418137e-09	182.80415	-0.006098095	-87.733116	0.42353794	0.004965969	0.0645	79.0	654.3521866798401
192	500.0	0.0	500.0	500.0	500.0	81.07969	20.04136	101.314835	35.51384	772000	9.536743e-09	104.67377	-0.0023555227	-22.451408	0.42317593	0.0027832044	0.02075	79.0	657.7339146137238
193	500.0	0.0	500.0	500.0	500.0	88.547935	15.748434	100.49075	19.452145	776000	5.722046e-09	303.9051	-0.0028122019	-150.6194	0.42263338	0.0031528305	0.0375	79.0	661.0417811870575
194	500.0	0.0	500.0	500.0	500.0	87.711845	13.122522	99.05235	48.64695	780000	3.5762786e-09	252.31447	-0.0018697665	-79.97922	0.42166263	7.4102376e-05	0.01475	79.0	664.3388595581055
195	500.0	0.0	500.0	500.0	500.0	84.971375	17.601929	98.4382	43.69088	784000	8.225441e-09	263.6598	-0.00246376	-43.57164	0.41306463	0.0016881115	0.0225	79.0	667.7155792713165
196	500.0	0.0	500.0	500.0	500.0	82.756	16.754381	99.10083	42.126915	788000	7.1525574e-10	187.2439	-0.0021858786	-13.952789	0.4103843	0.0047205524	0.04875	79.0	670.9348404407501
197	500.0	0.0	500.0	500.0	500.0	75.05834	24.08439	98.82923	15.244343	792000	8.702278e-09	231.4656	-0.0047979555	-106.73817	0.4215817	0.004495674	0.03725	79.0	674.2686159610748
198	500.0	0.0	500.0	500.0	500.0	82.02722	21.528484	99.41935	15.696023	796000	1.1920929e-09	136.38731	-0.0008540337	-11.687683	0.41554192	0.0022488546	0.01775	79.0	677.542788028717
199	500.0	0.0	500.0	500.0	500.0	76.66026	24.29863	99.13192	11.903639	800000	-4.172325e-09	105.03647	-0.004192946	-50.795284	0.40958068	0.002627245	0.02875	79.0	680.8896269798279
